mACC, mP, mR, mF1, ACC, P, R, F1
0.7012879788639366,0.6991913492478901,0.6657611504879484,0.6619300142675919
,[ 13  15  28  17  23   4  19  32   8  11  53  39  12  11  23  11  14  14
  17  12  24  18  18  20   4   6  17  15  15   7  12  20   4  19  14  17
  16  13   0  19  17   9  18  15   8  24  15  13  18  11  20   8  16  18
  12  14  18   7   0   4   9  17  22  24  17  15  10  13   1   4   6  23
  13   3   7  16  17  13  14   6  14  13  13   8  15  14  12  13  14  41
  14  40  20  20  13  44  11  17  10  16  24  14  21  17  40   9  16   4
  27  15  15   7  18  18   8  16  18  10  12  19  15  12  23  16   4  15
  24   3  38  13  12  36  25  20   1   7  27  32  12  10  16  15  20   5
 159   7  29  24  15  13  20  18  14  14   4   0  20  26  17  12  15  14
   3  21   6  15   7  28  13  15   8  18   3  15  14  10   7  18  15   9
  18  21  17  16   2  17  10  10  19  17  10  16  25  14   4  20   4  16
   3  11  17  12  12  16   6  17  22  19   9  16   9  22  16  26  11  13
  17  13   5  14  19  16   2  19  17  11  28  16   7  18  18  68   3  14
  19  11  16  17   8  38  10  16   9   9   3  15  12   3   2  20 159  24
  86  15  13  18]
,[0.72222222 0.9375     0.62222222 0.30909091 0.76666667 1.
 0.57575758 0.84210526 0.72727273 0.91666667 0.73611111 0.88636364
 0.66666667 0.91666667 0.65714286 0.78571429 0.60869565 0.66666667
 0.89473684 0.85714286 0.72727273 0.7826087  0.7826087  0.86956522
 0.5        0.42857143 0.5862069  0.65217391 0.83333333 0.30434783
 0.54545455 0.90909091 0.4        0.86363636 0.4        0.70833333
 0.84210526 0.92857143 0.         0.95       0.65384615 0.52941176
 0.81818182 0.88235294 0.8        0.92307692 0.6        0.68421053
 0.9        0.78571429 0.55555556 0.61538462 0.72727273 0.81818182
 0.66666667 0.77777778 0.72       1.         0.         0.66666667
 0.5625     0.68       0.53658537 0.85714286 0.80952381 0.9375
 0.83333333 0.8125     1.         0.57142857 0.75       0.85185185
 0.65       0.21428571 0.35       0.8        1.         0.8125
 0.4        0.75       0.66666667 0.76470588 0.72222222 0.61538462
 0.46875    0.82352941 0.92307692 1.         0.73684211 0.85416667
 0.93333333 0.85106383 0.8        1.         0.76470588 0.41904762
 1.         0.94444444 0.76923077 0.88888889 0.82758621 0.7
 0.65625    0.68       0.63492063 0.5625     0.88888889 0.44444444
 0.77142857 1.         0.83333333 0.53846154 0.94736842 1.
 0.72727273 0.88888889 0.58064516 0.71428571 0.38709677 0.9047619
 1.         0.27272727 0.85185185 0.84210526 0.18181818 0.57692308
 0.82758621 0.5        0.92682927 0.92857143 0.92307692 0.66666667
 0.65789474 0.64516129 0.14285714 0.58333333 0.79411765 0.57142857
 0.63157895 0.71428571 0.59259259 0.75       0.64516129 0.41666667
 0.98148148 0.63636364 0.6744186  0.58536585 0.68181818 0.72222222
 1.         0.81818182 0.66666667 0.73684211 0.66666667 0.
 0.76923077 0.66666667 0.31481481 0.52173913 0.83333333 0.58333333
 0.6        0.91304348 0.54545455 0.68181818 0.36842105 1.
 0.72222222 0.88235294 0.5        0.94736842 0.23076923 0.625
 0.82352941 0.66666667 0.58333333 0.94736842 0.78947368 0.375
 0.75       1.         0.5862069  0.84210526 0.1        1.
 0.76923077 0.55555556 0.76       0.89473684 0.58823529 0.66666667
 0.92592593 0.66666667 1.         0.90909091 0.8        0.72727273
 0.5        0.64705882 0.5483871  0.4        0.8        0.8
 0.75       0.65384615 0.66666667 0.86363636 0.69230769 0.5
 0.40909091 0.78571429 0.84210526 0.7027027  1.         0.86666667
 0.89473684 0.86666667 0.33333333 0.93333333 0.95       0.69565217
 0.22222222 0.55882353 0.89473684 0.6875     0.52830189 0.94117647
 0.41176471 0.85714286 0.66666667 0.66019417 0.25       0.48275862
 0.73076923 0.5        0.69565217 0.73913043 0.47058824 0.95
 0.58823529 0.88888889 0.81818182 0.9        0.42857143 0.35714286
 0.34285714 0.6        0.16666667 0.95238095 0.828125   0.85714286
 0.95555556 0.75       0.31707317 0.6       ]
,[0.65       0.75       0.90322581 0.65384615 0.76666667 0.22222222
 0.86363636 0.68085106 0.38095238 0.57894737 0.94642857 0.88636364
 0.6        0.61111111 0.92       0.57894737 0.66666667 0.66666667
 0.68       0.70588235 0.82758621 0.9        0.81818182 0.86956522
 0.17391304 0.27272727 0.85       0.68181818 0.71428571 0.33333333
 0.66666667 0.95238095 0.19047619 0.95       0.77777778 0.77272727
 0.66666667 0.59090909 0.         0.76       0.94444444 0.5
 0.72       0.6        0.47058824 0.88888889 0.78947368 0.61904762
 0.81818182 0.55       0.86956522 0.47058824 0.94117647 0.75
 0.6        0.66666667 0.81818182 0.36842105 0.         0.22222222
 0.42857143 1.         0.88       0.88888889 0.80952381 0.88235294
 0.58823529 0.59090909 0.05       0.23529412 0.3        0.95833333
 0.65       0.13043478 0.41176471 0.94117647 0.89473684 0.72222222
 0.7        0.25       0.73684211 0.76470588 0.68421053 0.47058824
 0.65217391 0.875      0.63157895 0.65       0.63636364 0.95348837
 0.73684211 0.97560976 0.86956522 0.95238095 0.72222222 0.77192982
 0.61111111 0.85       0.625      0.84210526 0.85714286 0.77777778
 0.91304348 0.85       0.74074074 0.5        0.88888889 0.23529412
 0.84375    0.88235294 0.88235294 0.41176471 0.75       0.75
 0.44444444 0.72727273 0.72       0.45454545 0.66666667 0.73076923
 0.88235294 0.57142857 1.         0.84210526 0.19047619 0.30612245
 0.92307692 0.14285714 1.         0.68421053 0.63157895 0.94736842
 0.89285714 0.83333333 0.05263158 0.36842105 0.84375    0.82051282
 0.66666667 0.55555556 0.66666667 0.68181818 0.76923077 0.29411765
 0.99375    0.41176471 0.70731707 0.68571429 0.71428571 0.56521739
 0.90909091 0.75       0.73684211 0.66666667 0.21052632 0.
 0.95238095 0.86666667 0.4047619  0.70588235 0.71428571 0.73684211
 0.16666667 1.         0.33333333 0.78947368 0.38888889 1.
 0.68421053 0.71428571 0.47058824 0.9        0.13636364 0.88235294
 0.82352941 0.45454545 0.35       0.9        0.9375     0.42857143
 0.9        0.875      0.85       0.94117647 0.0952381  1.
 0.52631579 0.55555556 0.79166667 0.73913043 0.43478261 0.69565217
 0.71428571 0.60869565 0.22222222 0.95238095 0.2        0.72727273
 0.14285714 0.55       1.         0.6        0.63157895 1.
 0.33333333 0.85       0.95652174 0.86363636 0.42857143 0.69565217
 0.47368421 0.78571429 0.76190476 0.92857143 0.64705882 0.65
 0.80952381 0.76470588 0.29411765 0.73684211 0.9047619  0.84210526
 0.125      0.86363636 0.94444444 0.55       0.93333333 0.84210526
 0.36842105 0.94736842 0.7826087  0.94444444 0.15       0.56
 0.82608696 0.55       0.88888889 0.85       0.47058824 0.92682927
 0.52631579 0.84210526 0.5        0.47368421 0.15789474 0.71428571
 0.63157895 0.17647059 0.1        1.         0.99375    1.
 0.98850575 0.78947368 0.61904762 0.81818182]
,[0.68421053 0.83333333 0.73684211 0.41975309 0.76666667 0.36363636
 0.69090909 0.75294118 0.5        0.70967742 0.828125   0.88636364
 0.63157895 0.73333333 0.76666667 0.66666667 0.63636364 0.66666667
 0.77272727 0.77419355 0.77419355 0.8372093  0.8        0.86956522
 0.25806452 0.33333333 0.69387755 0.66666667 0.76923077 0.31818182
 0.6        0.93023256 0.25806452 0.9047619  0.52830189 0.73913043
 0.74418605 0.72222222 0.         0.84444444 0.77272727 0.51428571
 0.76595745 0.71428571 0.59259259 0.90566038 0.68181818 0.65
 0.85714286 0.64705882 0.6779661  0.53333333 0.82051282 0.7826087
 0.63157895 0.71794872 0.76595745 0.53846154 0.         0.33333333
 0.48648649 0.80952381 0.66666667 0.87272727 0.80952381 0.90909091
 0.68965517 0.68421053 0.0952381  0.33333333 0.42857143 0.90196078
 0.65       0.16216216 0.37837838 0.86486486 0.94444444 0.76470588
 0.50909091 0.375      0.7        0.76470588 0.7027027  0.53333333
 0.54545455 0.84848485 0.75       0.78787879 0.68292683 0.9010989
 0.82352941 0.90909091 0.83333333 0.97560976 0.74285714 0.54320988
 0.75862069 0.89473684 0.68965517 0.86486486 0.84210526 0.73684211
 0.76363636 0.75555556 0.68376068 0.52941176 0.88888889 0.30769231
 0.80597015 0.9375     0.85714286 0.46666667 0.8372093  0.85714286
 0.55172414 0.8        0.64285714 0.55555556 0.48979592 0.80851064
 0.9375     0.36923077 0.92       0.84210526 0.18604651 0.4
 0.87272727 0.22222222 0.96202532 0.78787879 0.75       0.7826087
 0.75757576 0.72727273 0.07692308 0.4516129  0.81818182 0.67368421
 0.64864865 0.625      0.62745098 0.71428571 0.70175439 0.34482759
 0.98757764 0.5        0.69047619 0.63157895 0.69767442 0.63414634
 0.95238095 0.7826087  0.7        0.7        0.32       0.
 0.85106383 0.75362319 0.35416667 0.6        0.76923077 0.65116279
 0.26086957 0.95454545 0.4137931  0.73170732 0.37837838 1.
 0.7027027  0.78947368 0.48484848 0.92307692 0.17142857 0.73170732
 0.82352941 0.54054054 0.4375     0.92307692 0.85714286 0.4
 0.81818182 0.93333333 0.69387755 0.88888889 0.09756098 1.
 0.625      0.55555556 0.7755102  0.80952381 0.5        0.68085106
 0.80645161 0.63636364 0.36363636 0.93023256 0.32       0.72727273
 0.22222222 0.59459459 0.70833333 0.48       0.70588235 0.88888889
 0.46153846 0.73913043 0.78571429 0.86363636 0.52941176 0.58181818
 0.43902439 0.78571429 0.8        0.8        0.78571429 0.74285714
 0.85       0.8125     0.3125     0.82352941 0.92682927 0.76190476
 0.16       0.67857143 0.91891892 0.61111111 0.6746988  0.88888889
 0.38888889 0.9        0.72       0.77714286 0.1875     0.51851852
 0.7755102  0.52380952 0.7804878  0.79069767 0.47058824 0.9382716
 0.55555556 0.86486486 0.62068966 0.62068966 0.23076923 0.47619048
 0.44444444 0.27272727 0.125      0.97560976 0.90340909 0.92307692
 0.97175141 0.76923077 0.41935484 0.69230769]
