mACC, mP, mR, mF1, ACC, P, R, F1
0.7372853368560106,0.7641717899984768,0.709859084133734,0.7111994903679675
,[ 17  14  26  19  27  10  12  41  16  11  51  40  14  14  23  15   6  15
  18  16  23  18  22  19  11  10  15  13  17   8   9  20  11  17  14  14
  20  12   3  21  14   8  11  22   3  21  12  14  18  14  17  11  16  17
  14   5  18  11   1   4   9  17  19  19  18  14  14  18   9   7  16  23
  15  11   6  15  18   7  14   7  13  10  13  15  17  16  15  11  15  41
  18  39  18  21  16  47  10  18   7  19  25  12  21  19  44   7  17   1
  23  15  14  13  23  21   7  17  19  17  11  21  16  13  23  18   5  19
  24  14  38  16  13  38  24  15   5  17  30  29  14  13  20  18  20   6
 160   3  29  19  14  18  21  22  15  11   6   7  20  26   6  16  18  14
   5  19   7  14  11  27  12  19  14  20   8  15  16  15  19  18  15   8
  17  22  14  16   3  13  17   2  19  18  17  18  23  15   5  21  11  12
  13  13  16  15  10  16  11  18  17  17   7  16   6  25  13  27  11  18
  21  14   2  15  20  13   8  19  18  12  24  18   5  19  14  65   5  19
  19   5  18  14  11  40  16  17  11  14   9  12  11  12   6  20 157  24
  81  14   0  21]
,[0.48571429 0.93333333 0.74285714 0.296875   0.81818182 1.
 0.70588235 0.80392157 0.47058824 0.73333333 0.94444444 0.95238095
 0.77777778 0.93333333 0.76666667 0.83333333 0.54545455 0.65217391
 0.85714286 0.64       0.88461538 0.9        0.88       0.79166667
 0.84615385 0.83333333 0.78947368 0.8125     1.         0.61538462
 1.         0.90909091 0.78571429 1.         0.63636364 1.
 0.58823529 1.         0.5        0.91304348 0.73684211 0.53333333
 0.78571429 0.66666667 0.6        0.95454545 0.75       0.73684211
 0.75       0.77777778 0.70833333 0.78571429 0.88888889 1.
 0.77777778 0.83333333 0.94736842 0.78571429 1.         1.
 0.5        1.         0.9047619  0.95       0.94736842 0.875
 0.875      0.69230769 0.75       0.58333333 0.47058824 0.88461538
 0.78947368 0.52380952 0.6        0.88235294 0.75       0.77777778
 0.63636364 0.77777778 0.68421053 0.76923077 1.         0.83333333
 0.48571429 0.94117647 0.88235294 0.91666667 0.75       0.69491525
 0.72       0.8125     0.75       0.75       0.84210526 0.72307692
 0.90909091 1.         0.875      0.82608696 0.69444444 0.85714286
 0.80769231 0.7037037  0.43137255 1.         0.89473684 0.5
 0.95833333 1.         0.93333333 1.         0.85185185 0.875
 0.41176471 1.         0.9047619  0.77272727 0.34375    0.63636364
 0.61538462 0.8125     0.92       0.81818182 0.55555556 0.61290323
 0.48       0.46666667 0.97435897 0.55172414 0.92857143 0.62295082
 0.64864865 0.9375     0.71428571 0.70833333 0.76923077 0.96666667
 0.77777778 0.92857143 0.48780488 0.75       0.625      0.75
 0.79207921 1.         0.58       0.86363636 0.58333333 0.7826087
 1.         0.91666667 0.68181818 0.78571429 0.75       0.4375
 0.86956522 0.52       0.18181818 0.94117647 0.81818182 0.66666667
 0.71428571 0.9047619  0.875      0.77777778 0.91666667 0.9
 0.8        0.95       0.56       0.95238095 0.33333333 0.6
 1.         0.83333333 0.67857143 0.94736842 0.83333333 0.32
 0.5862069  1.         0.7        0.59259259 0.42857143 0.86666667
 0.56666667 0.5        0.95       0.72       0.41463415 0.69230769
 0.88461538 0.75       0.83333333 0.75       0.84615385 0.8
 0.38235294 0.8125     0.94117647 0.65217391 1.         0.88888889
 1.         0.6        0.80952381 1.         0.7        0.8
 0.66666667 0.92592593 1.         0.9        1.         0.75
 0.75       0.93333333 0.33333333 0.75       0.76923077 0.8125
 0.72727273 0.55882353 0.9        0.85714286 0.82758621 0.81818182
 0.625      0.86363636 0.63636364 0.84415584 0.38461538 0.55882353
 0.95       0.83333333 0.375      1.         0.91666667 0.86956522
 0.55172414 0.89473684 0.61111111 0.73684211 0.9        0.8
 1.         0.8        0.42857143 0.86956522 0.8134715  0.82758621
 0.58273381 0.66666667 0.         0.53846154]
,[0.85       0.7        0.83870968 0.73076923 0.9        0.55555556
 0.54545455 0.87234043 0.76190476 0.57894737 0.91071429 0.90909091
 0.7        0.77777778 0.92       0.78947368 0.28571429 0.71428571
 0.72       0.94117647 0.79310345 0.9        1.         0.82608696
 0.47826087 0.45454545 0.75       0.59090909 0.80952381 0.38095238
 0.5        0.95238095 0.52380952 0.85       0.77777778 0.63636364
 0.83333333 0.54545455 0.17647059 0.84       0.77777778 0.44444444
 0.44       0.88       0.17647059 0.77777778 0.63157895 0.66666667
 0.81818182 0.7        0.73913043 0.64705882 0.94117647 0.70833333
 0.7        0.23809524 0.81818182 0.57894737 0.05882353 0.22222222
 0.42857143 1.         0.76       0.7037037  0.85714286 0.82352941
 0.82352941 0.81818182 0.45       0.41176471 0.8        0.95833333
 0.75       0.47826087 0.35294118 0.88235294 0.94736842 0.38888889
 0.7        0.29166667 0.68421053 0.58823529 0.68421053 0.88235294
 0.73913043 1.         0.78947368 0.55       0.68181818 0.95348837
 0.94736842 0.95121951 0.7826087  1.         0.88888889 0.8245614
 0.55555556 0.9        0.4375     1.         0.89285714 0.66666667
 0.91304348 0.95       0.81481481 0.38888889 0.94444444 0.05882353
 0.71875    0.88235294 0.82352941 0.76470588 0.95833333 0.875
 0.38888889 0.77272727 0.76       0.77272727 0.61111111 0.80769231
 0.94117647 0.61904762 1.         0.94736842 0.23809524 0.3877551
 0.92307692 0.66666667 1.         0.84210526 0.68421053 1.
 0.85714286 0.625      0.26315789 0.89473684 0.9375     0.74358974
 0.77777778 0.72222222 0.83333333 0.81818182 0.76923077 0.35294118
 1.         0.17647059 0.70731707 0.54285714 0.66666667 0.7826087
 0.95454545 0.91666667 0.78947368 0.52380952 0.31578947 0.35
 0.95238095 0.86666667 0.14285714 0.94117647 0.85714286 0.73684211
 0.27777778 0.9047619  0.38888889 0.73684211 0.61111111 0.96428571
 0.63157895 0.9047619  0.82352941 1.         0.36363636 0.88235294
 0.94117647 0.68181818 0.95       0.9        0.9375     0.38095238
 0.85       0.91666667 0.7        0.94117647 0.14285714 0.76470588
 0.89473684 0.11111111 0.79166667 0.7826087  0.73913043 0.7826087
 0.65714286 0.65217391 0.27777778 1.         0.55       0.54545455
 0.61904762 0.65       0.94117647 0.75       0.52631579 1.
 0.61111111 0.9        0.73913043 0.77272727 0.33333333 0.69565217
 0.31578947 0.89285714 0.61904762 0.96428571 0.64705882 0.9
 1.         0.82352941 0.11764706 0.78947368 0.95238095 0.68421053
 0.5        0.86363636 1.         0.6        0.8        0.94736842
 0.26315789 1.         0.60869565 0.90277778 0.25       0.76
 0.82608696 0.25       1.         0.7        0.64705882 0.97560976
 0.84210526 0.89473684 0.61111111 0.73684211 0.47368421 0.57142857
 0.57894737 0.70588235 0.3        1.         0.98125    1.
 0.93103448 0.73684211 0.         0.95454545]
,[0.61818182 0.8        0.78787879 0.42222222 0.85714286 0.71428571
 0.61538462 0.83673469 0.58181818 0.64705882 0.92727273 0.93023256
 0.73684211 0.84848485 0.83636364 0.81081081 0.375      0.68181818
 0.7826087  0.76190476 0.83636364 0.9        0.93617021 0.80851064
 0.61111111 0.58823529 0.76923077 0.68421053 0.89473684 0.47058824
 0.66666667 0.93023256 0.62857143 0.91891892 0.7        0.77777778
 0.68965517 0.70588235 0.26086957 0.875      0.75675676 0.48484848
 0.56410256 0.75862069 0.27272727 0.85714286 0.68571429 0.7
 0.7826087  0.73684211 0.72340426 0.70967742 0.91428571 0.82926829
 0.73684211 0.37037037 0.87804878 0.66666667 0.11111111 0.36363636
 0.46153846 1.         0.82608696 0.80851064 0.9        0.84848485
 0.84848485 0.75       0.5625     0.48275862 0.59259259 0.92
 0.76923077 0.5        0.44444444 0.88235294 0.8372093  0.51851852
 0.66666667 0.42424242 0.68421053 0.66666667 0.8125     0.85714286
 0.5862069  0.96969697 0.83333333 0.6875     0.71428571 0.80392157
 0.81818182 0.87640449 0.76595745 0.85714286 0.86486486 0.7704918
 0.68965517 0.94736842 0.58333333 0.9047619  0.78125    0.75
 0.85714286 0.80851064 0.56410256 0.56       0.91891892 0.10526316
 0.82142857 0.9375     0.875      0.86666667 0.90196078 0.875
 0.4        0.87179487 0.82608696 0.77272727 0.44       0.71186441
 0.74418605 0.7027027  0.95833333 0.87804878 0.33333333 0.475
 0.63157895 0.54901961 0.98701299 0.66666667 0.78787879 0.76767677
 0.73846154 0.75       0.38461538 0.79069767 0.84507042 0.84057971
 0.77777778 0.8125     0.61538462 0.7826087  0.68965517 0.48
 0.8839779  0.3        0.63736264 0.66666667 0.62222222 0.7826087
 0.97674419 0.91666667 0.73170732 0.62857143 0.44444444 0.38888889
 0.90909091 0.65       0.16       0.94117647 0.8372093  0.7
 0.4        0.9047619  0.53846154 0.75675676 0.73333333 0.93103448
 0.70588235 0.92682927 0.66666667 0.97560976 0.34782609 0.71428571
 0.96969697 0.75       0.79166667 0.92307692 0.88235294 0.34782609
 0.69387755 0.95652174 0.7        0.72727273 0.21428571 0.8125
 0.69387755 0.18181818 0.86363636 0.75       0.53125    0.73469388
 0.75409836 0.69767442 0.41666667 0.85714286 0.66666667 0.64864865
 0.47272727 0.72222222 0.94117647 0.69767442 0.68965517 0.94117647
 0.75862069 0.72       0.77272727 0.87179487 0.4516129  0.74418605
 0.42857143 0.90909091 0.76470588 0.93103448 0.78571429 0.81818182
 0.85714286 0.875      0.17391304 0.76923077 0.85106383 0.74285714
 0.59259259 0.67857143 0.94736842 0.70588235 0.81355932 0.87804878
 0.37037037 0.92682927 0.62222222 0.87248322 0.3030303  0.6440678
 0.88372093 0.38461538 0.54545455 0.82352941 0.75862069 0.91954023
 0.66666667 0.89473684 0.61111111 0.73684211 0.62068966 0.66666667
 0.73333333 0.75       0.35294118 0.93023256 0.88951841 0.90566038
 0.71681416 0.7        0.         0.68852459]
