mACC, mP, mR, mF1, ACC, P, R, F1
0.5984147952443857,0.6058819836891532,0.5580965573428929,0.5504968512095657
,[ 17  15  26   0  27   7   2  35   3  10  50  41  14  16   8  15   7  10
   4  16  23  18   6  16   7   1  18  14  14   3   2  20   0  18  15  16
  16  12   2  20  13   0  15   1   8  23   0  12   0  11  17  15  17   8
  11   0  17   6   0   7   8  16  18  22   3  15  13  15   0   5   0  21
  16   0   5  12  18   7   0  12  13   7  11  12   7  10  12  12   5  43
  12  36  16  20  13  45  15  15  11  14  26   0   6  18  40  11  13   0
  22  14  15   0  19  21   5  19   0   9   0  20  15  11  23  14   0  13
  24  12  38  14  14  29  26  16   0  17  21  26  11  14  11  15  22   8
 159   1  28  19  12  15  22  17  12  11   0   0  20  24  11  10  18   2
   5  13   0  14   0  26  12  16   4  20   4  13  15   0   3  18  11  13
  15  23   0  16   5  13  15   0  17  18   0  12   8  13   2  11   5  16
   2  17  17   7  13  15   0  19  16  11   2   2   6  23  18  27  11  15
   0  10   6  12  18  14   0  22  17   9  25  10   2  17   5  67   0   0
  19  16  14  14   0  39  15  16   8   6   5  13  10  13   0  19 159   0
  66  15  17  16]
,[0.62962963 0.78947368 0.57777778 0.         0.69230769 0.63636364
 0.66666667 0.72916667 1.         0.90909091 0.81967213 0.75925926
 0.38888889 0.94117647 0.8        0.78947368 0.23333333 0.76923077
 1.         1.         0.65714286 0.75       0.5        1.
 0.53846154 1.         0.48648649 0.60869565 0.82352941 0.5
 0.06451613 0.83333333 0.         0.9        0.51724138 0.66666667
 0.66666667 0.85714286 0.08695652 0.90909091 0.8125     0.
 0.53571429 1.         0.8        0.79310345 0.         0.32432432
 0.         0.78571429 0.85       0.625      0.80952381 0.88888889
 0.84615385 0.         0.73913043 0.75       0.         0.63636364
 0.13333333 0.94117647 1.         0.91666667 0.75       0.78947368
 0.8125     0.75       0.         0.625      0.         0.84
 0.29090909 0.         0.41666667 0.92307692 0.9        0.875
 0.         0.4        0.68421053 0.875      0.78571429 0.54545455
 0.875      0.76923077 0.85714286 1.         0.83333333 0.64179104
 1.         0.8        0.94117647 0.90909091 0.61904762 0.47368421
 0.88235294 0.9375     0.78571429 0.77777778 0.4        0.
 1.         0.64285714 0.51282051 0.91666667 1.         0.
 0.78571429 0.63636364 0.625      0.         0.7037037  0.80769231
 0.45454545 0.9047619  0.         0.81818182 0.         0.625
 0.9375     0.5        0.88461538 0.875      0.         0.16883117
 0.57142857 0.48       0.84444444 0.63636364 0.93333333 0.70731707
 0.76470588 0.88888889 0.         0.80952381 0.80769231 0.59090909
 0.84615385 0.53846154 0.84615385 0.83333333 0.61111111 0.25806452
 0.70666667 1.         0.59574468 0.38       0.85714286 0.75
 0.64705882 0.94444444 1.         0.84615385 0.         0.
 0.8        0.48979592 0.1122449  0.90909091 0.66666667 0.125
 0.41666667 0.92857143 0.         0.875      0.         0.52
 0.92307692 0.94117647 0.2        0.83333333 0.5        0.68421053
 0.9375     0.         0.17647059 0.9        0.84615385 0.40625
 0.9375     0.85185185 0.         0.8        0.03546099 0.86666667
 0.6        0.         0.80952381 0.9        0.         0.8
 0.42105263 0.86666667 0.16666667 0.91666667 0.83333333 0.64
 0.13333333 0.5        0.94444444 0.77777778 0.37142857 0.83333333
 0.         0.27142857 0.76190476 0.91666667 0.33333333 0.33333333
 0.15789474 0.76666667 0.75       0.81818182 1.         0.9375
 0.         0.90909091 0.31578947 0.85714286 0.94736842 0.66666667
 0.         0.44897959 0.73913043 1.         0.51020408 0.90909091
 0.13333333 1.         0.55555556 0.66336634 0.         0.
 0.7037037  0.5        0.63636364 0.51851852 0.         0.82978723
 0.55555556 0.94117647 0.88888889 0.85714286 0.38461538 0.68421053
 0.66666667 0.28888889 0.         0.95       0.66527197 0.
 0.63461538 0.75       0.39534884 0.41025641]
,[0.85       0.75       0.83870968 0.         0.9        0.38888889
 0.09090909 0.74468085 0.14285714 0.52631579 0.89285714 0.93181818
 0.7        0.88888889 0.32       0.78947368 0.33333333 0.47619048
 0.16       0.94117647 0.79310345 0.9        0.27272727 0.69565217
 0.30434783 0.04545455 0.9        0.63636364 0.66666667 0.14285714
 0.11111111 0.95238095 0.         0.9        0.83333333 0.72727273
 0.66666667 0.54545455 0.11764706 0.8        0.72222222 0.
 0.6        0.04       0.47058824 0.85185185 0.         0.57142857
 0.         0.55       0.73913043 0.88235294 1.         0.33333333
 0.55       0.         0.77272727 0.31578947 0.         0.38888889
 0.38095238 0.94117647 0.72       0.81481481 0.14285714 0.88235294
 0.76470588 0.68181818 0.         0.29411765 0.         0.875
 0.8        0.         0.29411765 0.70588235 0.94736842 0.38888889
 0.         0.5        0.68421053 0.41176471 0.57894737 0.70588235
 0.30434783 0.625      0.63157895 0.6        0.22727273 1.
 0.63157895 0.87804878 0.69565217 0.95238095 0.72222222 0.78947368
 0.83333333 0.75       0.6875     0.73684211 0.92857143 0.
 0.26086957 0.9        0.74074074 0.61111111 0.72222222 0.
 0.6875     0.82352941 0.88235294 0.         0.79166667 0.875
 0.27777778 0.86363636 0.         0.40909091 0.         0.76923077
 0.88235294 0.52380952 1.         0.73684211 0.         0.26530612
 0.92307692 0.57142857 1.         0.73684211 0.73684211 0.76315789
 0.92857143 0.66666667 0.         0.89473684 0.65625    0.66666667
 0.61111111 0.77777778 0.45833333 0.68181818 0.84615385 0.47058824
 0.99375    0.05882353 0.68292683 0.54285714 0.57142857 0.65217391
 1.         0.70833333 0.63157895 0.52380952 0.         0.
 0.95238095 0.8        0.26190476 0.58823529 0.85714286 0.10526316
 0.27777778 0.61904762 0.         0.73684211 0.         0.92857143
 0.63157895 0.76190476 0.23529412 1.         0.18181818 0.76470588
 0.88235294 0.         0.15       0.9        0.6875     0.61904762
 0.75       0.95833333 0.         0.94117647 0.23809524 0.76470588
 0.78947368 0.         0.70833333 0.7826087  0.         0.52173913
 0.22857143 0.56521739 0.11111111 0.52380952 0.25       0.72727273
 0.0952381  0.85       1.         0.35       0.68421053 0.9375
 0.         0.95       0.69565217 0.5        0.0952381  0.08695652
 0.31578947 0.82142857 0.85714286 0.96428571 0.64705882 0.75
 0.         0.58823529 0.35294118 0.63157895 0.85714286 0.73684211
 0.         1.         0.94444444 0.45       0.83333333 0.52631579
 0.10526316 0.89473684 0.2173913  0.93055556 0.         0.
 0.82608696 0.8        0.77777778 0.7        0.         0.95121951
 0.78947368 0.84210526 0.44444444 0.31578947 0.26315789 0.61904762
 0.52631579 0.76470588 0.         0.95       0.99375    0.
 0.75862069 0.78947368 0.80952381 0.72727273]
,[0.72340426 0.76923077 0.68421053 0.         0.7826087  0.48275862
 0.16       0.73684211 0.25       0.66666667 0.85470085 0.83673469
 0.5        0.91428571 0.45714286 0.78947368 0.2745098  0.58823529
 0.27586207 0.96969697 0.71875    0.81818182 0.35294118 0.82051282
 0.38888889 0.08695652 0.63157895 0.62222222 0.73684211 0.22222222
 0.08163265 0.88888889 0.         0.9        0.63829787 0.69565217
 0.66666667 0.66666667 0.1        0.85106383 0.76470588 0.
 0.56603774 0.07692308 0.59259259 0.82142857 0.         0.4137931
 0.         0.64705882 0.79069767 0.73170732 0.89473684 0.48484848
 0.66666667 0.         0.75555556 0.44444444 0.         0.48275862
 0.19753086 0.94117647 0.8372093  0.8627451  0.24       0.83333333
 0.78787879 0.71428571 0.         0.4        0.         0.85714286
 0.42666667 0.         0.34482759 0.8        0.92307692 0.53846154
 0.         0.44444444 0.68421053 0.56       0.66666667 0.61538462
 0.4516129  0.68965517 0.72727273 0.75       0.35714286 0.78181818
 0.77419355 0.8372093  0.8        0.93023256 0.66666667 0.59210526
 0.85714286 0.83333333 0.73333333 0.75675676 0.55913978 0.
 0.4137931  0.75       0.60606061 0.73333333 0.83870968 0.
 0.73333333 0.71794872 0.73170732 0.         0.74509804 0.84
 0.34482759 0.88372093 0.         0.54545455 0.         0.68965517
 0.90909091 0.51162791 0.93877551 0.8        0.         0.20634921
 0.70588235 0.52173913 0.91566265 0.68292683 0.82352941 0.73417722
 0.83870968 0.76190476 0.         0.85       0.72413793 0.62650602
 0.70967742 0.63636364 0.59459459 0.75       0.70967742 0.33333333
 0.82597403 0.11111111 0.63636364 0.44705882 0.68571429 0.69767442
 0.78571429 0.80952381 0.77419355 0.64705882 0.         0.
 0.86956522 0.60759494 0.15714286 0.71428571 0.75       0.11428571
 0.33333333 0.74285714 0.         0.8        0.         0.66666667
 0.75       0.84210526 0.21621622 0.90909091 0.26666667 0.72222222
 0.90909091 0.         0.16216216 0.9        0.75862069 0.49056604
 0.83333333 0.90196078 0.         0.86486486 0.0617284  0.8125
 0.68181818 0.         0.75555556 0.8372093  0.         0.63157895
 0.2962963  0.68421053 0.13333333 0.66666667 0.38461538 0.68085106
 0.11111111 0.62962963 0.97142857 0.48275862 0.48148148 0.88235294
 0.         0.42222222 0.72727273 0.64705882 0.14814815 0.13793103
 0.21052632 0.79310345 0.8        0.8852459  0.78571429 0.83333333
 0.         0.71428571 0.33333333 0.72727273 0.9        0.7
 0.         0.61971831 0.82926829 0.62068966 0.63291139 0.66666667
 0.11764706 0.94444444 0.3125     0.77456647 0.         0.
 0.76       0.61538462 0.7        0.59574468 0.         0.88636364
 0.65217391 0.88888889 0.59259259 0.46153846 0.3125     0.65
 0.58823529 0.41935484 0.         0.95       0.79699248 0.
 0.69109948 0.76923077 0.53125    0.52459016]
