mACC, mP, mR, mF1, ACC, P, R, F1
0.7220937912813739,0.7313178061602333,0.6897448579884058,0.6881905845288792
,[  0  17  24   4  28  12  17  38   8  12  51  42  15  12  25  15   7  12
  18  16  27  19  17  15   0  12  17  20  16   8  11  19  12  20  13  21
  21  14   3  22  16   6  17  18  12  22  15  11  20  10  19  16  17  19
  15  12  12  10   0   3  14  17  21  24  20  14  13  18   0   6   9  22
  15  10   4  14  17  14  15   6  13  12  12  15  21  15  14  14  14  42
  12  39  18  20  17  50  12  16  13  19  25   0  22  17  41   9  14   4
  28  14  14  13  20  20   4  14  17  13   4  23  14  12  22  17   0  12
  25  13  38  17  14  35  26  19   3  12  30  31  10  14  16  15  20  10
 160   3  31  20  13  13  20  21  15  10   9   5  18  25   4  12  17  16
   4  18   6  14   9  28  15  18  14  20   9  13  14  15  11  18  12  11
  15  22  16  16   9  14  15   7  21  16  15  16  28  15   4  21   8  13
   3  13  17   9  12  15   5  16  18  16   6  19   6  23  14  28   9  18
  13   9   7  14  19  13   4  21  17  12  28  15   6  19  19  65   1  21
  18  14  18  14   3  39  17  16  10  14   8  15  10  11   0  20 160  24
  87  13  11  17]
,[0.         0.85       0.8        0.28571429 0.8        0.92307692
 0.77272727 0.79166667 0.8        0.85714286 0.89473684 0.93333333
 0.71428571 0.85714286 0.78125    0.75       0.875      0.85714286
 0.72       0.88888889 0.77142857 0.59375    0.94444444 1.
 0.         0.54545455 0.85       0.8        0.69565217 0.5
 0.61111111 0.76       0.75       1.         0.61904762 0.91304348
 0.80769231 0.82352941 0.75       1.         0.76190476 1.
 0.80952381 0.9        0.63157895 0.75862069 0.78947368 0.52380952
 0.625      1.         0.67857143 0.72727273 0.77272727 0.7037037
 1.         0.66666667 0.92307692 0.41666667 0.         1.
 0.4516129  0.80952381 0.875      0.77419355 0.86956522 1.
 0.48148148 0.58064516 0.         0.85714286 0.81818182 0.84615385
 0.83333333 0.625      0.30769231 1.         0.85       1.
 0.33333333 0.54545455 0.8125     0.75       0.8        0.83333333
 0.56756757 0.83333333 0.93333333 0.77777778 0.66666667 0.75
 1.         0.75       0.72       0.95238095 0.56666667 0.47619048
 0.75       1.         0.56521739 0.82608696 0.78125    0.
 0.88       0.80952381 0.77358491 0.9        1.         0.8
 0.84848485 0.93333333 0.875      1.         0.86956522 0.95238095
 0.44444444 0.93333333 0.94444444 0.72222222 1.         0.74193548
 0.875      0.5        0.91666667 0.65384615 0.         0.42857143
 0.65789474 0.59090909 0.97435897 0.65384615 0.93333333 0.66037736
 0.7027027  0.76       0.33333333 0.92307692 0.88235294 0.62
 0.83333333 0.93333333 0.64       0.88235294 0.55555556 0.23255814
 0.91954023 0.6        0.57407407 0.8        0.76470588 0.8125
 0.90909091 0.84       0.9375     0.66666667 0.40909091 0.625
 0.94736842 0.78125    0.25       0.8        0.60714286 0.61538462
 0.57142857 0.75       1.         0.5        0.6        0.77777778
 0.5        0.9        0.37837838 0.66666667 0.23076923 0.86666667
 0.875      0.9375     0.61111111 1.         1.         0.36666667
 0.68181818 0.88       0.84210526 0.69565217 0.1097561  1.
 0.625      0.4375     0.65625    0.94117647 0.625      0.88888889
 0.77777778 0.83333333 0.17391304 0.80769231 0.88888889 0.8125
 0.5        0.56521739 0.73913043 0.9        0.63157895 0.83333333
 0.83333333 0.84210526 0.75       1.         0.46153846 0.79166667
 0.66666667 0.74193548 0.93333333 0.84848485 1.         0.75
 0.92857143 1.         0.77777778 0.875      1.         0.86666667
 0.5        0.56756757 0.80952381 0.75       0.8        0.88235294
 0.35294118 1.         0.42222222 0.71428571 0.2        0.56756757
 0.94736842 0.7        0.5        1.         0.375      0.975
 0.5483871  1.         0.90909091 0.82352941 0.88888889 0.68181818
 0.76923077 0.6875     0.         0.95238095 0.69264069 0.85714286
 0.69047619 0.92857143 0.78571429 0.51515152]
,[0.         0.85       0.77419355 0.15384615 0.93333333 0.66666667
 0.77272727 0.80851064 0.38095238 0.63157895 0.91071429 0.95454545
 0.75       0.66666667 1.         0.78947368 0.33333333 0.57142857
 0.72       0.94117647 0.93103448 0.95       0.77272727 0.65217391
 0.         0.54545455 0.85       0.90909091 0.76190476 0.38095238
 0.61111111 0.9047619  0.57142857 1.         0.72222222 0.95454545
 0.875      0.63636364 0.17647059 0.88       0.88888889 0.33333333
 0.68       0.72       0.70588235 0.81481481 0.78947368 0.52380952
 0.90909091 0.5        0.82608696 0.94117647 1.         0.79166667
 0.75       0.57142857 0.54545455 0.52631579 0.         0.16666667
 0.66666667 1.         0.84       0.88888889 0.95238095 0.82352941
 0.76470588 0.81818182 0.         0.35294118 0.45       0.91666667
 0.75       0.43478261 0.23529412 0.82352941 0.89473684 0.77777778
 0.75       0.25       0.68421053 0.70588235 0.63157895 0.88235294
 0.91304348 0.9375     0.73684211 0.7        0.63636364 0.97674419
 0.63157895 0.95121951 0.7826087  0.95238095 0.94444444 0.87719298
 0.66666667 0.8        0.8125     1.         0.89285714 0.
 0.95652174 0.85       0.75925926 0.5        0.77777778 0.23529412
 0.875      0.82352941 0.82352941 0.76470588 0.83333333 0.83333333
 0.22222222 0.63636364 0.68       0.59090909 0.22222222 0.88461538
 0.82352941 0.57142857 0.95652174 0.89473684 0.         0.24489796
 0.96153846 0.61904762 1.         0.89473684 0.73684211 0.92105263
 0.92857143 0.79166667 0.15789474 0.63157895 0.9375     0.79487179
 0.55555556 0.77777778 0.66666667 0.68181818 0.76923077 0.58823529
 1.         0.17647059 0.75609756 0.57142857 0.61904762 0.56521739
 0.90909091 0.875      0.78947368 0.47619048 0.47368421 0.25
 0.85714286 0.83333333 0.0952381  0.70588235 0.80952381 0.84210526
 0.22222222 0.85714286 0.33333333 0.73684211 0.5        1.
 0.78947368 0.85714286 0.82352941 1.         0.40909091 0.76470588
 0.82352941 0.68181818 0.55       0.9        0.75       0.52380952
 0.75       0.91666667 0.8        0.94117647 0.42857143 0.82352941
 0.78947368 0.38888889 0.875      0.69565217 0.65217391 0.69565217
 0.8        0.65217391 0.22222222 1.         0.4        0.59090909
 0.14285714 0.65       1.         0.45       0.63157895 0.9375
 0.27777778 0.8        0.7826087  0.72727273 0.28571429 0.82608696
 0.31578947 0.82142857 0.66666667 1.         0.52941176 0.9
 0.61904762 0.52941176 0.41176471 0.73684211 0.9047619  0.68421053
 0.25       0.95454545 0.94444444 0.6        0.93333333 0.78947368
 0.31578947 1.         0.82608696 0.90277778 0.05       0.84
 0.7826087  0.7        1.         0.7        0.17647059 0.95121951
 0.89473684 0.84210526 0.55555556 0.73684211 0.42105263 0.71428571
 0.52631579 0.64705882 0.         1.         1.         1.
 1.         0.68421053 0.52380952 0.77272727]
,[0.         0.85       0.78688525 0.2        0.86153846 0.77419355
 0.77272727 0.8        0.51612903 0.72727273 0.90265487 0.94382022
 0.73170732 0.75       0.87719298 0.76923077 0.48275862 0.68571429
 0.72       0.91428571 0.84375    0.73076923 0.85       0.78947368
 0.         0.54545455 0.85       0.85106383 0.72727273 0.43243243
 0.61111111 0.82608696 0.64864865 1.         0.66666667 0.93333333
 0.84       0.71794872 0.28571429 0.93617021 0.82051282 0.5
 0.73913043 0.8        0.66666667 0.78571429 0.78947368 0.52380952
 0.74074074 0.66666667 0.74509804 0.82051282 0.87179487 0.74509804
 0.85714286 0.61538462 0.68571429 0.46511628 0.         0.28571429
 0.53846154 0.89473684 0.85714286 0.82758621 0.90909091 0.90322581
 0.59090909 0.67924528 0.         0.5        0.58064516 0.88
 0.78947368 0.51282051 0.26666667 0.90322581 0.87179487 0.875
 0.46153846 0.34285714 0.74285714 0.72727273 0.70588235 0.85714286
 0.7        0.88235294 0.82352941 0.73684211 0.65116279 0.84848485
 0.77419355 0.83870968 0.75       0.95238095 0.70833333 0.61728395
 0.70588235 0.88888889 0.66666667 0.9047619  0.83333333 0.
 0.91666667 0.82926829 0.76635514 0.64285714 0.875      0.36363636
 0.86153846 0.875      0.84848485 0.86666667 0.85106383 0.88888889
 0.2962963  0.75675676 0.79069767 0.65       0.36363636 0.80701754
 0.84848485 0.53333333 0.93617021 0.75555556 0.         0.31168831
 0.78125    0.60465116 0.98701299 0.75555556 0.82352941 0.76923077
 0.8        0.7755102  0.21428571 0.75       0.90909091 0.69662921
 0.66666667 0.84848485 0.65306122 0.76923077 0.64516129 0.33333333
 0.95808383 0.27272727 0.65263158 0.66666667 0.68421053 0.66666667
 0.90909091 0.85714286 0.85714286 0.55555556 0.43902439 0.35714286
 0.9        0.80645161 0.13793103 0.75       0.69387755 0.71111111
 0.32       0.8        0.5        0.59574468 0.54545455 0.875
 0.6122449  0.87804878 0.51851852 0.8        0.29508197 0.8125
 0.84848485 0.78947368 0.57894737 0.94736842 0.85714286 0.43137255
 0.71428571 0.89795918 0.82051282 0.8        0.17475728 0.90322581
 0.69767442 0.41176471 0.75       0.8        0.63829787 0.7804878
 0.78873239 0.73170732 0.19512195 0.89361702 0.55172414 0.68421053
 0.22222222 0.60465116 0.85       0.6        0.63157895 0.88235294
 0.41666667 0.82051282 0.76595745 0.84210526 0.35294118 0.80851064
 0.42857143 0.77966102 0.77777778 0.91803279 0.69230769 0.81818182
 0.74285714 0.69230769 0.53846154 0.8        0.95       0.76470588
 0.33333333 0.71186441 0.87179487 0.66666667 0.86153846 0.83333333
 0.33333333 1.         0.55882353 0.79754601 0.08       0.67741935
 0.85714286 0.7        0.66666667 0.82352941 0.24       0.96296296
 0.68       0.91428571 0.68965517 0.77777778 0.57142857 0.69767442
 0.625      0.66666667 0.         0.97560976 0.81841432 0.92307692
 0.81690141 0.78787879 0.62857143 0.61818182]
