mACC, mP, mR, mF1, ACC, P, R, F1
0.7509907529722589,0.7576849401946378,0.7266391628738211,0.727262174244953
,[ 16  12  25  16  26  15  18  38  14  14  48  41  15  12  23   8   9  15
  19  11  21  19  18  17   7  11  14   9  16  11  11  19  13  20  14  20
  21  15   7  22  16   8  18  11   7  20  12  12  19  16  16  11  16  19
  13   7  20  11   7   5  10  17  22  25  19  15  11  18  14   6  13  24
  16  10   8  13  17  15   8  11  13  15  13  15  14  15  15  14  15  43
  17  39  16  20  17  47  15  17  13  17  25  11  21  18  38  13  17   1
  26  14  13  11  19  23   9  17  17  15   7  21  15  14  23  18   4  18
  25  10  38  16  15  35  24  16   8  13  32  35  11  15  22  16  18   5
 160   4  26  29  16  18  19  19  14  19  12  11  21  23  23  17  19  12
   8  19   9  15   7  27  12  19   9  18   5  13  14  15  16  19  16  10
  15  23  18  16   6  12  12  12  20  16   8  17  26  16   4  19  12  13
   8  15  16  14  14  15  14  14  17  18  12  16   9  18  18  26  12  13
  19  13   2  15  21  15  12  19  15  12  25  17   8  19  18  62  10  23
  17  11  18  16  10  37  17  17  14  15  11  14  12  12   7  20 152  24
  87  12   8  17]
,[0.84210526 0.92307692 0.5        0.66666667 0.86666667 0.78947368
 0.38297872 0.79166667 0.51851852 0.93333333 0.94117647 0.78846154
 0.88235294 0.92307692 0.71875    0.8        0.69230769 0.78947368
 0.86363636 0.78571429 0.875      0.7037037  0.85714286 0.94444444
 0.77777778 0.78571429 0.82352941 0.26470588 0.72727273 0.78571429
 0.78571429 0.9047619  0.86666667 0.90909091 0.4375     0.8
 0.7        0.88235294 1.         0.88       0.84210526 0.61538462
 0.66666667 0.78571429 0.7        0.83333333 0.63157895 0.6
 0.95       0.64       0.8        0.91666667 0.76190476 0.79166667
 0.8125     0.77777778 0.64516129 0.37931034 0.7        0.625
 0.5        0.89473684 0.78571429 0.96153846 0.7037037  0.75
 0.84615385 0.62068966 0.58333333 0.66666667 0.86666667 0.8
 0.94117647 0.55555556 0.53333333 0.92857143 1.         1.
 0.61538462 0.78571429 1.         0.45454545 0.92857143 0.78947368
 0.48275862 0.88235294 0.65217391 0.875      0.51724138 0.7962963
 0.73913043 0.92857143 0.8        1.         0.89473684 0.75806452
 0.71428571 0.94444444 0.8125     0.89473684 0.73529412 0.91666667
 0.91304348 0.75       0.49350649 0.92857143 0.94444444 0.5
 0.72222222 0.82352941 0.92857143 1.         0.95       0.95833333
 0.81818182 0.89473684 0.85       0.83333333 0.77777778 0.7
 0.6        0.875      0.88461538 0.94736842 0.44444444 0.48648649
 0.45454545 0.55555556 1.         0.72727273 0.9375     0.81395349
 1.         0.57142857 0.47058824 1.         0.82051282 0.7
 0.84615385 0.83333333 0.4        0.76190476 0.69230769 0.71428571
 0.98159509 0.57142857 0.83870968 0.65909091 0.66666667 0.5625
 0.82608696 0.86363636 0.77777778 0.73076923 0.63157895 0.57894737
 0.80769231 0.65714286 0.45098039 0.89473684 0.52777778 0.75
 0.53333333 0.95       0.69230769 0.45454545 1.         0.93103448
 0.92307692 0.9047619  0.75       1.         0.41666667 0.56521739
 0.77777778 0.53571429 0.8        0.86363636 0.94117647 0.625
 0.68181818 0.88461538 0.69230769 0.84210526 0.3        1.
 0.8        0.375      0.90909091 0.76190476 0.47058824 0.65384615
 0.83870968 0.84210526 0.36363636 0.82608696 0.6        0.86666667
 0.57142857 0.71428571 0.88888889 0.73684211 0.875      0.9375
 0.7        0.60869565 1.         1.         0.70588235 0.8
 0.45       0.9        0.9        0.78787879 0.85714286 0.61904762
 0.7037037  1.         0.66666667 0.78947368 0.80769231 0.71428571
 0.6        0.51351351 1.         0.70588235 0.78125    0.77272727
 0.44444444 1.         0.6        0.92537313 0.37037037 0.65714286
 0.94444444 0.57894737 0.7826087  0.88888889 0.83333333 1.
 0.70833333 1.         0.82352941 0.625      0.78571429 0.93333333
 0.57142857 0.66666667 0.28       0.95238095 0.96815287 0.75
 0.93548387 0.8        0.53333333 0.5862069 ]
,[0.8        0.6        0.80645161 0.61538462 0.86666667 0.83333333
 0.81818182 0.80851064 0.66666667 0.73684211 0.85714286 0.93181818
 0.75       0.66666667 0.92       0.42105263 0.42857143 0.71428571
 0.76       0.64705882 0.72413793 0.95       0.81818182 0.73913043
 0.30434783 0.5        0.7        0.40909091 0.76190476 0.52380952
 0.61111111 0.9047619  0.61904762 1.         0.77777778 0.90909091
 0.875      0.68181818 0.41176471 0.88       0.88888889 0.44444444
 0.72       0.44       0.41176471 0.74074074 0.63157895 0.57142857
 0.86363636 0.8        0.69565217 0.64705882 0.94117647 0.79166667
 0.65       0.33333333 0.90909091 0.57894737 0.41176471 0.27777778
 0.47619048 1.         0.88       0.92592593 0.9047619  0.88235294
 0.64705882 0.81818182 0.7        0.35294118 0.65       1.
 0.8        0.43478261 0.47058824 0.76470588 0.89473684 0.83333333
 0.4        0.45833333 0.68421053 0.88235294 0.68421053 0.88235294
 0.60869565 0.9375     0.78947368 0.7        0.68181818 1.
 0.89473684 0.95121951 0.69565217 0.95238095 0.94444444 0.8245614
 0.83333333 0.85       0.8125     0.89473684 0.89285714 0.61111111
 0.91304348 0.9        0.7037037  0.72222222 0.94444444 0.05882353
 0.8125     0.82352941 0.76470588 0.64705882 0.79166667 0.95833333
 0.5        0.77272727 0.68       0.68181818 0.38888889 0.80769231
 0.88235294 0.66666667 1.         0.94736842 0.19047619 0.36734694
 0.96153846 0.47619048 1.         0.84210526 0.78947368 0.92105263
 0.85714286 0.66666667 0.42105263 0.68421053 1.         0.8974359
 0.61111111 0.83333333 0.91666667 0.72727273 0.69230769 0.29411765
 1.         0.23529412 0.63414634 0.82857143 0.76190476 0.7826087
 0.86363636 0.79166667 0.73684211 0.9047619  0.63157895 0.55
 1.         0.76666667 0.54761905 1.         0.9047619  0.63157895
 0.44444444 0.9047619  0.5        0.78947368 0.38888889 0.96428571
 0.63157895 0.9047619  0.52941176 0.9        0.22727273 0.76470588
 0.82352941 0.68181818 0.8        0.95       1.         0.47619048
 0.75       0.95833333 0.9        0.94117647 0.28571429 0.70588235
 0.63157895 0.66666667 0.83333333 0.69565217 0.34782609 0.73913043
 0.74285714 0.69565217 0.22222222 0.9047619  0.6        0.59090909
 0.38095238 0.75       0.94117647 0.7        0.73684211 0.9375
 0.77777778 0.7        0.73913043 0.81818182 0.57142857 0.69565217
 0.47368421 0.64285714 0.85714286 0.92857143 0.70588235 0.65
 0.9047619  0.76470588 0.11764706 0.78947368 1.         0.78947368
 0.75       0.86363636 0.83333333 0.6        0.83333333 0.89473684
 0.42105263 1.         0.7826087  0.86111111 0.5        0.92
 0.73913043 0.55       1.         0.8        0.58823529 0.90243902
 0.89473684 0.89473684 0.77777778 0.78947368 0.57894737 0.66666667
 0.63157895 0.70588235 0.35       1.         0.95       1.
 1.         0.63157895 0.38095238 0.77272727]
,[0.82051282 0.72727273 0.61728395 0.64       0.86666667 0.81081081
 0.52173913 0.8        0.58333333 0.82352941 0.89719626 0.85416667
 0.81081081 0.77419355 0.80701754 0.55172414 0.52941176 0.75
 0.80851064 0.70967742 0.79245283 0.80851064 0.8372093  0.82926829
 0.4375     0.61111111 0.75675676 0.32142857 0.74418605 0.62857143
 0.6875     0.9047619  0.72222222 0.95238095 0.56       0.85106383
 0.77777778 0.76923077 0.58333333 0.88       0.86486486 0.51612903
 0.69230769 0.56410256 0.51851852 0.78431373 0.63157895 0.58536585
 0.9047619  0.71111111 0.74418605 0.75862069 0.84210526 0.79166667
 0.72222222 0.46666667 0.75471698 0.45833333 0.51851852 0.38461538
 0.48780488 0.94444444 0.83018868 0.94339623 0.79166667 0.81081081
 0.73333333 0.70588235 0.63636364 0.46153846 0.74285714 0.88888889
 0.86486486 0.48780488 0.5        0.83870968 0.94444444 0.90909091
 0.48484848 0.57894737 0.8125     0.6        0.78787879 0.83333333
 0.53846154 0.90909091 0.71428571 0.77777778 0.58823529 0.88659794
 0.80952381 0.93975904 0.74418605 0.97560976 0.91891892 0.78991597
 0.76923077 0.89473684 0.8125     0.89473684 0.80645161 0.73333333
 0.91304348 0.81818182 0.58015267 0.8125     0.94444444 0.10526316
 0.76470588 0.82352941 0.83870968 0.78571429 0.86363636 0.95833333
 0.62068966 0.82926829 0.75555556 0.75       0.51851852 0.75
 0.71428571 0.75675676 0.93877551 0.94736842 0.26666667 0.41860465
 0.61728395 0.51282051 1.         0.7804878  0.85714286 0.86419753
 0.92307692 0.61538462 0.44444444 0.8125     0.90140845 0.78651685
 0.70967742 0.83333333 0.55696203 0.74418605 0.69230769 0.41666667
 0.99071207 0.33333333 0.72222222 0.73417722 0.71111111 0.65454545
 0.84444444 0.82608696 0.75675676 0.80851064 0.63157895 0.56410256
 0.89361702 0.70769231 0.49462366 0.94444444 0.66666667 0.68571429
 0.48484848 0.92682927 0.58064516 0.57692308 0.56       0.94736842
 0.75       0.9047619  0.62068966 0.94736842 0.29411765 0.65
 0.8        0.6        0.8        0.9047619  0.96969697 0.54054054
 0.71428571 0.92       0.7826087  0.88888889 0.29268293 0.82758621
 0.70588235 0.48       0.86956522 0.72727273 0.4        0.69387755
 0.78787879 0.76190476 0.27586207 0.86363636 0.6        0.7027027
 0.45714286 0.73170732 0.91428571 0.71794872 0.8        0.9375
 0.73684211 0.65116279 0.85       0.9        0.63157895 0.74418605
 0.46153846 0.75       0.87804878 0.85245902 0.77419355 0.63414634
 0.79166667 0.86666667 0.2        0.78947368 0.89361702 0.75
 0.66666667 0.6440678  0.90909091 0.64864865 0.80645161 0.82926829
 0.43243243 1.         0.67924528 0.89208633 0.42553191 0.76666667
 0.82926829 0.56410256 0.87804878 0.84210526 0.68965517 0.94871795
 0.79069767 0.94444444 0.8        0.69767442 0.66666667 0.77777778
 0.6        0.68571429 0.31111111 0.97560976 0.95899054 0.85714286
 0.96666667 0.70588235 0.44444444 0.66666667]
