mACC, mP, mR, mF1, ACC, P, R, F1
0.5551519154557464,0.5608619710306268,0.5013404703534975,0.48803047360178237
,[ 20  15  25   0  23   5   3  34   5   2  53  41   8  12  18  11   2   6
   4  15  22  16   8  17   4   3   3   9  17  12   0  17   0  19   8  16
  10   9   2  22  17   6  16   1   4  20   7   3   0  11  19   5  15   8
  10   2  15   5   0   8   2  17  21  22   3   5  11   5   1   7   0  22
   2   3   0  14  18   8   0   8  17   4   6   3   3  13   8  11   5  39
  18  35  16  20   6  39  15  17   3  18  22   4  21  19  33   7  14   0
  25  15  12   0  17  21   3   0   9   8   3  19  15   0  23  17   2  16
  25   7  38  12  12  36  26   9   0   7  27  27  12   8   2  10  20   6
 159   7  28  14   1   9  18  16  13  14   0   0   8  20  21   9  18   2
   5  20   0   6   2  24  13  15   1  18   2  13   1   2   5  18  10   3
  17  23   3  11   1  16   5   0  14  16   6  15  15   6   6  14  11  14
   0   3  17  12   8  14   0  14  16  19   5   8   4  22   8  27  11  15
   1  15   3   7  18   5   0   9  15  11  25  13   3  16   2  65   0   6
  16   8  16   9   8  38  14  13   6   9   0   7   7   2   0  19 160  24
  87   7  10  15]
,[0.54054054 0.83333333 0.6097561  0.         0.58974359 1.
 0.75       0.69387755 0.55555556 0.66666667 0.58241758 0.68333333
 0.17777778 0.8        0.45       0.84615385 0.22222222 0.75
 0.5        0.78947368 0.52380952 0.59259259 0.61538462 0.53125
 0.4        0.07894737 0.75       0.81818182 0.65384615 0.30769231
 0.         0.62962963 0.         0.9047619  0.61538462 0.61538462
 0.55555556 0.69230769 0.05405405 0.70967742 0.45945946 0.85714286
 0.4        0.16666667 0.57142857 0.74074074 0.31818182 1.
 0.         0.84615385 0.67857143 0.45454545 0.75       0.8
 0.58823529 1.         0.75       0.29411765 0.         0.42105263
 0.14285714 0.89473684 0.7        0.59459459 0.5        0.71428571
 0.91666667 0.71428571 0.14285714 0.29166667 0.         0.95652174
 0.5        0.23076923 0.         1.         1.         1.
 0.         0.5        0.37777778 0.66666667 0.6        0.13636364
 0.75       0.68421053 1.         0.30555556 0.83333333 0.8125
 0.64285714 0.57377049 0.8        0.95238095 0.5        0.4875
 0.625      0.89473684 0.42857143 0.69230769 0.5        0.57142857
 0.6        0.43181818 0.27272727 0.46666667 1.         0.
 0.75757576 0.6        0.85714286 0.         0.70833333 0.51219512
 1.         0.         0.75       0.4        0.15789474 0.5
 0.625      0.         0.88461538 0.77272727 0.07142857 0.27586207
 0.29761905 0.31818182 0.76       0.8        0.52173913 0.66666667
 0.37142857 0.81818182 0.         0.875      0.47368421 0.5
 0.57142857 1.         0.2        1.         0.5        0.16216216
 0.76811594 0.35       0.48275862 0.46666667 1.         0.52941176
 1.         0.88888889 0.59090909 0.875      0.         0.
 0.72727273 0.74074074 0.1640625  0.15517241 0.75       1.
 0.83333333 0.54054054 0.         0.42857143 0.22222222 0.68571429
 0.86666667 0.88235294 0.25       0.81818182 0.5        0.65
 0.25       0.09090909 0.29411765 1.         0.66666667 0.09090909
 0.62962963 0.76666667 0.13636364 0.78571429 1.         1.
 1.         0.         0.73684211 0.72727273 0.4        0.78947368
 0.625      0.66666667 0.54545455 0.93333333 0.73333333 0.63636364
 0.         1.         0.85       0.52173913 0.2962963  0.82352941
 0.         0.46666667 0.44444444 0.7037037  0.41666667 0.47058824
 0.4        0.45833333 1.         0.55102041 1.         0.9375
 0.25       0.75       0.13043478 1.         0.85714286 0.33333333
 0.         0.5625     0.9375     0.78571429 0.36764706 0.54166667
 0.375      0.88888889 1.         0.67708333 0.         0.375
 0.66666667 0.36363636 0.44444444 0.5        0.36363636 0.7037037
 0.63636364 0.65       1.         0.81818182 0.         0.31818182
 0.7        0.33333333 0.         0.79166667 0.72072072 0.92307692
 0.83653846 0.875      0.43478261 0.35714286]
,[1.         0.75       0.80645161 0.         0.76666667 0.27777778
 0.13636364 0.72340426 0.23809524 0.10526316 0.94642857 0.93181818
 0.4        0.66666667 0.72       0.57894737 0.0952381  0.28571429
 0.16       0.88235294 0.75862069 0.8        0.36363636 0.73913043
 0.17391304 0.13636364 0.15       0.40909091 0.80952381 0.57142857
 0.         0.80952381 0.         0.95       0.44444444 0.72727273
 0.41666667 0.40909091 0.11764706 0.88       0.94444444 0.33333333
 0.64       0.04       0.23529412 0.74074074 0.36842105 0.14285714
 0.         0.55       0.82608696 0.29411765 0.88235294 0.33333333
 0.5        0.0952381  0.68181818 0.26315789 0.         0.44444444
 0.0952381  1.         0.84       0.81481481 0.14285714 0.29411765
 0.64705882 0.22727273 0.05       0.41176471 0.         0.91666667
 0.1        0.13043478 0.         0.82352941 0.94736842 0.44444444
 0.         0.33333333 0.89473684 0.23529412 0.31578947 0.17647059
 0.13043478 0.8125     0.42105263 0.55       0.22727273 0.90697674
 0.94736842 0.85365854 0.69565217 0.95238095 0.33333333 0.68421053
 0.83333333 0.85       0.1875     0.94736842 0.78571429 0.22222222
 0.91304348 0.95       0.61111111 0.38888889 0.77777778 0.
 0.78125    0.88235294 0.70588235 0.         0.70833333 0.875
 0.16666667 0.         0.36       0.36363636 0.16666667 0.73076923
 0.88235294 0.         1.         0.89473684 0.0952381  0.32653061
 0.96153846 0.33333333 1.         0.63157895 0.63157895 0.94736842
 0.92857143 0.375      0.         0.36842105 0.84375    0.69230769
 0.66666667 0.44444444 0.08333333 0.45454545 0.76923077 0.35294118
 0.99375    0.41176471 0.68292683 0.4        0.04761905 0.39130435
 0.81818182 0.66666667 0.68421053 0.66666667 0.         0.
 0.38095238 0.66666667 0.5        0.52941176 0.85714286 0.10526316
 0.27777778 0.95238095 0.         0.31578947 0.11111111 0.85714286
 0.68421053 0.71428571 0.05882353 0.9        0.09090909 0.76470588
 0.05882353 0.09090909 0.25       0.9        0.625      0.14285714
 0.85       0.95833333 0.15       0.64705882 0.04761905 0.94117647
 0.26315789 0.         0.58333333 0.69565217 0.26086957 0.65217391
 0.42857143 0.26086957 0.33333333 0.66666667 0.55       0.63636364
 0.         0.15       1.         0.6        0.42105263 0.875
 0.         0.7        0.69565217 0.86363636 0.23809524 0.34782609
 0.21052632 0.78571429 0.38095238 0.96428571 0.64705882 0.75
 0.04761905 0.88235294 0.17647059 0.36842105 0.85714286 0.26315789
 0.         0.40909091 0.83333333 0.55       0.83333333 0.68421053
 0.15789474 0.84210526 0.08695652 0.90277778 0.         0.24
 0.69565217 0.4        0.88888889 0.45       0.47058824 0.92682927
 0.73684211 0.68421053 0.33333333 0.47368421 0.         0.33333333
 0.36842105 0.11764706 0.         0.95       1.         1.
 1.         0.36842105 0.47619048 0.68181818]
,[0.70175439 0.78947368 0.69444444 0.         0.66666667 0.43478261
 0.23076923 0.70833333 0.33333333 0.18181818 0.72108844 0.78846154
 0.24615385 0.72727273 0.55384615 0.6875     0.13333333 0.4137931
 0.24242424 0.83333333 0.61971831 0.68085106 0.45714286 0.61818182
 0.24242424 0.1        0.25       0.54545455 0.72340426 0.4
 0.         0.70833333 0.         0.92682927 0.51612903 0.66666667
 0.47619048 0.51428571 0.07407407 0.78571429 0.61818182 0.48
 0.49230769 0.06451613 0.33333333 0.74074074 0.34146341 0.25
 0.         0.66666667 0.74509804 0.35714286 0.81081081 0.47058824
 0.54054054 0.17391304 0.71428571 0.27777778 0.         0.43243243
 0.11428571 0.94444444 0.76363636 0.6875     0.22222222 0.41666667
 0.75862069 0.34482759 0.07407407 0.34146341 0.         0.93617021
 0.16666667 0.16666667 0.         0.90322581 0.97297297 0.61538462
 0.         0.4        0.53125    0.34782609 0.4137931  0.15384615
 0.22222222 0.74285714 0.59259259 0.39285714 0.35714286 0.85714286
 0.76595745 0.68627451 0.74418605 0.95238095 0.4        0.56934307
 0.71428571 0.87179487 0.26086957 0.8        0.61111111 0.32
 0.72413793 0.59375    0.37714286 0.42424242 0.875      0.
 0.76923077 0.71428571 0.77419355 0.         0.70833333 0.64615385
 0.28571429 0.         0.48648649 0.38095238 0.16216216 0.59375
 0.73170732 0.         0.93877551 0.82926829 0.08163265 0.29906542
 0.45454545 0.3255814  0.86363636 0.70588235 0.57142857 0.7826087
 0.53061224 0.51428571 0.         0.51851852 0.60674157 0.58064516
 0.61538462 0.61538462 0.11764706 0.625      0.60606061 0.22222222
 0.86648501 0.37837838 0.56565657 0.43076923 0.09090909 0.45
 0.9        0.76190476 0.63414634 0.75675676 0.         0.
 0.5        0.70175439 0.24705882 0.24       0.8        0.19047619
 0.41666667 0.68965517 0.         0.36363636 0.14814815 0.76190476
 0.76470588 0.78947368 0.0952381  0.85714286 0.15384615 0.7027027
 0.0952381  0.09090909 0.27027027 0.94736842 0.64516129 0.11111111
 0.72340426 0.85185185 0.14285714 0.70967742 0.09090909 0.96969697
 0.41666667 0.         0.65116279 0.71111111 0.31578947 0.71428571
 0.50847458 0.375      0.4137931  0.77777778 0.62857143 0.63636364
 0.         0.26086957 0.91891892 0.55813953 0.34782609 0.84848485
 0.         0.56       0.54237288 0.7755102  0.3030303  0.4
 0.27586207 0.57894737 0.55172414 0.7012987  0.78571429 0.83333333
 0.08       0.81081081 0.15       0.53846154 0.85714286 0.29411765
 0.         0.47368421 0.88235294 0.64705882 0.51020408 0.60465116
 0.22222222 0.86486486 0.16       0.77380952 0.         0.29268293
 0.68085106 0.38095238 0.59259259 0.47368421 0.41025641 0.8
 0.68292683 0.66666667 0.5        0.6        0.         0.3255814
 0.48275862 0.17391304 0.         0.86363636 0.83769634 0.96
 0.91099476 0.51851852 0.45454545 0.46875   ]
