mACC, mP, mR, mF1, ACC, P, R, F1
0.5999365482233503,0.6467003886994463,0.4802182111629903,0.49428114520143046
,[ 87   4  16  61  76  26 107  64  32  10  91   1  30  13  22  21   9  11
   2  57  14   3  12  15   0   5  13   0  19  30  39  33   7   7  88   6
  12 118   0  48   2 115   4  25  16  19  21   1  21   0   0  68  27   4
  64   1  10  22   2  68  49   6   4   5   7  88  33]
,[0.45789474 0.44444444 0.44444444 0.58653846 0.54676259 0.83870968
 0.59776536 0.52459016 0.88888889 0.83333333 0.77777778 0.14285714
 0.85714286 0.65       0.84615385 0.67741935 0.9        0.6875
 1.         0.6627907  0.29166667 0.6        0.70588235 0.65217391
 0.         0.83333333 0.86666667 0.         0.73076923 0.63829787
 0.54166667 0.45205479 0.7        1.         0.51461988 0.375
 0.85714286 0.63101604 0.         0.84210526 1.         0.37337662
 1.         0.48076923 0.69565217 0.61290323 0.5        1.
 0.84       0.         0.         0.88311688 0.9        1.
 0.62745098 1.         0.83333333 0.91666667 1.         0.57142857
 0.55681818 0.27272727 0.4        0.83333333 0.77777778 0.7394958
 0.91666667]
,[0.71311475 0.14285714 0.44444444 0.75308642 0.62809917 0.65
 0.80451128 0.84210526 0.74418605 0.43478261 0.88349515 0.04347826
 0.83333333 0.56521739 0.91666667 0.77777778 0.40909091 0.47826087
 0.0952381  0.81428571 0.26923077 0.11111111 0.21818182 0.71428571
 0.         0.23809524 0.5        0.         0.9047619  0.69767442
 0.82978723 0.6875     0.33333333 0.33333333 0.95652174 0.1875
 0.46153846 0.80272109 0.         0.85714286 0.09090909 0.80985915
 0.19047619 0.5        0.44444444 0.40425532 0.6        0.02941176
 0.72413793 0.         0.         0.88311688 0.77142857 0.19047619
 0.62135922 0.04545455 0.41666667 0.70967742 0.09090909 0.62962963
 0.7        0.19354839 0.11764706 0.22727273 0.23333333 0.8627451
 0.61111111]
,[0.55769231 0.21621622 0.44444444 0.65945946 0.58461538 0.73239437
 0.68589744 0.64646465 0.81012658 0.57142857 0.82727273 0.06666667
 0.84507042 0.60465116 0.88       0.72413793 0.5625     0.56410256
 0.17391304 0.73076923 0.28       0.1875     0.33333333 0.68181818
 0.         0.37037037 0.63414634 0.         0.80851064 0.66666667
 0.65546218 0.54545455 0.4516129  0.5        0.66920152 0.25
 0.6        0.70658683 0.         0.84955752 0.16666667 0.51111111
 0.32       0.49019608 0.54237288 0.48717949 0.54545455 0.05714286
 0.77777778 0.         0.         0.88311688 0.83076923 0.32
 0.62439024 0.08695652 0.55555556 0.8        0.16666667 0.59911894
 0.62025316 0.22641509 0.18181818 0.35714286 0.35897436 0.79638009
 0.73333333]
