mACC, mP, mR, mF1, ACC, P, R, F1
0.5954949238578681,0.636314536456817,0.4908456123074046,0.4922387981258962
,[ 71   6  19  66  85  33 111  68  35  13  92   1  29   3  19  21  13  17
  10  39   0  20   1   8   0  20  16   0  21  10  41  25   3  11  86   2
  12 117   2  49   0  98   0  27   4  30  11   0  20   0   5  71  30  10
  70   2  10  28  10  79  49   3   0   1   4  92  28]
,[0.36597938 0.42857143 0.40425532 0.45205479 0.66929134 0.825
 0.60655738 0.42236025 1.         0.92857143 0.93877551 0.14285714
 0.74358974 0.75       0.67857143 0.7        0.65       0.68
 0.41666667 0.63934426 0.         0.43478261 1.         0.66666667
 0.         1.         0.88888889 0.         0.91304348 0.83333333
 0.42268041 1.         1.         0.91666667 0.72881356 0.66666667
 0.85714286 0.56521739 1.         0.89090909 0.         0.36162362
 0.         0.57446809 0.8        0.47619048 0.55       0.
 0.86956522 0.         0.83333333 0.89873418 0.9375     0.83333333
 0.5        0.66666667 0.76923077 0.8        0.90909091 0.58518519
 0.56976744 1.         0.         1.         1.         0.56790123
 0.90322581]
,[0.58196721 0.21428571 0.52777778 0.81481481 0.70247934 0.825
 0.83458647 0.89473684 0.81395349 0.56521739 0.89320388 0.04347826
 0.80555556 0.13043478 0.79166667 0.77777778 0.59090909 0.73913043
 0.47619048 0.55714286 0.         0.74074074 0.01818182 0.38095238
 0.         0.95238095 0.61538462 0.         1.         0.23255814
 0.87234043 0.52083333 0.14285714 0.52380952 0.93478261 0.0625
 0.46153846 0.79591837 0.08       0.875      0.         0.69014085
 0.         0.54       0.11111111 0.63829787 0.31428571 0.
 0.68965517 0.         0.18518519 0.92207792 0.85714286 0.47619048
 0.67961165 0.09090909 0.41666667 0.90322581 0.45454545 0.73148148
 0.7        0.09677419 0.         0.04545455 0.13333333 0.90196078
 0.51851852]
,[0.44936709 0.28571429 0.45783133 0.5814978  0.68548387 0.825
 0.70253165 0.57383966 0.8974359  0.7027027  0.91542289 0.06666667
 0.77333333 0.22222222 0.73076923 0.73684211 0.61904762 0.70833333
 0.44444444 0.59541985 0.         0.54794521 0.03571429 0.48484848
 0.         0.97560976 0.72727273 0.         0.95454545 0.36363636
 0.56944444 0.68493151 0.25       0.66666667 0.81904762 0.11428571
 0.6        0.66101695 0.14814815 0.88288288 0.         0.47457627
 0.         0.55670103 0.19512195 0.54545455 0.4        0.
 0.76923077 0.         0.3030303  0.91025641 0.89552239 0.60606061
 0.57613169 0.16       0.54054054 0.84848485 0.60606061 0.65020576
 0.62820513 0.17647059 0.         0.08695652 0.23529412 0.6969697
 0.65882353]
