mACC, mP, mR, mF1, ACC, P, R, F1
0.5339467005076142,0.5037472661777052,0.4144088579965661,0.40345967327690424
,[ 74   3  28  65  74  25 105  48  24  14  96   1  31   0  19  17  14   0
   8  45   0  19   8   2   0   5  13   1  20   2  37  35   6   1  86   0
   8 127   0  43   0  84   0   7   0  34   9   0  18   7   5  73  30   8
  66   5   0  26   0  59  49   6   0   0   2  74  17]
,[0.3718593  0.5        0.46666667 0.43624161 0.7254902  0.80645161
 0.57065217 0.6        0.92307692 0.73684211 0.48484848 0.09090909
 0.58490566 0.         0.82608696 0.70833333 0.63636364 0.
 0.8        0.39473684 0.         0.31666667 0.72727273 0.18181818
 0.         1.         0.86666667 1.         0.64516129 1.
 0.68518519 0.625      0.75       1.         0.55844156 0.
 0.88888889 0.56950673 0.         0.87755102 0.         0.44210526
 0.         0.46666667 0.         0.40963855 0.47368421 0.
 0.81818182 0.58333333 0.55555556 0.66363636 0.96774194 0.88888889
 0.55932203 0.71428571 0.         0.66666667 0.         0.6344086
 0.56976744 0.66666667 0.         0.         0.10526316 0.31489362
 0.89473684]
,[0.60655738 0.10714286 0.77777778 0.80246914 0.61157025 0.625
 0.78947368 0.63157895 0.55813953 0.60869565 0.93203883 0.04347826
 0.86111111 0.         0.79166667 0.62962963 0.63636364 0.
 0.38095238 0.64285714 0.         0.7037037  0.14545455 0.0952381
 0.         0.23809524 0.5        0.04761905 0.95238095 0.04651163
 0.78723404 0.72916667 0.28571429 0.04761905 0.93478261 0.
 0.30769231 0.86394558 0.         0.76785714 0.         0.5915493
 0.         0.14       0.         0.72340426 0.25714286 0.
 0.62068966 0.31818182 0.18518519 0.94805195 0.85714286 0.38095238
 0.6407767  0.22727273 0.         0.83870968 0.         0.5462963
 0.7        0.19354839 0.         0.         0.06666667 0.7254902
 0.31481481]
,[0.46105919 0.17647059 0.58333333 0.56521739 0.66367713 0.70422535
 0.66246057 0.61538462 0.69565217 0.66666667 0.63787375 0.05882353
 0.69662921 0.         0.80851064 0.66666667 0.63636364 0.
 0.51612903 0.48913043 0.         0.43678161 0.24242424 0.125
 0.         0.38461538 0.63414634 0.09090909 0.76923077 0.08888889
 0.73267327 0.67307692 0.4137931  0.09090909 0.69918699 0.
 0.45714286 0.68648649 0.         0.81904762 0.         0.5060241
 0.         0.21538462 0.         0.52307692 0.33333333 0.
 0.70588235 0.41176471 0.27777778 0.78074866 0.90909091 0.53333333
 0.59728507 0.34482759 0.         0.74285714 0.         0.58706468
 0.62820513 0.3        0.         0.         0.08163265 0.43916914
 0.46575342]
