mACC, mP, mR, mF1, ACC, P, R, F1
0.5935913705583756,0.6245204163766064,0.4922902775006651,0.5152340002653725
,[ 70   4  15  62  87  21 107  59  34  13  89   2  24  18  22  17   9  14
   9  54   7   6  24  11   2  14  13   4  15  25  40  28   1   6  84   1
   8 128   2  42   4  93   1  21  15  27  20   6  18   0   4  71  32  10
  49   4   5  14  13  76  43   9   7   5  12  86  35]
,[0.54263566 0.28571429 0.5        0.52542373 0.37179487 0.80769231
 0.49308756 0.59       0.89473684 0.72222222 0.60958904 0.4
 0.63157895 0.81818182 0.66666667 0.77272727 0.81818182 0.66666667
 0.6        0.5625     0.35       0.42857143 0.6        0.84615385
 0.66666667 0.73684211 0.8125     0.66666667 0.9375     0.625
 0.54054054 0.58333333 1.         0.85714286 0.64615385 0.33333333
 0.57142857 0.58715596 0.4        0.89361702 0.33333333 0.5027027
 0.33333333 0.58333333 0.75       0.675      0.58823529 0.35294118
 0.94736842 0.         0.26666667 0.63392857 0.96969697 0.76923077
 0.53846154 0.57142857 0.625      0.77777778 0.86666667 0.63333333
 0.6056338  0.75       0.46666667 0.625      0.85714286 0.72881356
 0.72916667]
,[0.57377049 0.14285714 0.41666667 0.7654321  0.71900826 0.525
 0.80451128 0.77631579 0.79069767 0.56521739 0.86407767 0.08695652
 0.66666667 0.7826087  0.91666667 0.62962963 0.40909091 0.60869565
 0.42857143 0.77142857 0.13461538 0.22222222 0.43636364 0.52380952
 0.08333333 0.66666667 0.5        0.19047619 0.71428571 0.58139535
 0.85106383 0.58333333 0.04761905 0.28571429 0.91304348 0.03125
 0.30769231 0.8707483  0.08       0.75       0.18181818 0.65492958
 0.04761905 0.42       0.41666667 0.57446809 0.57142857 0.17647059
 0.62068966 0.         0.14814815 0.92207792 0.91428571 0.47619048
 0.47572816 0.18181818 0.20833333 0.4516129  0.59090909 0.7037037
 0.61428571 0.29032258 0.20588235 0.22727273 0.4        0.84313725
 0.64814815]
,[0.55776892 0.19047619 0.45454545 0.62311558 0.49014085 0.63636364
 0.61142857 0.67045455 0.83950617 0.63414634 0.71485944 0.14285714
 0.64864865 0.8        0.77192982 0.69387755 0.54545455 0.63636364
 0.5        0.65060241 0.19444444 0.29268293 0.50526316 0.64705882
 0.14814815 0.7        0.61904762 0.2962963  0.81081081 0.60240964
 0.66115702 0.58333333 0.09090909 0.42857143 0.75675676 0.05714286
 0.4        0.70136986 0.13333333 0.81553398 0.23529412 0.56880734
 0.08333333 0.48837209 0.53571429 0.62068966 0.57971014 0.23529412
 0.75       0.         0.19047619 0.75132275 0.94117647 0.58823529
 0.50515464 0.27586207 0.3125     0.57142857 0.7027027  0.66666667
 0.60992908 0.41860465 0.28571429 0.33333333 0.54545455 0.78181818
 0.68627451]
