mACC, mP, mR, mF1, ACC, P, R, F1
0.28838832487309646,0.24613055040854692,0.14374977649803586,0.12827855987459863
,[ 72   0   1  22  63   4  60  40   5   0  74   0   0   0   0   1   0   0
   0  30   7   0   0   0   0   0   1   0   1   2   1   6   0   0  55   0
   0 125   0  30   0  55   0   3   0   3   5   0   0   0   0  66   0   0
  42   0   0   2   0  40   8   1   0   0   0  70  14]
,[0.18701299 0.         0.5        0.22680412 0.20930233 0.8
 0.1980198  0.44444444 1.         0.         0.44311377 0.
 0.         0.         0.         1.         0.         0.
 0.         0.54545455 0.28       0.         0.         0.
 0.         0.         0.5        0.         1.         0.4
 1.         0.5        0.         0.         0.72368421 0.
 0.         0.21551724 0.         0.96774194 0.         0.24229075
 0.         0.75       0.         0.5        0.55555556 0.
 0.         0.         0.         0.49253731 0.         0.
 0.19626168 0.         0.         1.         0.         0.38461538
 0.2        0.16666667 0.         0.         0.         0.30172414
 0.56      ]
,[0.59016393 0.         0.02777778 0.27160494 0.52066116 0.1
 0.45112782 0.52631579 0.11627907 0.         0.7184466  0.
 0.         0.         0.         0.03703704 0.         0.
 0.         0.42857143 0.13461538 0.         0.         0.
 0.         0.         0.03846154 0.         0.04761905 0.04651163
 0.0212766  0.125      0.         0.         0.59782609 0.
 0.         0.85034014 0.         0.53571429 0.         0.38732394
 0.         0.06       0.         0.06382979 0.14285714 0.
 0.         0.         0.         0.85714286 0.         0.
 0.40776699 0.         0.         0.06451613 0.         0.37037037
 0.11428571 0.03225806 0.         0.         0.         0.68627451
 0.25925926]
,[0.28402367 0.         0.05263158 0.24719101 0.2985782  0.17777778
 0.27522936 0.48192771 0.20833333 0.         0.54814815 0.
 0.         0.         0.         0.07142857 0.         0.
 0.         0.48       0.18181818 0.         0.         0.
 0.         0.         0.07142857 0.         0.09090909 0.08333333
 0.04166667 0.2        0.         0.         0.6547619  0.
 0.         0.34387895 0.         0.68965517 0.         0.29810298
 0.         0.11111111 0.         0.11320755 0.22727273 0.
 0.         0.         0.         0.62559242 0.         0.
 0.26498423 0.         0.         0.12121212 0.         0.37735849
 0.14545455 0.05405405 0.         0.         0.         0.41916168
 0.35443038]
