mACC, mP, mR, mF1, ACC, P, R, F1
0.629758883248731,0.6247234491396629,0.5725535637460255,0.5777841167702095
,[ 55   6  15  58  76  30 109  68  31  16  72   4  29  20  21  23  15  15
   6  54   9   9  33  10   7  16  16  11  21  23  40  34   9  10  84   4
  12 122   7  46   1  79   9  24  21  16  24   2  19   3   7  71  32  11
  62  10   9  26  13  82  34  13  17  10  15  89  40]
,[0.6043956  0.54545455 0.41666667 0.53703704 0.55072464 0.76923077
 0.67283951 0.43312102 0.86111111 0.64       0.94736842 0.30769231
 0.64444444 0.48780488 0.77777778 0.88461538 0.53571429 0.75
 0.54545455 0.60674157 0.36       0.5625     0.35106383 0.90909091
 0.63636364 0.88888889 0.66666667 0.84615385 0.84       0.6969697
 0.68965517 0.56666667 0.27272727 0.90909091 0.67741935 0.44444444
 0.6        0.71345029 0.29166667 0.92       0.125      0.58955224
 0.47368421 0.68571429 0.65625    0.8        0.52173913 0.22222222
 0.67857143 0.25       0.875      0.85542169 0.88888889 0.73333333
 0.68131868 0.52631579 0.69230769 0.74285714 0.86666667 0.58992806
 0.69387755 0.52       0.53125    0.45454545 0.51724138 0.73553719
 0.58823529]
,[0.45081967 0.21428571 0.41666667 0.71604938 0.62809917 0.75
 0.81954887 0.89473684 0.72093023 0.69565217 0.69902913 0.17391304
 0.80555556 0.86956522 0.875      0.85185185 0.68181818 0.65217391
 0.28571429 0.77142857 0.17307692 0.33333333 0.6        0.47619048
 0.29166667 0.76190476 0.61538462 0.52380952 1.         0.53488372
 0.85106383 0.70833333 0.42857143 0.47619048 0.91304348 0.125
 0.46153846 0.82993197 0.28       0.82142857 0.04545455 0.55633803
 0.42857143 0.48       0.58333333 0.34042553 0.68571429 0.05882353
 0.65517241 0.13636364 0.25925926 0.92207792 0.91428571 0.52380952
 0.60194175 0.45454545 0.375      0.83870968 0.59090909 0.75925926
 0.48571429 0.41935484 0.5        0.45454545 0.5        0.87254902
 0.74074074]
,[0.51643192 0.30769231 0.41666667 0.61375661 0.58687259 0.75949367
 0.73898305 0.58369099 0.78481013 0.66666667 0.80446927 0.22222222
 0.71604938 0.625      0.82352941 0.86792453 0.6        0.69767442
 0.375      0.67924528 0.23376623 0.41860465 0.44295302 0.625
 0.4        0.82051282 0.64       0.64705882 0.91304348 0.60526316
 0.76190476 0.62962963 0.33333333 0.625      0.77777778 0.19512195
 0.52173913 0.7672956  0.28571429 0.86792453 0.06666667 0.57246377
 0.45       0.56470588 0.61764706 0.47761194 0.59259259 0.09302326
 0.66666667 0.17647059 0.4        0.8875     0.90140845 0.61111111
 0.63917526 0.48780488 0.48648649 0.78787879 0.7027027  0.66396761
 0.57142857 0.46428571 0.51515152 0.45454545 0.50847458 0.79820628
 0.6557377 ]
