mACC, mP, mR, mF1, ACC, P, R, F1
0.4768401015228426,0.411712742288827,0.3493888240468051,0.34345806248417005
,[ 52   4   5  57  64  23  65  66  24   1  77   0  14   0  18  22   0   0
   0  57  17  10  21   0   0   8  17   0  12  13  35  25   4   1  82   0
   2 125   2  47   0  91   1   5   2  19  18   0  17   4   0  64  13   1
  63   0   1  19   8  51  23   8   8   0   4  85  28]
,[0.27956989 0.44444444 0.33333333 0.46341463 0.4        0.88461538
 0.51587302 0.39520958 1.         0.33333333 0.79381443 0.
 0.30434783 0.         0.48648649 0.57894737 0.         0.
 0.         0.46721311 0.34       0.38461538 0.46666667 0.
 0.         0.72727273 0.68       0.         1.         0.37142857
 0.63636364 0.51020408 0.8        0.5        0.58156028 0.
 0.28571429 0.46992481 0.16666667 0.94       0.         0.42523364
 0.33333333 0.38461538 0.13333333 0.296875   0.41860465 0.
 0.77272727 0.26666667 0.         0.57657658 1.         1.
 0.45323741 0.         0.25       0.61290323 0.66666667 0.44736842
 0.25842697 0.42105263 0.61538462 0.         0.44444444 0.48850575
 0.77777778]
,[0.42622951 0.14285714 0.13888889 0.7037037  0.52892562 0.575
 0.4887218  0.86842105 0.55813953 0.04347826 0.74757282 0.
 0.38888889 0.         0.75       0.81481481 0.         0.
 0.         0.81428571 0.32692308 0.37037037 0.38181818 0.
 0.         0.38095238 0.65384615 0.         0.57142857 0.30232558
 0.74468085 0.52083333 0.19047619 0.04761905 0.89130435 0.
 0.07692308 0.85034014 0.08       0.83928571 0.         0.64084507
 0.04761905 0.1        0.05555556 0.40425532 0.51428571 0.
 0.5862069  0.18181818 0.         0.83116883 0.37142857 0.04761905
 0.61165049 0.         0.04166667 0.61290323 0.36363636 0.47222222
 0.32857143 0.25806452 0.23529412 0.         0.13333333 0.83333333
 0.51851852]
,[0.33766234 0.21621622 0.19607843 0.55882353 0.45551601 0.6969697
 0.5019305  0.54320988 0.71641791 0.07692308 0.77       0.
 0.34146341 0.         0.59016393 0.67692308 0.         0.
 0.         0.59375    0.33333333 0.37735849 0.42       0.
 0.         0.5        0.66666667 0.         0.72727273 0.33333333
 0.68627451 0.51546392 0.30769231 0.08695652 0.70386266 0.
 0.12121212 0.60532688 0.10810811 0.88679245 0.         0.51123596
 0.08333333 0.15873016 0.07843137 0.34234234 0.46153846 0.
 0.66666667 0.21621622 0.         0.68085106 0.54166667 0.09090909
 0.52066116 0.         0.07142857 0.61290323 0.47058824 0.45945946
 0.28930818 0.32       0.34042553 0.         0.20512821 0.61594203
 0.62222222]
