mACC, mP, mR, mF1, ACC, P, R, F1
0.47652284263959394,0.5420104481088229,0.3281447173796779,0.34443442972143085
,[ 76   1  10  43  82  16  95  63  16  10  84   0  20   5  13  19   4   5
   0  53  15   6   6   1   0  11   5   1  10  18  16  26   0   0  83   0
   5 122   0  42   0  87   0  20   1  14  15   1   8   3   2  71   6   1
  72   1   0  10   2  79  18   1   8   4   5  75  16]
,[0.45508982 0.5        0.41666667 0.47777778 0.29390681 0.88888889
 0.49479167 0.50806452 0.64       0.90909091 0.5915493  0.
 0.71428571 0.71428571 1.         0.9047619  0.8        0.83333333
 0.         0.54081633 0.32608696 0.75       0.85714286 0.33333333
 0.         0.73333333 1.         1.         1.         0.58064516
 0.64       0.44827586 0.         0.         0.47159091 0.
 0.5        0.3836478  0.         0.82352941 0.         0.37662338
 0.         0.46511628 0.14285714 0.7        0.65217391 0.5
 0.88888889 0.5        0.66666667 0.5503876  0.66666667 1.
 0.34285714 1.         0.         0.90909091 1.         0.49685535
 0.43902439 0.33333333 0.61538462 1.         0.41666667 0.45454545
 0.66666667]
,[0.62295082 0.03571429 0.27777778 0.5308642  0.67768595 0.4
 0.71428571 0.82894737 0.37209302 0.43478261 0.81553398 0.
 0.55555556 0.2173913  0.54166667 0.7037037  0.18181818 0.2173913
 0.         0.75714286 0.28846154 0.22222222 0.10909091 0.04761905
 0.         0.52380952 0.19230769 0.04761905 0.47619048 0.41860465
 0.34042553 0.54166667 0.         0.         0.90217391 0.
 0.19230769 0.82993197 0.         0.75       0.         0.61267606
 0.         0.4        0.02777778 0.29787234 0.42857143 0.02941176
 0.27586207 0.13636364 0.07407407 0.92207792 0.17142857 0.04761905
 0.69902913 0.04545455 0.         0.32258065 0.09090909 0.73148148
 0.25714286 0.03225806 0.23529412 0.18181818 0.16666667 0.73529412
 0.2962963 ]
,[0.52595156 0.06666667 0.33333333 0.50292398 0.41       0.55172414
 0.58461538 0.63       0.47058824 0.58823529 0.68571429 0.
 0.625      0.33333333 0.7027027  0.79166667 0.2962963  0.34482759
 0.         0.63095238 0.30612245 0.34285714 0.19354839 0.08333333
 0.         0.61111111 0.32258065 0.09090909 0.64516129 0.48648649
 0.44444444 0.49056604 0.         0.         0.61940299 0.
 0.27777778 0.52473118 0.         0.78504673 0.         0.46648794
 0.         0.43010753 0.04651163 0.41791045 0.51724138 0.05555556
 0.42105263 0.21428571 0.13333333 0.68932039 0.27272727 0.09090909
 0.4600639  0.08695652 0.         0.47619048 0.16666667 0.5917603
 0.32432432 0.05882353 0.34042553 0.30769231 0.23809524 0.56179775
 0.41025641]
