mACC, mP, mR, mF1, ACC, P, R, F1
0.5434644670050761,0.4955506459259184,0.43018903436251626,0.42429087801096027
,[ 45   0  20  67  81  28 101  63  30  14  85   0  22   0  15  23   0   0
   0  51  17  13  27   1   0  15  15   0  19  12  36  19   5  12  88   0
  16 129   2  46   0  65   2  14   0  37  26   0  21   1   8  63  24   0
  61   0   2  23   6  76  10  17  13   1   0  87  39]
,[0.39473684 0.         0.33333333 0.42675159 0.421875   0.875
 0.49029126 0.42567568 1.         0.77777778 0.85858586 0.
 0.66666667 0.         0.78947368 0.76666667 0.         0.
 0.         0.49038462 0.34693878 0.8125     0.47368421 0.5
 0.         0.88235294 1.         0.         0.95       0.57142857
 0.81818182 0.73076923 0.83333333 1.         0.66165414 0.
 0.44444444 0.55844156 0.66666667 0.92       0.         0.40372671
 1.         0.48275862 0.         0.29365079 0.61904762 0.
 0.875      0.125      0.32       0.7        0.82758621 0.
 0.53982301 0.         1.         0.85185185 0.75       0.42222222
 0.23255814 0.425      0.65       0.5        0.         0.6350365
 0.66101695]
,[0.36885246 0.         0.55555556 0.82716049 0.66942149 0.7
 0.7593985  0.82894737 0.69767442 0.60869565 0.82524272 0.
 0.61111111 0.         0.625      0.85185185 0.         0.
 0.         0.72857143 0.32692308 0.48148148 0.49090909 0.04761905
 0.         0.71428571 0.57692308 0.         0.9047619  0.27906977
 0.76595745 0.39583333 0.23809524 0.57142857 0.95652174 0.
 0.61538462 0.87755102 0.08       0.82142857 0.         0.45774648
 0.0952381  0.28       0.         0.78723404 0.74285714 0.
 0.72413793 0.04545455 0.2962963  0.81818182 0.68571429 0.
 0.59223301 0.         0.08333333 0.74193548 0.27272727 0.7037037
 0.14285714 0.5483871  0.38235294 0.04545455 0.         0.85294118
 0.72222222]
,[0.38135593 0.         0.41666667 0.56302521 0.51757188 0.77777778
 0.59587021 0.5625     0.82191781 0.68292683 0.84158416 0.
 0.63768116 0.         0.69767442 0.80701754 0.         0.
 0.         0.5862069  0.33663366 0.60465116 0.48214286 0.08695652
 0.         0.78947368 0.73170732 0.         0.92682927 0.375
 0.79120879 0.51351351 0.37037037 0.72727273 0.78222222 0.
 0.51612903 0.68253968 0.14285714 0.86792453 0.         0.4290429
 0.17391304 0.35443038 0.         0.42774566 0.67532468 0.
 0.79245283 0.06666667 0.30769231 0.75449102 0.75       0.
 0.56481481 0.         0.15384615 0.79310345 0.4        0.52777778
 0.17699115 0.47887324 0.48148148 0.08333333 0.         0.72803347
 0.69026549]
