mACC, mP, mR, mF1, ACC, P, R, F1
0.5767766497461929,0.6063468149202123,0.48923623653999376,0.5060171622145995
,[ 82   7  14  60  82  30  80  36  32  17  84   4  27   5  19  19   4   7
   2  49  14  16  28  10   3  15  16   3  13  18  30  30   2   9  79   4
  14 110   9  45   4 105   2  35   8  24  25   2  10   6  13  71  32   6
  64   8   3  27   7  57  35   5  17   9   5  85  25]
,[0.3923445  0.63636364 0.46666667 0.46875    0.48235294 0.73170732
 0.59259259 0.58064516 0.69565217 0.62962963 0.85714286 0.5
 0.65853659 0.23809524 0.63333333 0.65517241 0.66666667 0.7
 0.15384615 0.7        0.37837838 0.57142857 0.4        0.52631579
 0.5        0.75       0.59259259 0.75       0.92857143 0.72
 0.85714286 0.69767442 0.5        0.9        0.78217822 0.26666667
 0.41176471 0.83333333 0.32142857 0.95744681 0.33333333 0.34201954
 0.4        0.40229885 0.57142857 0.45283019 0.52083333 0.5
 0.90909091 0.75       0.76470588 0.7244898  0.86486486 0.66666667
 0.58715596 0.47058824 0.75       0.5625     0.7        0.6
 0.61403509 0.55555556 0.43589744 0.81818182 0.71428571 0.69672131
 0.83333333]
,[0.67213115 0.25       0.38888889 0.74074074 0.67768595 0.75
 0.60150376 0.47368421 0.74418605 0.73913043 0.81553398 0.17391304
 0.75       0.2173913  0.79166667 0.7037037  0.18181818 0.30434783
 0.0952381  0.7        0.26923077 0.59259259 0.50909091 0.47619048
 0.125      0.71428571 0.61538462 0.14285714 0.61904762 0.41860465
 0.63829787 0.625      0.0952381  0.42857143 0.85869565 0.125
 0.53846154 0.74829932 0.36       0.80357143 0.18181818 0.73943662
 0.0952381  0.7        0.22222222 0.5106383  0.71428571 0.05882353
 0.34482759 0.27272727 0.48148148 0.92207792 0.91428571 0.28571429
 0.62135922 0.36363636 0.125      0.87096774 0.31818182 0.52777778
 0.5        0.16129032 0.5        0.40909091 0.16666667 0.83333333
 0.46296296]
,[0.49546828 0.35897436 0.42424242 0.57416268 0.56357388 0.74074074
 0.59701493 0.52173913 0.71910112 0.68       0.8358209  0.25806452
 0.7012987  0.22727273 0.7037037  0.67857143 0.28571429 0.42424242
 0.11764706 0.7        0.31460674 0.58181818 0.448      0.5
 0.2        0.73170732 0.60377358 0.24       0.74285714 0.52941176
 0.73170732 0.65934066 0.16       0.58064516 0.81865285 0.17021277
 0.46666667 0.78853047 0.33962264 0.87378641 0.23529412 0.46770601
 0.15384615 0.51094891 0.32       0.48       0.60240964 0.10526316
 0.5        0.4        0.59090909 0.81142857 0.88888889 0.4
 0.60377358 0.41025641 0.21428571 0.6835443  0.4375     0.56157635
 0.5511811  0.25       0.46575342 0.54545455 0.27027027 0.75892857
 0.5952381 ]
