mACC, mP, mR, mF1, ACC, P, R, F1
0.5993020304568528,0.5896824354309417,0.493322425592034,0.4971143330957073
,[ 82   0  25  57  76  31 118  55  28  18  85   0  28   2  20  21  14  13
   0  49  17  19  20   8   0  18  17   3  14  31  34  30   0  11  86   0
   8 118   6  46   1  89   0  33   4  35  19   0  18   4  16  70  22  10
  68   0   2  23  11  79  49   3  21   2   0  82  20]
,[0.47398844 0.         0.34722222 0.50442478 0.5        0.75609756
 0.55660377 0.53921569 1.         0.64285714 0.91397849 0.
 0.77777778 1.         0.8        0.77777778 0.875      0.61904762
 0.         0.62025316 0.53125    0.76       0.86956522 0.44444444
 0.         0.7826087  1.         0.6        1.         0.37804878
 0.94444444 0.83333333 0.         1.         0.68253968 0.
 0.61538462 0.57843137 0.42857143 0.92       0.5        0.47340426
 0.         0.50769231 1.         0.49295775 0.63333333 0.
 0.85714286 0.5        0.88888889 0.86419753 0.84615385 0.71428571
 0.45945946 0.         0.66666667 0.85185185 0.78571429 0.5
 0.38888889 1.         0.36206897 0.5        0.         0.77358491
 0.86956522]
,[0.67213115 0.         0.69444444 0.7037037  0.62809917 0.775
 0.88721805 0.72368421 0.65116279 0.7826087  0.82524272 0.
 0.77777778 0.08695652 0.83333333 0.77777778 0.63636364 0.56521739
 0.         0.7        0.32692308 0.7037037  0.36363636 0.38095238
 0.         0.85714286 0.65384615 0.14285714 0.66666667 0.72093023
 0.72340426 0.625      0.         0.52380952 0.93478261 0.
 0.30769231 0.80272109 0.24       0.82142857 0.04545455 0.62676056
 0.         0.66       0.11111111 0.74468085 0.54285714 0.
 0.62068966 0.18181818 0.59259259 0.90909091 0.62857143 0.47619048
 0.66019417 0.         0.08333333 0.74193548 0.5        0.73148148
 0.7        0.09677419 0.61764706 0.09090909 0.         0.80392157
 0.37037037]
,[0.5559322  0.         0.46296296 0.58762887 0.55677656 0.7654321
 0.68405797 0.61797753 0.78873239 0.70588235 0.86734694 0.
 0.77777778 0.16       0.81632653 0.77777778 0.73684211 0.59090909
 0.         0.65771812 0.4047619  0.73076923 0.51282051 0.41025641
 0.         0.81818182 0.79069767 0.23076923 0.8        0.496
 0.81927711 0.71428571 0.         0.6875     0.78899083 0.
 0.41025641 0.67236467 0.30769231 0.86792453 0.08333333 0.53939394
 0.         0.57391304 0.2        0.59322034 0.58461538 0.
 0.72       0.26666667 0.71111111 0.88607595 0.72131148 0.57142857
 0.54183267 0.         0.14814815 0.79310345 0.61111111 0.59398496
 0.5        0.17647059 0.45652174 0.15384615 0.         0.78846154
 0.51948052]
