mACC, mP, mR, mF1, ACC, P, R, F1
0.6151649746192893,0.6685960940536331,0.516204623837415,0.5286541507334247
,[ 62   3  25  66  88  27  92  65  36  14  86   4  29   7  22  21   7  19
   3  48  12   7  10   8   4  18  18   6  20  11  39  33   3  11  90   6
   3 126  11  50   0 110   0  29  11  30  16   4  18   1   9  73  32   9
  65   6   1  24  13  85  31   8  19   3   3  90  39]
,[0.53913043 0.75       0.30864198 0.55932203 0.55696203 0.77142857
 0.67647059 0.45454545 0.97297297 0.82352941 0.93478261 0.22222222
 0.74358974 0.53846154 0.6875     0.75       0.875      0.54285714
 0.6        0.61538462 0.3        0.53846154 1.         0.66666667
 1.         0.9        0.7826087  0.75       0.95238095 0.91666667
 0.63934426 0.80487805 0.75       0.91666667 0.51724138 0.46153846
 1.         0.67741935 0.64705882 0.87719298 0.         0.42145594
 0.         0.58       0.84615385 0.5        0.51612903 0.8
 0.81818182 1.         0.69230769 0.6460177  0.88888889 0.81818182
 0.51181102 0.4        0.2        0.8        0.92857143 0.63909774
 0.62       0.8        0.61290323 0.27272727 1.         0.66666667
 0.79591837]
,[0.50819672 0.10714286 0.69444444 0.81481481 0.72727273 0.675
 0.69172932 0.85526316 0.8372093  0.60869565 0.83495146 0.17391304
 0.80555556 0.30434783 0.91666667 0.77777778 0.31818182 0.82608696
 0.14285714 0.68571429 0.23076923 0.25925926 0.18181818 0.38095238
 0.16666667 0.85714286 0.69230769 0.28571429 0.95238095 0.25581395
 0.82978723 0.6875     0.14285714 0.52380952 0.97826087 0.1875
 0.11538462 0.85714286 0.44       0.89285714 0.         0.77464789
 0.         0.58       0.30555556 0.63829787 0.45714286 0.11764706
 0.62068966 0.04545455 0.33333333 0.94805195 0.91428571 0.42857143
 0.63106796 0.27272727 0.04166667 0.77419355 0.59090909 0.78703704
 0.44285714 0.25806452 0.55882353 0.13636364 0.1        0.88235294
 0.72222222]
,[0.52320675 0.1875     0.42735043 0.66331658 0.63082437 0.72
 0.68401487 0.59360731 0.9        0.7        0.88205128 0.19512195
 0.77333333 0.38888889 0.78571429 0.76363636 0.46666667 0.65517241
 0.23076923 0.64864865 0.26086957 0.35       0.30769231 0.48484848
 0.28571429 0.87804878 0.73469388 0.4137931  0.95238095 0.4
 0.72222222 0.74157303 0.24       0.66666667 0.67669173 0.26666667
 0.20689655 0.75675676 0.52380952 0.88495575 0.         0.54590571
 0.         0.58       0.44897959 0.56074766 0.48484848 0.20512821
 0.70588235 0.08695652 0.45       0.76842105 0.90140845 0.5625
 0.56521739 0.32432432 0.06896552 0.78688525 0.72222222 0.70539419
 0.51666667 0.3902439  0.58461538 0.18181818 0.18181818 0.75949367
 0.75728155]
