mACC, mP, mR, mF1, ACC, P, R, F1
0.6819682959048877,0.7019518241115874,0.6384491632201101,0.6305069373528982
,[ 17  14  26  17  27   2   7  38  16  14  54  42  10  13  20  15  11   6
  11  13  24   7  19  18   1   3  18  12  19   2  12   6  14  19  11  13
  16  10   1  24  17   7  15  14   9  25  12  10  20  12  18   5  15  22
   8  14  13   7   0   1   9  16  19  24  20  10  15  13   4   1   2  23
   8   0   6  15  17  10   7   7   4  10   8  14  11  16  14   0  14  40
  11  38  21  20  11  48  15  17  14  18  23   5  19  18  43  12  15   7
  21  14  12  12  23  20   7  22  21  18   1  21  17   9  23  10   3  18
  25  13  38  16  15  37  23  16   2   5  29  32   4  15  19  16  19  12
 160   8  29  23   7  10  21  21  11  19   1   5  17  27  27   8  21   1
   0  20   3  14   3  28  15  15   6  15   7  14  13  17  11  18  12  11
  14  22  16  17   0  16   8   6  19  16  18  19  29  14   0  21  11  19
   6   9  17   5   1  16   6  18  20  13   7  15   6  25  17  21  12  18
  21  14   0  14  20   4  10  10  17   9  24  17   7  18  18  69   0  23
  17   1  16  17   9  40  14  13   5  11   1  13  12   6   9  20 158  24
  87  13  11  17]
,[0.85       0.73684211 0.46428571 0.53125    0.81818182 1.
 0.63636364 0.55072464 0.88888889 0.73684211 0.7012987  0.77777778
 0.625      0.92857143 0.83333333 0.75       0.73333333 0.54545455
 0.91666667 0.8125     0.68571429 1.         0.82608696 0.9
 1.         0.5        0.69230769 0.92307692 0.65517241 0.2
 0.8        0.75       0.48275862 0.9047619  0.73333333 0.68421053
 0.59259259 0.76923077 0.125      0.88888889 0.89473684 0.46666667
 0.75       0.7        0.9        0.89285714 0.70588235 0.66666667
 0.66666667 0.85714286 0.81818182 0.83333333 0.55555556 0.43137255
 1.         0.7        0.68421053 0.77777778 0.         0.5
 0.64285714 0.61538462 0.59375    0.96       0.86956522 0.83333333
 0.57692308 0.44827586 0.66666667 1.         1.         0.92
 0.8        0.         0.66666667 0.625      1.         0.625
 0.33333333 0.63636364 1.         0.66666667 1.         0.82352941
 0.61111111 0.84210526 1.         0.         0.66666667 0.81632653
 0.91666667 0.6440678  0.91304348 0.90909091 1.         0.64
 0.9375     1.         0.7        1.         0.54761905 0.5
 0.9047619  0.46153846 0.51190476 0.85714286 0.88235294 0.7
 0.41176471 1.         0.92307692 0.75       0.95833333 0.95238095
 0.77777778 0.81481481 0.58333333 0.64285714 0.5        0.77777778
 0.89473684 0.45       0.88461538 0.71428571 0.375      0.24
 0.83333333 0.56521739 1.         0.61538462 0.88235294 0.62711864
 0.33823529 0.76190476 0.5        0.625      0.63043478 0.39506173
 1.         0.65217391 0.59375    0.8        0.79166667 0.30769231
 0.91428571 0.44444444 0.60416667 0.56097561 0.38888889 0.90909091
 0.875      0.84       1.         0.52777778 0.5        0.55555556
 0.89473684 0.71052632 0.23893805 0.88888889 0.4375     0.5
 0.         0.90909091 0.6        1.         1.         0.75675676
 0.65217391 0.6        0.66666667 0.83333333 0.53846154 1.
 0.86666667 0.5        0.6875     1.         0.6        0.45833333
 0.4        1.         0.48484848 0.68       0.         0.94117647
 0.66666667 0.5        0.9047619  0.76190476 0.48648649 0.63333333
 0.80555556 0.77777778 0.         0.875      0.78571429 0.73076923
 0.375      0.5        0.94444444 1.         1.         0.94117647
 0.5        0.42857143 0.64516129 0.65       0.41176471 0.71428571
 0.66666667 0.73529412 0.85       0.80769231 1.         0.81818182
 0.72413793 1.         0.         0.77777778 0.5        1.
 0.66666667 0.41666667 0.77272727 1.         0.5        0.89473684
 0.7        0.94736842 0.6        0.82142857 0.         0.36507937
 0.77272727 1.         0.94117647 0.68       0.9        0.90909091
 0.53846154 1.         1.         0.64705882 0.5        0.54166667
 0.70588235 0.66666667 0.17647059 0.95238095 0.84491979 0.92307692
 0.87       0.8125     0.64705882 0.51515152]
,[0.85       0.7        0.83870968 0.65384615 0.9        0.11111111
 0.31818182 0.80851064 0.76190476 0.73684211 0.96428571 0.95454545
 0.5        0.72222222 0.8        0.78947368 0.52380952 0.28571429
 0.44       0.76470588 0.82758621 0.35       0.86363636 0.7826087
 0.04347826 0.13636364 0.9        0.54545455 0.9047619  0.0952381
 0.66666667 0.28571429 0.66666667 0.95       0.61111111 0.59090909
 0.66666667 0.45454545 0.05882353 0.96       0.94444444 0.38888889
 0.6        0.56       0.52941176 0.92592593 0.63157895 0.47619048
 0.90909091 0.6        0.7826087  0.29411765 0.88235294 0.91666667
 0.4        0.66666667 0.59090909 0.36842105 0.         0.05555556
 0.42857143 0.94117647 0.76       0.88888889 0.95238095 0.58823529
 0.88235294 0.59090909 0.2        0.05882353 0.1        0.95833333
 0.4        0.         0.35294118 0.88235294 0.89473684 0.55555556
 0.35       0.29166667 0.21052632 0.58823529 0.42105263 0.82352941
 0.47826087 1.         0.73684211 0.         0.63636364 0.93023256
 0.57894737 0.92682927 0.91304348 0.95238095 0.61111111 0.84210526
 0.83333333 0.85       0.875      0.94736842 0.82142857 0.27777778
 0.82608696 0.9        0.7962963  0.66666667 0.83333333 0.41176471
 0.65625    0.82352941 0.70588235 0.70588235 0.95833333 0.83333333
 0.38888889 1.         0.84       0.81818182 0.05555556 0.80769231
 1.         0.42857143 1.         0.52631579 0.14285714 0.36734694
 0.96153846 0.61904762 1.         0.84210526 0.78947368 0.97368421
 0.82142857 0.66666667 0.10526316 0.26315789 0.90625    0.82051282
 0.22222222 0.83333333 0.79166667 0.72727273 0.73076923 0.70588235
 1.         0.47058824 0.70731707 0.65714286 0.33333333 0.43478261
 0.95454545 0.875      0.57894737 0.9047619  0.05263158 0.25
 0.80952381 0.9        0.64285714 0.47058824 1.         0.05263158
 0.         0.95238095 0.16666667 0.73684211 0.16666667 1.
 0.78947368 0.71428571 0.35294118 0.75       0.31818182 0.82352941
 0.76470588 0.77272727 0.55       0.9        0.75       0.52380952
 0.7        0.91666667 0.8        1.         0.         0.94117647
 0.42105263 0.33333333 0.79166667 0.69565217 0.7826087  0.82608696
 0.82857143 0.60869565 0.         1.         0.55       0.86363636
 0.28571429 0.45       1.         0.25       0.05263158 1.
 0.33333333 0.9        0.86956522 0.59090909 0.33333333 0.65217391
 0.31578947 0.89285714 0.80952381 0.75       0.70588235 0.9
 1.         0.82352941 0.         0.73684211 0.95238095 0.21052632
 0.625      0.45454545 0.94444444 0.45       0.8        0.89473684
 0.36842105 0.94736842 0.7826087  0.95833333 0.         0.92
 0.73913043 0.05       0.88888889 0.85       0.52941176 0.97560976
 0.73684211 0.68421053 0.27777778 0.57894737 0.05263158 0.61904762
 0.63157895 0.35294118 0.45       1.         0.9875     1.
 1.         0.68421053 0.52380952 0.77272727]
,[0.85       0.71794872 0.59770115 0.5862069  0.85714286 0.2
 0.42424242 0.65517241 0.82051282 0.73684211 0.81203008 0.85714286
 0.55555556 0.8125     0.81632653 0.76923077 0.61111111 0.375
 0.59459459 0.78787879 0.75       0.51851852 0.84444444 0.8372093
 0.08333333 0.21428571 0.7826087  0.68571429 0.76       0.12903226
 0.72727273 0.4137931  0.56       0.92682927 0.66666667 0.63414634
 0.62745098 0.57142857 0.08       0.92307692 0.91891892 0.42424242
 0.66666667 0.62222222 0.66666667 0.90909091 0.66666667 0.55555556
 0.76923077 0.70588235 0.8        0.43478261 0.68181818 0.58666667
 0.57142857 0.68292683 0.63414634 0.5        0.         0.1
 0.51428571 0.74418605 0.66666667 0.92307692 0.90909091 0.68965517
 0.69767442 0.50980392 0.30769231 0.11111111 0.18181818 0.93877551
 0.53333333 0.         0.46153846 0.73170732 0.94444444 0.58823529
 0.34146341 0.4        0.34782609 0.625      0.59259259 0.82352941
 0.53658537 0.91428571 0.84848485 0.         0.65116279 0.86956522
 0.70967742 0.76       0.91304348 0.93023256 0.75862069 0.72727273
 0.88235294 0.91891892 0.77777778 0.97297297 0.65714286 0.35714286
 0.86363636 0.61016949 0.62318841 0.75       0.85714286 0.51851852
 0.5060241  0.90322581 0.8        0.72727273 0.95833333 0.88888889
 0.51851852 0.89795918 0.68852459 0.72       0.1        0.79245283
 0.94444444 0.43902439 0.93877551 0.60606061 0.20689655 0.29032258
 0.89285714 0.59090909 1.         0.71111111 0.83333333 0.7628866
 0.47916667 0.71111111 0.17391304 0.37037037 0.74358974 0.53333333
 0.36363636 0.73170732 0.67857143 0.76190476 0.76       0.42857143
 0.95522388 0.45714286 0.65168539 0.60526316 0.35897436 0.58823529
 0.91304348 0.85714286 0.73333333 0.66666667 0.0952381  0.34482759
 0.85       0.79411765 0.3483871  0.61538462 0.60869565 0.0952381
 0.         0.93023256 0.26086957 0.84848485 0.28571429 0.86153846
 0.71428571 0.65217391 0.46153846 0.78947368 0.4        0.90322581
 0.8125     0.60714286 0.61111111 0.94736842 0.66666667 0.48888889
 0.50909091 0.95652174 0.60377358 0.80952381 0.         0.94117647
 0.51612903 0.4        0.84444444 0.72727273 0.6        0.71698113
 0.81690141 0.68292683 0.         0.93333333 0.64705882 0.79166667
 0.32432432 0.47368421 0.97142857 0.4        0.1        0.96969697
 0.4        0.58064516 0.74074074 0.61904762 0.36842105 0.68181818
 0.42857143 0.80645161 0.82926829 0.77777778 0.82758621 0.85714286
 0.84       0.90322581 0.         0.75675676 0.6557377  0.34782609
 0.64516129 0.43478261 0.85       0.62068966 0.61538462 0.89473684
 0.48275862 0.94736842 0.67924528 0.88461538 0.         0.52272727
 0.75555556 0.0952381  0.91428571 0.75555556 0.66666667 0.94117647
 0.62222222 0.8125     0.43478261 0.61111111 0.0952381  0.57777778
 0.66666667 0.46153846 0.25352113 0.97560976 0.91066282 0.96
 0.93048128 0.74285714 0.57894737 0.61818182]
