mACC, mP, mR, mF1, ACC, P, R, F1
0.5997357992073976,0.6299793637032898,0.5454744648443022,0.5519002533045141
,[ 12  14  22   7  22   3   5  38   9  12  52  41   2   8  14  12  14  12
  14   9  25   4   9  11  14   9  11  11  13   0  12  17   9  18  13  18
  14   2   1  16  14   2  11  23   3  24   6   8  14   7  13   6  15  12
   7  10  13   7   0   4   7  14  19  23  11  12  11   9   1   7   5  21
  18   8   3  10  16  10   7   7   9   8   6   2  16   8  13   0  15  40
  10  37  19  16   7  38  11  14   9  16  24   1  19  16  37   4  11   4
  23  13   7   8  17  19   2  18  20  12   1  14  12  10  22   3   2  25
  23  10  38  14  14  35  23  10   0   1  28  28   5  10  14  18  23   2
 160   4  30  23   5  12  20  16  13  11   3   6  20  21  24  13  18   5
   1  20   1  14   3  25   8  18   7  17   4  10  13  16  14  17   7   9
  16  21  15  12   1  14   5   8  13   9  12   9  26  13   1  21   6  11
   4   8  16   1   2  16  10  16  10  11   4  13   5  23  13  20   9  12
  16  11   2   3  17   4   7   8  15   1  17   9   2  19   7  68   5  15
  15   3  14  12   8  40   9  13   6   1   8  10   9   8   7  20 159  24
  87  11   9  18]
,[0.70588235 0.93333333 0.61111111 0.30434783 0.95652174 0.75
 0.18518519 0.43678161 0.5625     0.75       0.71232877 0.65079365
 0.33333333 0.88888889 0.875      0.6        0.5        0.70588235
 0.93333333 0.9        0.52083333 0.5        0.5625     0.73333333
 0.29166667 0.33333333 0.64705882 0.52380952 0.86666667 0.
 0.85714286 0.70833333 0.9        0.94736842 0.5        0.54545455
 0.73684211 0.66666667 0.14285714 0.45714286 0.93333333 1.
 0.52380952 0.62162162 0.75       0.96       0.6        0.5
 0.77777778 0.875      0.68421053 0.75       0.68181818 0.52173913
 0.875      0.58823529 0.39393939 0.63636364 0.         0.44444444
 0.63636364 0.875      0.55882353 0.74193548 0.91666667 0.8
 0.36666667 0.5        0.33333333 0.16666667 0.83333333 0.84
 0.66666667 0.25       0.5        0.76923077 1.         0.90909091
 0.58333333 0.53846154 0.64285714 0.66666667 0.375      0.4
 0.69565217 0.8        0.86666667 0.         0.46875    0.61538462
 0.71428571 0.61666667 0.9047619  0.88888889 0.77777778 0.4691358
 0.91666667 0.93333333 0.47368421 0.8        0.43636364 1.
 0.82608696 0.72727273 0.49333333 0.44444444 1.         0.8
 0.82142857 1.         0.41176471 0.47058824 1.         0.63333333
 0.5        0.9        0.625      0.54545455 0.16666667 0.63636364
 0.70588235 0.47619048 1.         0.6        0.09090909 0.25510204
 0.62162162 0.4        0.79166667 0.82352941 0.63636364 0.57377049
 0.65714286 0.625      0.         0.5        0.65116279 0.58333333
 0.55555556 1.         0.7        0.81818182 0.79310345 0.28571429
 0.67226891 0.30769231 0.46153846 0.41818182 0.38461538 0.29268293
 0.90909091 0.5        0.76470588 0.47826087 0.5        0.31578947
 0.52631579 0.67741935 0.20869565 0.65       0.75       0.3125
 0.1        0.76923077 0.25       0.875      0.1875     0.55555556
 0.47058824 0.66666667 0.53846154 0.77272727 0.26666667 1.
 0.92857143 0.8        0.73684211 1.         0.53846154 0.36
 0.25       0.875      0.44117647 0.85714286 0.125      1.
 0.83333333 0.66666667 0.8125     0.5625     0.63157895 0.81818182
 0.78787879 0.52       0.25       0.75       0.75       1.
 0.15384615 0.27586207 1.         1.         0.33333333 0.94117647
 0.55555556 0.59259259 0.76923077 0.39285714 0.16       0.52
 1.         0.76666667 0.92857143 0.60606061 1.         0.8
 0.94117647 1.         0.25       0.6        0.65384615 0.44444444
 0.63636364 0.47058824 0.88235294 1.         0.5483871  0.64285714
 0.66666667 0.79166667 0.58333333 0.65384615 0.16129032 0.35714286
 0.88235294 0.75       0.875      0.52173913 0.8        0.64516129
 0.52941176 0.8125     0.6        0.5        0.53333333 0.43478261
 0.81818182 0.88888889 0.14583333 0.95238095 0.70353982 1.
 0.84466019 0.84615385 0.5        0.48648649]
,[0.6        0.7        0.70967742 0.26923077 0.73333333 0.16666667
 0.22727273 0.80851064 0.42857143 0.63157895 0.92857143 0.93181818
 0.1        0.44444444 0.56       0.63157895 0.66666667 0.57142857
 0.56       0.52941176 0.86206897 0.2        0.40909091 0.47826087
 0.60869565 0.40909091 0.55       0.5        0.61904762 0.
 0.66666667 0.80952381 0.42857143 0.9        0.72222222 0.81818182
 0.58333333 0.09090909 0.05882353 0.64       0.77777778 0.11111111
 0.44       0.92       0.17647059 0.88888889 0.31578947 0.38095238
 0.63636364 0.35       0.56521739 0.35294118 0.88235294 0.5
 0.35       0.47619048 0.59090909 0.36842105 0.         0.22222222
 0.33333333 0.82352941 0.76       0.85185185 0.52380952 0.70588235
 0.64705882 0.40909091 0.05       0.41176471 0.25       0.875
 0.9        0.34782609 0.17647059 0.58823529 0.84210526 0.55555556
 0.35       0.29166667 0.47368421 0.47058824 0.31578947 0.11764706
 0.69565217 0.5        0.68421053 0.         0.68181818 0.93023256
 0.52631579 0.90243902 0.82608696 0.76190476 0.38888889 0.66666667
 0.61111111 0.7        0.5625     0.84210526 0.85714286 0.05555556
 0.82608696 0.8        0.68518519 0.22222222 0.61111111 0.23529412
 0.71875    0.76470588 0.41176471 0.47058824 0.70833333 0.79166667
 0.11111111 0.81818182 0.8        0.54545455 0.05555556 0.53846154
 0.70588235 0.47619048 0.95652174 0.15789474 0.0952381  0.51020408
 0.88461538 0.47619048 1.         0.73684211 0.73684211 0.92105263
 0.82142857 0.41666667 0.         0.05263158 0.875      0.71794872
 0.27777778 0.55555556 0.58333333 0.81818182 0.88461538 0.11764706
 1.         0.23529412 0.73170732 0.65714286 0.23809524 0.52173913
 0.90909091 0.66666667 0.68421053 0.52380952 0.15789474 0.3
 0.95238095 0.7        0.57142857 0.76470588 0.85714286 0.26315789
 0.05555556 0.95238095 0.05555556 0.73684211 0.16666667 0.89285714
 0.42105263 0.85714286 0.41176471 0.85       0.18181818 0.58823529
 0.76470588 0.72727273 0.7        0.85       0.4375     0.42857143
 0.8        0.875      0.75       0.70588235 0.04761905 0.82352941
 0.26315789 0.44444444 0.54166667 0.39130435 0.52173913 0.39130435
 0.74285714 0.56521739 0.05555556 1.         0.3        0.5
 0.19047619 0.4        0.94117647 0.05       0.10526316 1.
 0.55555556 0.8        0.43478261 0.5        0.19047619 0.56521739
 0.26315789 0.82142857 0.61904762 0.71428571 0.52941176 0.6
 0.76190476 0.64705882 0.11764706 0.15789474 0.80952381 0.21052632
 0.4375     0.36363636 0.83333333 0.05       0.56666667 0.47368421
 0.10526316 1.         0.30434783 0.94444444 0.25       0.6
 0.65217391 0.15       0.77777778 0.6        0.47058824 0.97560976
 0.47368421 0.68421053 0.33333333 0.05263158 0.42105263 0.47619048
 0.47368421 0.47058824 0.35       1.         0.99375    1.
 1.         0.57894737 0.42857143 0.81818182]
,[0.64864865 0.8        0.65671642 0.28571429 0.83018868 0.27272727
 0.20408163 0.56716418 0.48648649 0.68571429 0.80620155 0.76635514
 0.15384615 0.59259259 0.68292683 0.61538462 0.57142857 0.63157895
 0.7        0.66666667 0.64935065 0.28571429 0.47368421 0.57894737
 0.3943662  0.36734694 0.59459459 0.51162791 0.72222222 0.
 0.75       0.75555556 0.58064516 0.92307692 0.59090909 0.65454545
 0.65116279 0.16       0.08333333 0.53333333 0.84848485 0.2
 0.47826087 0.74193548 0.28571429 0.92307692 0.4137931  0.43243243
 0.7        0.5        0.61904762 0.48       0.76923077 0.5106383
 0.5        0.52631579 0.47272727 0.46666667 0.         0.2962963
 0.4375     0.84848485 0.6440678  0.79310345 0.66666667 0.75
 0.46808511 0.45       0.08695652 0.23728814 0.38461538 0.85714286
 0.76595745 0.29090909 0.26086957 0.66666667 0.91428571 0.68965517
 0.4375     0.37837838 0.54545455 0.55172414 0.34285714 0.18181818
 0.69565217 0.61538462 0.76470588 0.         0.55555556 0.74074074
 0.60606061 0.73267327 0.86363636 0.82051282 0.51851852 0.55072464
 0.73333333 0.8        0.51428571 0.82051282 0.57831325 0.10526316
 0.82608696 0.76190476 0.57364341 0.2962963  0.75862069 0.36363636
 0.76666667 0.86666667 0.41176471 0.47058824 0.82926829 0.7037037
 0.18181818 0.85714286 0.70175439 0.54545455 0.08333333 0.58333333
 0.70588235 0.47619048 0.97777778 0.25       0.09302326 0.34013605
 0.73015873 0.43478261 0.88372093 0.77777778 0.68292683 0.70707071
 0.73015873 0.5        0.         0.0952381  0.74666667 0.64367816
 0.37037037 0.71428571 0.63636364 0.81818182 0.83636364 0.16666667
 0.8040201  0.26666667 0.56603774 0.51111111 0.29411765 0.375
 0.90909091 0.57142857 0.72222222 0.5        0.24       0.30769231
 0.6779661  0.68852459 0.30573248 0.7027027  0.8        0.28571429
 0.07142857 0.85106383 0.09090909 0.8        0.17647059 0.68493151
 0.44444444 0.75       0.46666667 0.80952381 0.21621622 0.74074074
 0.83870968 0.76190476 0.71794872 0.91891892 0.48275862 0.39130435
 0.38095238 0.875      0.55555556 0.77419355 0.06896552 0.90322581
 0.4        0.53333333 0.65       0.46153846 0.57142857 0.52941176
 0.76470588 0.54166667 0.09090909 0.85714286 0.42857143 0.66666667
 0.17021277 0.32653061 0.96969697 0.0952381  0.16       0.96969697
 0.55555556 0.68085106 0.55555556 0.44       0.17391304 0.54166667
 0.41666667 0.79310345 0.74285714 0.6557377  0.69230769 0.68571429
 0.84210526 0.78571429 0.16       0.25       0.72340426 0.28571429
 0.51851852 0.41025641 0.85714286 0.0952381  0.55737705 0.54545455
 0.18181818 0.88372093 0.4        0.77272727 0.19607843 0.44776119
 0.75       0.25       0.82352941 0.55813953 0.59259259 0.77669903
 0.5        0.74285714 0.42857143 0.0952381  0.47058824 0.45454545
 0.6        0.61538462 0.20588235 0.97560976 0.8238342  1.
 0.91578947 0.6875     0.46153846 0.61016949]
