mACC, mP, mR, mF1, ACC, P, R, F1
0.7577608982826949,0.7687436727373534,0.7252902812629178,0.7276501372934736
,[ 18  13  24  14  27  12  13  42  18  16  55  42  11  16  24  15   8  13
  17  16  24  18  19  21  11   4  16  20  19   5  14  17  15  20  11  19
  21  14   2  24  16   4  16  24   8  25  13  10  22  14  21  11  16  20
  11  14  18   9   2   7  10  15  23  24  16  12  14  14  10   4  14  21
  19   9   6  15  17  14   9  10  11   9  12  16  18  16  16  15  18  42
  14  38  21  20  14  49  12  16  16  18  26  11  23  15  43   6  14   6
  25  14  11  13  21  22   9  21  14  11  10  20  17   9  23  12   2  26
  25  18  38  17  15  38  23  18   7  10  30  33  12  13  20  18  22   9
 160   5  31  21  15  16  22  17  14  19  10  10  20  28  32  15  21   9
   4  20   7  15  10  25  14  19  11  16   5  15  14  16  14  18  16  11
  18  23  16  13   6  17  13   5  20  16  16  20  29  21   3  19  11  15
  12  14  17  14  12  14  12  16  18  16  10  15   8  24  15  25  14  17
  21  13   0  13  21  13   3  17  16  14  27  14   7  19  15  70   7  24
  17   6  18  17  13  40  15  13   9   4   9  15  10  11  13  20 155  24
  87  15  10  19]
,[0.7826087  0.92857143 0.72727273 0.63636364 0.9        0.85714286
 0.76470588 0.79245283 0.94736842 0.72727273 0.77464789 0.91304348
 0.91666667 1.         0.8        0.88235294 0.88888889 0.68421053
 0.89473684 0.84210526 0.68571429 0.62068966 0.76       0.80769231
 0.73333333 0.66666667 0.69565217 0.68965517 0.9047619  0.38461538
 0.7        0.65384615 0.68181818 1.         0.61111111 0.79166667
 0.67741935 1.         0.66666667 0.8        0.88888889 0.66666667
 0.69565217 0.8        1.         0.96153846 0.61904762 0.83333333
 0.75862069 0.82352941 0.44680851 0.6875     0.64       0.83333333
 0.78571429 0.77777778 0.69230769 0.64285714 0.2        0.77777778
 0.625      0.88235294 0.79310345 0.82758621 1.         1.
 0.77777778 0.66666667 0.52631579 0.57142857 0.63636364 0.84
 0.63333333 0.75       0.6        0.78947368 1.         0.7
 0.6        0.47619048 1.         0.81818182 1.         1.
 0.62068966 0.94117647 0.94117647 0.75       0.66666667 0.89361702
 1.         0.86363636 0.95454545 1.         0.73684211 0.59756098
 0.92307692 1.         0.72727273 0.81818182 0.65       0.64705882
 0.6969697  0.625      0.69354839 0.54545455 1.         0.6
 0.78125    1.         0.91666667 1.         1.         1.
 0.6        0.91304348 1.         0.78571429 0.625      0.86956522
 0.89473684 0.6        0.92       0.75       0.66666667 0.38235294
 0.73529412 0.52941176 1.         0.70833333 0.88235294 0.88372093
 0.79310345 1.         1.         0.90909091 0.88235294 0.55932203
 0.75       0.8125     0.86956522 0.85714286 0.70967742 0.9
 0.93023256 0.55555556 0.58490566 0.58333333 0.48387097 0.66666667
 0.95652174 0.94444444 0.93333333 0.67857143 0.625      0.58823529
 0.76923077 0.90322581 0.31372549 0.75       0.7        0.9
 0.57142857 0.95238095 0.4375     0.88235294 0.4        0.96153846
 0.82352941 0.7037037  0.44       1.         0.71428571 0.88235294
 0.93333333 0.8        0.58333333 1.         0.8        0.5
 0.5625     1.         0.51612903 0.68421053 0.75       0.94444444
 0.86666667 0.55555556 0.95238095 0.76190476 0.42105263 0.86956522
 0.70731707 0.67741935 0.75       0.9047619  0.84615385 0.83333333
 0.5        0.46666667 1.         1.         0.70588235 1.
 0.75       0.53333333 0.94736842 0.84210526 0.625      0.71428571
 0.72727273 0.75       1.         0.86206897 1.         0.85
 0.84       1.         0.         0.8125     0.72413793 0.65
 1.         0.53125    0.84210526 0.93333333 0.61363636 0.66666667
 0.4375     0.95       0.88235294 0.81395349 0.53846154 0.6
 0.89473684 0.85714286 0.7826087  0.89473684 0.8125     0.90909091
 0.65217391 0.92857143 0.81818182 0.66666667 0.75       0.57692308
 0.52631579 0.73333333 0.56521739 0.95238095 0.87078652 1.
 0.93548387 0.78947368 0.66666667 0.63333333]
,[0.9        0.65       0.77419355 0.53846154 0.9        0.66666667
 0.59090909 0.89361702 0.85714286 0.84210526 0.98214286 0.95454545
 0.55       0.88888889 0.96       0.78947368 0.38095238 0.61904762
 0.68       0.94117647 0.82758621 0.9        0.86363636 0.91304348
 0.47826087 0.18181818 0.8        0.90909091 0.9047619  0.23809524
 0.77777778 0.80952381 0.71428571 1.         0.61111111 0.86363636
 0.875      0.63636364 0.11764706 0.96       0.88888889 0.22222222
 0.64       0.96       0.47058824 0.92592593 0.68421053 0.47619048
 1.         0.7        0.91304348 0.64705882 0.94117647 0.83333333
 0.55       0.66666667 0.81818182 0.47368421 0.11764706 0.38888889
 0.47619048 0.88235294 0.92       0.88888889 0.76190476 0.70588235
 0.82352941 0.63636364 0.5        0.23529412 0.7        0.875
 0.95       0.39130435 0.35294118 0.88235294 0.89473684 0.77777778
 0.45       0.41666667 0.57894737 0.52941176 0.63157895 0.94117647
 0.7826087  1.         0.84210526 0.75       0.81818182 0.97674419
 0.73684211 0.92682927 0.91304348 0.95238095 0.77777778 0.85964912
 0.66666667 0.8        1.         0.94736842 0.92857143 0.61111111
 1.         0.75       0.7962963  0.33333333 0.77777778 0.35294118
 0.78125    0.82352941 0.64705882 0.76470588 0.875      0.91666667
 0.5        0.95454545 0.56       0.5        0.55555556 0.76923077
 1.         0.42857143 1.         0.63157895 0.0952381  0.53061224
 0.96153846 0.85714286 1.         0.89473684 0.78947368 1.
 0.82142857 0.75       0.36842105 0.52631579 0.9375     0.84615385
 0.66666667 0.72222222 0.83333333 0.81818182 0.84615385 0.52941176
 1.         0.29411765 0.75609756 0.6        0.71428571 0.69565217
 1.         0.70833333 0.73684211 0.9047619  0.52631579 0.5
 0.95238095 0.93333333 0.76190476 0.88235294 1.         0.47368421
 0.22222222 0.95238095 0.38888889 0.78947368 0.55555556 0.89285714
 0.73684211 0.9047619  0.64705882 0.8        0.22727273 0.88235294
 0.82352941 0.72727273 0.7        0.9        1.         0.52380952
 0.9        0.95833333 0.8        0.76470588 0.28571429 1.
 0.68421053 0.27777778 0.83333333 0.69565217 0.69565217 0.86956522
 0.82857143 0.91304348 0.16666667 0.9047619  0.55       0.68181818
 0.57142857 0.7        1.         0.7        0.63157895 0.875
 0.66666667 0.8        0.7826087  0.72727273 0.47619048 0.65217391
 0.42105263 0.85714286 0.71428571 0.89285714 0.82352941 0.85
 1.         0.76470588 0.         0.68421053 1.         0.68421053
 0.1875     0.77272727 0.88888889 0.7        0.9        0.73684211
 0.36842105 1.         0.65217391 0.97222222 0.35       0.96
 0.73913043 0.3        1.         0.85       0.76470588 0.97560976
 0.78947368 0.68421053 0.5        0.21052632 0.47368421 0.71428571
 0.52631579 0.64705882 0.65       1.         0.96875    1.
 1.         0.78947368 0.47619048 0.86363636]
,[0.8372093  0.76470588 0.75       0.58333333 0.9        0.75
 0.66666667 0.84       0.9        0.7804878  0.86614173 0.93333333
 0.6875     0.94117647 0.87272727 0.83333333 0.53333333 0.65
 0.77272727 0.88888889 0.75       0.73469388 0.80851064 0.85714286
 0.57894737 0.28571429 0.74418605 0.78431373 0.9047619  0.29411765
 0.73684211 0.72340426 0.69767442 1.         0.61111111 0.82608696
 0.76363636 0.77777778 0.2        0.87272727 0.88888889 0.33333333
 0.66666667 0.87272727 0.64       0.94339623 0.65       0.60606061
 0.8627451  0.75675676 0.6        0.66666667 0.76190476 0.83333333
 0.64705882 0.71794872 0.75       0.54545455 0.14814815 0.51851852
 0.54054054 0.88235294 0.85185185 0.85714286 0.86486486 0.82758621
 0.8        0.65116279 0.51282051 0.33333333 0.66666667 0.85714286
 0.76       0.51428571 0.44444444 0.83333333 0.94444444 0.73684211
 0.51428571 0.44444444 0.73333333 0.64285714 0.77419355 0.96969697
 0.69230769 0.96969697 0.88888889 0.75       0.73469388 0.93333333
 0.84848485 0.89411765 0.93333333 0.97560976 0.75675676 0.70503597
 0.77419355 0.88888889 0.84210526 0.87804878 0.76470588 0.62857143
 0.82142857 0.68181818 0.74137931 0.4137931  0.875      0.44444444
 0.78125    0.90322581 0.75862069 0.86666667 0.93333333 0.95652174
 0.54545455 0.93333333 0.71794872 0.61111111 0.58823529 0.81632653
 0.94444444 0.5        0.95833333 0.68571429 0.16666667 0.44444444
 0.83333333 0.65454545 1.         0.79069767 0.83333333 0.9382716
 0.80701754 0.85714286 0.53846154 0.66666667 0.90909091 0.67346939
 0.70588235 0.76470588 0.85106383 0.8372093  0.77192982 0.66666667
 0.96385542 0.38461538 0.65957447 0.5915493  0.57692308 0.68085106
 0.97777778 0.80952381 0.82352941 0.7755102  0.57142857 0.54054054
 0.85106383 0.91803279 0.44444444 0.81081081 0.82352941 0.62068966
 0.32       0.95238095 0.41176471 0.83333333 0.46511628 0.92592593
 0.77777778 0.79166667 0.52380952 0.88888889 0.34482759 0.88235294
 0.875      0.76190476 0.63636364 0.94736842 0.88888889 0.51162791
 0.69230769 0.9787234  0.62745098 0.72222222 0.4137931  0.97142857
 0.76470588 0.37037037 0.88888889 0.72727273 0.52459016 0.86956522
 0.76315789 0.77777778 0.27272727 0.9047619  0.66666667 0.75
 0.53333333 0.56       1.         0.82352941 0.66666667 0.93333333
 0.70588235 0.64       0.85714286 0.7804878  0.54054054 0.68181818
 0.53333333 0.8        0.83333333 0.87719298 0.90322581 0.85
 0.91304348 0.86666667 0.         0.74285714 0.84       0.66666667
 0.31578947 0.62962963 0.86486486 0.8        0.72972973 0.7
 0.4        0.97435897 0.75       0.88607595 0.42424242 0.73846154
 0.80952381 0.44444444 0.87804878 0.87179487 0.78787879 0.94117647
 0.71428571 0.78787879 0.62068966 0.32       0.58064516 0.63829787
 0.52631579 0.6875     0.60465116 0.97560976 0.91715976 1.
 0.96666667 0.78947368 0.55555556 0.73076923]
