mACC, mP, mR, mF1, ACC, P, R, F1
0.7012879788639366,0.7096004707065948,0.6641368731805497,0.6683334204171409
,[ 16  15  26   7  23  12   7  39  13  14  52  41  12  12  22  14   8  13
  18  12  24  15  15  16   7  13  17  11  13   1  10  20  13  19  11  17
  19  10   4  22  16   5  19  25   7  23   5  10  19  10  16   7  16  15
  12  11  14   7   2   4   6  16  20  23  17   9  15  15   6   4   8  21
  18   4   8  14  17   9  10  10  11   8  12  13  13  15  15  15  14  40
  14  38  19  19  14  43  12  16  11  18  23   9  22  17  47   7  13   6
  24  14  11  15  17  19   5  20  21  17   4  15  16   8  22  16   1  23
  24  17  38  16  15  34  24  15   7   8  30  28   8  14  17  17  22   5
 160   4  28  24  10  15  21  17  15  19   7  10  21  23  28  16  18  14
   3  20   8  15   9  25  10  20   9  16   2  13  13  18  12  18  15   8
  17  21  16  12   5  15  11  11  17  18  11  11  27  14   2  21  14  15
   5  13  16  10   8  15  13  16  20  20   9  12   7  24  12  21  10  17
  20   9   4  11  20   8   4  13  16   9  23   8   5  19  14  68   9  14
  16  11  14  14  11  39  10  12   6   7  11  13  12  11  10  20 158  24
  87  10  10  20]
,[0.57142857 0.88235294 0.83870968 0.4375     0.82142857 0.66666667
 0.4375     0.86666667 0.76470588 0.7        0.76470588 0.82
 0.36363636 1.         0.78571429 0.66666667 0.72727273 0.61904762
 0.9        0.70588235 0.57142857 0.6        0.75       0.76190476
 0.38888889 0.5        0.80952381 0.78571429 0.76470588 0.33333333
 0.76923077 0.86956522 0.92857143 1.         0.55       0.73913043
 0.82608696 0.90909091 0.33333333 0.64705882 0.94117647 0.41666667
 0.57575758 0.67567568 0.7        0.82142857 0.71428571 0.66666667
 0.79166667 0.90909091 0.66666667 0.77777778 0.57142857 0.625
 0.75       0.73333333 0.93333333 0.4375     0.22222222 0.57142857
 0.4        0.8        0.66666667 0.76666667 0.65384615 1.
 0.55555556 0.68181818 0.5        0.36363636 0.5        0.875
 0.69230769 0.8        0.42105263 0.82352941 1.         1.
 0.52631579 0.43478261 0.6875     0.61538462 0.5        0.86666667
 0.86666667 0.78947368 0.83333333 0.9375     0.77777778 0.74074074
 0.875      0.6440678  1.         0.9047619  0.66666667 0.6056338
 1.         0.94117647 0.64705882 0.94736842 0.60526316 0.9
 0.81481481 0.68       0.48958333 0.875      1.         0.25
 0.8        1.         0.91666667 0.71428571 1.         0.95
 0.83333333 0.83333333 0.7        0.65384615 0.66666667 0.78947368
 0.59259259 0.61538462 0.95652174 0.84210526 0.33333333 0.37096774
 0.64864865 0.36956522 0.97435897 0.76190476 0.75       0.80952381
 0.85714286 0.68181818 0.41176471 0.66666667 0.75       0.82352941
 0.8        1.         0.65384615 0.77272727 0.78571429 0.38461538
 0.78431373 0.5        0.62222222 0.54545455 0.76923077 0.35714286
 0.95454545 0.80952381 0.88235294 0.7037037  0.7        0.625
 0.55263158 0.71875    0.4375     0.84210526 0.9        0.63636364
 0.25       0.83333333 0.66666667 0.88235294 0.47368421 0.78125
 0.71428571 0.74074074 0.75       0.76190476 0.5        0.65
 1.         0.72       0.66666667 1.         0.71428571 0.42105263
 0.44736842 1.         0.42105263 0.75       0.41666667 1.
 0.78571429 0.47826087 0.80952381 0.7826087  0.55       0.78571429
 0.77142857 1.         0.13333333 0.72413793 0.5        1.
 0.41666667 0.46428571 1.         0.47619048 0.72727273 1.
 0.5        0.76190476 0.83333333 0.68965517 0.25       0.66666667
 0.63636364 0.8        0.92307692 0.80769231 1.         0.73913043
 0.76923077 1.         0.4        0.6875     0.625      0.66666667
 0.5        0.61904762 0.88888889 1.         0.6969697  0.66666667
 0.5        0.95       0.875      0.82926829 0.25       0.56
 0.84210526 0.78571429 0.77777778 0.77777778 0.84615385 0.8125
 0.55555556 1.         0.66666667 0.46666667 0.61111111 0.72222222
 0.54545455 0.91666667 0.4        0.95238095 0.79       0.85714286
 0.87       0.90909091 0.52631579 0.55555556]
,[0.8        0.75       0.83870968 0.26923077 0.76666667 0.66666667
 0.31818182 0.82978723 0.61904762 0.73684211 0.92857143 0.93181818
 0.6        0.66666667 0.88       0.73684211 0.38095238 0.61904762
 0.72       0.70588235 0.82758621 0.75       0.68181818 0.69565217
 0.30434783 0.59090909 0.85       0.5        0.61904762 0.04761905
 0.55555556 0.95238095 0.61904762 0.95       0.61111111 0.77272727
 0.79166667 0.45454545 0.23529412 0.88       0.88888889 0.27777778
 0.76       1.         0.41176471 0.85185185 0.26315789 0.47619048
 0.86363636 0.5        0.69565217 0.41176471 0.94117647 0.625
 0.6        0.52380952 0.63636364 0.36842105 0.11764706 0.22222222
 0.28571429 0.94117647 0.8        0.85185185 0.80952381 0.52941176
 0.88235294 0.68181818 0.3        0.23529412 0.4        0.875
 0.9        0.17391304 0.47058824 0.82352941 0.89473684 0.5
 0.5        0.41666667 0.57894737 0.47058824 0.63157895 0.76470588
 0.56521739 0.9375     0.78947368 0.75       0.63636364 0.93023256
 0.73684211 0.92682927 0.82608696 0.9047619  0.77777778 0.75438596
 0.66666667 0.8        0.6875     0.94736842 0.82142857 0.5
 0.95652174 0.85       0.87037037 0.38888889 0.72222222 0.35294118
 0.75       0.82352941 0.64705882 0.88235294 0.70833333 0.79166667
 0.27777778 0.90909091 0.84       0.77272727 0.22222222 0.57692308
 0.94117647 0.38095238 0.95652174 0.84210526 0.04761905 0.46938776
 0.92307692 0.80952381 1.         0.84210526 0.78947368 0.89473684
 0.85714286 0.625      0.36842105 0.42105263 0.9375     0.71794872
 0.44444444 0.77777778 0.70833333 0.77272727 0.84615385 0.29411765
 1.         0.23529412 0.68292683 0.68571429 0.47619048 0.65217391
 0.95454545 0.70833333 0.78947368 0.9047619  0.36842105 0.5
 1.         0.76666667 0.66666667 0.94117647 0.85714286 0.73684211
 0.16666667 0.95238095 0.44444444 0.78947368 0.5        0.89285714
 0.52631579 0.95238095 0.52941176 0.8        0.09090909 0.76470588
 0.76470588 0.81818182 0.6        0.9        0.9375     0.38095238
 0.85       0.875      0.8        0.70588235 0.23809524 0.88235294
 0.57894737 0.61111111 0.70833333 0.7826087  0.47826087 0.47826087
 0.77142857 0.60869565 0.11111111 1.         0.7        0.68181818
 0.23809524 0.65       0.94117647 0.5        0.42105263 0.9375
 0.72222222 0.8        0.86956522 0.90909091 0.42857143 0.52173913
 0.36842105 0.85714286 0.57142857 0.75       0.58823529 0.85
 0.95238095 0.52941176 0.23529412 0.57894737 0.95238095 0.42105263
 0.25       0.59090909 0.88888889 0.45       0.76666667 0.42105263
 0.26315789 1.         0.60869565 0.94444444 0.45       0.56
 0.69565217 0.55       0.77777778 0.7        0.64705882 0.95121951
 0.52631579 0.63157895 0.33333333 0.36842105 0.57894737 0.61904762
 0.63157895 0.64705882 0.5        1.         0.9875     1.
 1.         0.52631579 0.47619048 0.90909091]
,[0.66666667 0.81081081 0.83870968 0.33333333 0.79310345 0.66666667
 0.36842105 0.84782609 0.68421053 0.71794872 0.83870968 0.87234043
 0.45283019 0.8        0.83018868 0.7        0.5        0.61904762
 0.8        0.70588235 0.67605634 0.66666667 0.71428571 0.72727273
 0.34146341 0.54166667 0.82926829 0.61111111 0.68421053 0.08333333
 0.64516129 0.90909091 0.74285714 0.97435897 0.57894737 0.75555556
 0.80851064 0.60606061 0.27586207 0.74576271 0.91428571 0.33333333
 0.65517241 0.80645161 0.51851852 0.83636364 0.38461538 0.55555556
 0.82608696 0.64516129 0.68085106 0.53846154 0.71111111 0.625
 0.66666667 0.61111111 0.75675676 0.4        0.15384615 0.32
 0.33333333 0.86486486 0.72727273 0.80701754 0.72340426 0.69230769
 0.68181818 0.68181818 0.375      0.28571429 0.44444444 0.875
 0.7826087  0.28571429 0.44444444 0.82352941 0.94444444 0.66666667
 0.51282051 0.42553191 0.62857143 0.53333333 0.55813953 0.8125
 0.68421053 0.85714286 0.81081081 0.83333333 0.7        0.82474227
 0.8        0.76       0.9047619  0.9047619  0.71794872 0.671875
 0.8        0.86486486 0.66666667 0.94736842 0.6969697  0.64285714
 0.88       0.75555556 0.62666667 0.53846154 0.83870968 0.29268293
 0.77419355 0.90322581 0.75862069 0.78947368 0.82926829 0.86363636
 0.41666667 0.86956522 0.76363636 0.70833333 0.33333333 0.66666667
 0.72727273 0.47058824 0.95652174 0.84210526 0.08333333 0.41441441
 0.76190476 0.50746269 0.98701299 0.8        0.76923077 0.85
 0.85714286 0.65217391 0.38888889 0.51612903 0.83333333 0.76712329
 0.57142857 0.875      0.68       0.77272727 0.81481481 0.33333333
 0.87912088 0.32       0.65116279 0.60759494 0.58823529 0.46153846
 0.95454545 0.75555556 0.83333333 0.79166667 0.48275862 0.55555556
 0.71186441 0.74193548 0.52830189 0.88888889 0.87804878 0.68292683
 0.2        0.88888889 0.53333333 0.83333333 0.48648649 0.83333333
 0.60606061 0.83333333 0.62068966 0.7804878  0.15384615 0.7027027
 0.86666667 0.76595745 0.63157895 0.94736842 0.81081081 0.4
 0.5862069  0.93333333 0.55172414 0.72727273 0.3030303  0.9375
 0.66666667 0.53658537 0.75555556 0.7826087  0.51162791 0.59459459
 0.77142857 0.75675676 0.12121212 0.84       0.58333333 0.81081081
 0.3030303  0.54166667 0.96969697 0.48780488 0.53333333 0.96774194
 0.59090909 0.7804878  0.85106383 0.78431373 0.31578947 0.58536585
 0.46666667 0.82758621 0.70588235 0.77777778 0.74074074 0.79069767
 0.85106383 0.69230769 0.2962963  0.62857143 0.75471698 0.51612903
 0.33333333 0.60465116 0.88888889 0.62068966 0.73015873 0.51612903
 0.34482759 0.97435897 0.71794872 0.88311688 0.32142857 0.56
 0.76190476 0.64705882 0.77777778 0.73684211 0.73333333 0.87640449
 0.54054054 0.77419355 0.44444444 0.41176471 0.59459459 0.66666667
 0.58536585 0.75862069 0.44444444 0.97560976 0.87777778 0.92307692
 0.93048128 0.66666667 0.5        0.68965517]
