mACC, mP, mR, mF1, ACC, P, R, F1
0.6865918097754293,0.7195612387660534,0.6511929060027096,0.6520796611303548
,[ 11  11  25  16  26  10   7  37  15   8  51  42  12  13  22  12  13  11
  16  15  26  11  18  20   8   4  18  13  16   4  12  14  15  19  14  19
  19   4   0  21  16   6  14  10  11  24  15  10  20  12  19   8  16  18
  11  13  19   9   0   4   7  17  18  26  19  14  12  12   0   4  10  23
  16   2   6  12  16  12  11  10  10  12  14  15  11  15  16   3  19  42
  17  38  19  21  14  51  13  15   7  16  26   6   1  17  42   7  15   6
  23  13  11  12  19  20   8  17  17  16   6  13  16  11  23   1   9  21
  24  10  38  15  13  37  24  18   0  15  31  32   8  14  14  19  16   5
 160   8  26  17  18  18  22  21  12  20   3   2  20  25   6  12  17   0
   3  21   5  10   4  26  12  18  10  15   4  13  14  16  15  18  16   4
  18  22  17  15   1  15  11   4  22  15   0  16  25  17   6  20  13  17
  14  17  17  16   9  15  10  18  12   3   1  18   7  17  18  23  14  19
  20  12   3   8  19  13   7  12  17   9  21  16   5  19  13  64   1  18
  17   0  17  19  11  38   8  15   9  13   2  16  11  11   1  20 159  24
  84  17  18  11]
,[0.78571429 0.78571429 0.52083333 0.53333333 0.78787879 1.
 0.77777778 0.925      0.625      0.61538462 0.82258065 0.85714286
 0.75       1.         0.75862069 0.8        0.65       0.84615385
 0.72727273 0.88235294 0.54166667 0.91666667 0.94736842 0.83333333
 0.33333333 0.8        0.64285714 1.         0.8        0.44444444
 0.85714286 0.66666667 0.44117647 1.         0.37837838 0.79166667
 0.82608696 0.8        0.         1.         0.8        0.66666667
 0.77777778 0.83333333 0.57894737 0.82758621 0.57692308 0.76923077
 0.95238095 0.8        0.76       0.8        0.84210526 0.9
 1.         0.8125     0.39583333 0.2195122  0.         1.
 0.77777778 0.80952381 0.9        1.         0.86363636 0.93333333
 0.92307692 0.70588235 0.         0.30769231 0.55555556 0.88461538
 0.64       0.66666667 0.54545455 0.75       1.         0.66666667
 0.52380952 0.41666667 1.         0.42857143 0.875      0.9375
 0.78571429 0.71428571 1.         0.6        0.55882353 0.5915493
 0.85       0.88372093 0.82608696 1.         0.93333333 0.35416667
 1.         1.         0.875      0.94117647 0.52       0.85714286
 1.         0.73913043 0.60869565 0.875      1.         1.
 0.88461538 0.86666667 1.         0.85714286 0.95       0.86956522
 0.8        0.89473684 0.80952381 0.31372549 0.54545455 0.68421053
 0.66666667 0.73333333 0.54761905 0.5        0.15517241 0.19266055
 0.75       0.90909091 0.97435897 0.71428571 0.92857143 0.53623188
 0.88888889 0.85714286 0.         0.71428571 0.63265306 0.68085106
 1.         1.         0.82352941 0.61290323 0.69565217 0.625
 0.80808081 0.47058824 0.72222222 0.89473684 0.41860465 0.54545455
 0.91666667 0.91304348 0.92307692 0.58823529 1.         0.66666667
 0.83333333 0.89285714 0.5        0.66666667 0.80952381 0.
 0.6        0.80769231 0.38461538 0.90909091 0.57142857 0.8125
 0.85714286 0.5625     0.52631579 1.         0.36363636 0.8125
 0.93333333 0.84210526 0.88235294 0.9        0.84210526 0.33333333
 0.31578947 1.         0.65384615 0.75       0.14285714 1.
 0.61111111 0.57142857 0.88       0.78947368 0.         0.8
 0.69444444 0.62962963 0.21428571 0.83333333 0.92857143 0.73913043
 0.66666667 0.44736842 0.89473684 0.69565217 0.6        0.88235294
 1.         0.6        0.70588235 0.16666667 0.2        0.45
 0.77777778 0.94444444 0.51428571 0.92       0.93333333 0.59375
 0.76923077 1.         0.33333333 1.         0.9047619  0.76470588
 0.58333333 0.63157895 0.89473684 0.9        0.77777778 0.84210526
 1.         0.95       0.72222222 0.84210526 0.5        0.39130435
 0.89473684 0.         0.89473684 0.86363636 1.         0.79166667
 0.72727273 0.78947368 0.9        0.54166667 1.         0.66666667
 0.78571429 0.84615385 0.25       0.95238095 0.71621622 0.88888889
 0.51851852 0.41463415 0.35294118 0.52380952]
,[0.55       0.55       0.80645161 0.61538462 0.86666667 0.55555556
 0.31818182 0.78723404 0.71428571 0.42105263 0.91071429 0.95454545
 0.6        0.72222222 0.88       0.63157895 0.61904762 0.52380952
 0.64       0.88235294 0.89655172 0.55       0.81818182 0.86956522
 0.34782609 0.18181818 0.9        0.59090909 0.76190476 0.19047619
 0.66666667 0.66666667 0.71428571 0.95       0.77777778 0.86363636
 0.79166667 0.18181818 0.         0.84       0.88888889 0.33333333
 0.56       0.4        0.64705882 0.88888889 0.78947368 0.47619048
 0.90909091 0.6        0.82608696 0.47058824 0.94117647 0.75
 0.55       0.61904762 0.86363636 0.47368421 0.         0.22222222
 0.33333333 1.         0.72       0.96296296 0.9047619  0.82352941
 0.70588235 0.54545455 0.         0.23529412 0.5        0.95833333
 0.8        0.08695652 0.35294118 0.70588235 0.84210526 0.66666667
 0.55       0.41666667 0.52631579 0.70588235 0.73684211 0.88235294
 0.47826087 0.9375     0.84210526 0.15       0.86363636 0.97674419
 0.89473684 0.92682927 0.82608696 1.         0.77777778 0.89473684
 0.72222222 0.75       0.4375     0.84210526 0.92857143 0.33333333
 0.04347826 0.85       0.77777778 0.38888889 0.83333333 0.35294118
 0.71875    0.76470588 0.64705882 0.70588235 0.79166667 0.83333333
 0.44444444 0.77272727 0.68       0.72727273 0.33333333 0.5
 0.94117647 0.52380952 1.         0.05263158 0.42857143 0.42857143
 0.92307692 0.47619048 1.         0.78947368 0.68421053 0.97368421
 0.85714286 0.75       0.         0.78947368 0.96875    0.82051282
 0.44444444 0.77777778 0.58333333 0.86363636 0.61538462 0.29411765
 1.         0.47058824 0.63414634 0.48571429 0.85714286 0.7826087
 1.         0.875      0.63157895 0.95238095 0.15789474 0.1
 0.95238095 0.83333333 0.14285714 0.70588235 0.80952381 0.
 0.16666667 1.         0.27777778 0.52631579 0.22222222 0.92857143
 0.63157895 0.85714286 0.58823529 0.75       0.18181818 0.76470588
 0.82352941 0.72727273 0.75       0.9        1.         0.19047619
 0.9        0.91666667 0.85       0.88235294 0.04761905 0.88235294
 0.57894737 0.22222222 0.91666667 0.65217391 0.         0.69565217
 0.71428571 0.73913043 0.33333333 0.95238095 0.65       0.77272727
 0.66666667 0.85       1.         0.8        0.47368421 0.9375
 0.55555556 0.9        0.52173913 0.13636364 0.04761905 0.7826087
 0.36842105 0.60714286 0.85714286 0.82142857 0.82352941 0.95
 0.95238095 0.70588235 0.17647059 0.42105263 0.9047619  0.68421053
 0.4375     0.54545455 0.94444444 0.45       0.7        0.84210526
 0.26315789 1.         0.56521739 0.88888889 0.05       0.72
 0.73913043 0.         0.94444444 0.95       0.64705882 0.92682927
 0.42105263 0.78947368 0.5        0.68421053 0.10526316 0.76190476
 0.57894737 0.64705882 0.05       1.         0.99375    1.
 0.96551724 0.89473684 0.85714286 0.5       ]
,[0.64705882 0.64705882 0.63291139 0.57142857 0.82539683 0.71428571
 0.4516129  0.85057471 0.66666667 0.5        0.86440678 0.90322581
 0.66666667 0.83870968 0.81481481 0.70588235 0.63414634 0.64705882
 0.68085106 0.88235294 0.67532468 0.6875     0.87804878 0.85106383
 0.34042553 0.2962963  0.75       0.74285714 0.7804878  0.26666667
 0.75       0.66666667 0.54545455 0.97435897 0.50909091 0.82608696
 0.80851064 0.2962963  0.         0.91304348 0.84210526 0.44444444
 0.65116279 0.54054054 0.61111111 0.85714286 0.66666667 0.58823529
 0.93023256 0.68571429 0.79166667 0.59259259 0.88888889 0.81818182
 0.70967742 0.7027027  0.54285714 0.3        0.         0.36363636
 0.46666667 0.89473684 0.8        0.98113208 0.88372093 0.875
 0.8        0.61538462 0.         0.26666667 0.52631579 0.92
 0.71111111 0.15384615 0.42857143 0.72727273 0.91428571 0.66666667
 0.53658537 0.41666667 0.68965517 0.53333333 0.8        0.90909091
 0.59459459 0.81081081 0.91428571 0.24       0.67857143 0.73684211
 0.87179487 0.9047619  0.82608696 1.         0.84848485 0.50746269
 0.83870968 0.85714286 0.58333333 0.88888889 0.66666667 0.48
 0.08333333 0.79069767 0.68292683 0.53846154 0.90909091 0.52173913
 0.79310345 0.8125     0.78571429 0.77419355 0.86363636 0.85106383
 0.57142857 0.82926829 0.73913043 0.43835616 0.4137931  0.57777778
 0.7804878  0.61111111 0.70769231 0.0952381  0.2278481  0.26582278
 0.82758621 0.625      0.98701299 0.75       0.78787879 0.69158879
 0.87272727 0.8        0.         0.75       0.7654321  0.74418605
 0.61538462 0.875      0.68292683 0.71698113 0.65306122 0.4
 0.89385475 0.47058824 0.67532468 0.62962963 0.5625     0.64285714
 0.95652174 0.89361702 0.75       0.72727273 0.27272727 0.17391304
 0.88888889 0.86206897 0.22222222 0.68571429 0.80952381 0.
 0.26086957 0.89361702 0.32258065 0.66666667 0.32       0.86666667
 0.72727273 0.67924528 0.55555556 0.85714286 0.24242424 0.78787879
 0.875      0.7804878  0.81081081 0.9        0.91428571 0.24242424
 0.46753247 0.95652174 0.73913043 0.81081081 0.07142857 0.9375
 0.59459459 0.32       0.89795918 0.71428571 0.         0.74418605
 0.70422535 0.68       0.26086957 0.88888889 0.76470588 0.75555556
 0.66666667 0.5862069  0.94444444 0.74418605 0.52941176 0.90909091
 0.71428571 0.72       0.6        0.15       0.07692308 0.57142857
 0.5        0.73913043 0.64285714 0.86792453 0.875      0.73076923
 0.85106383 0.82758621 0.23076923 0.59259259 0.9047619  0.72222222
 0.5        0.58536585 0.91891892 0.6        0.73684211 0.84210526
 0.41666667 0.97435897 0.63414634 0.86486486 0.09090909 0.50704225
 0.80952381 0.         0.91891892 0.9047619  0.78571429 0.85393258
 0.53333333 0.78947368 0.64285714 0.60465116 0.19047619 0.71111111
 0.66666667 0.73333333 0.08333333 0.97560976 0.83246073 0.94117647
 0.6746988  0.56666667 0.5        0.51162791]
