mACC, mP, mR, mF1, ACC, P, R, F1
0.26007265521796563,0.3156166645314108,0.16299936179867047,0.14821977725454447
,[  0   5  11   0  12   0   0  27   0   4  52  33   0   0   0   2   5   1
   4   3  22   0   0   0   0   0   1   0   0   0   1   0   1   7   0   5
   1   0   0  15   0   2   1   6   0  19   0   7   3   0   4   0   2   0
   1   0   0   1   0   0   1   0   1   6   1   2   5   5   0   0   0   0
   2   0   1   0   4   0   3   1   1   3   0   0   0   0   0   0   1  39
   0  35   4   3   0  38   1   0   0   0  14   0   0   2  46   0  11   0
   4  11   0   0   0   0   0   0   1   1   0   6   6   0   4   1   0  19
  24   1  38   2   2  35  21   0   0   1  26  23   0   0   0   1  13   0
 160   0  19  10   0   0   0   3   5   2   1   2   0  20  28   0   3   0
   0  12   0   0   0  22   0   0   0   3   0   0   0   3   1   2   6   0
   0   0   0   5   0   0   2   0   0   0   0   0  17   0   0  13   1   1
   1   0  14   0   0  15   0   0   0   1   0   4   0  23   0  22   0   9
   1   2   0   0   1   0   0   0   0   0   4   0   0   1   0  68   1   0
   3   0   4   7   8  37   3   1   0   0   0   0   3   1   0  14 159   5
  87   0   4   3]
,[0.         0.71428571 0.42307692 0.         0.75       0.
 0.         0.1291866  0.         1.         0.325      0.14102564
 0.         0.         0.         1.         1.         0.5
 0.66666667 0.375      0.26506024 0.         0.         0.
 0.         0.         0.5        0.         0.         0.
 1.         0.         1.         1.         0.         0.5
 1.         0.         0.         0.9375     0.         1.
 1.         0.75       0.         0.37254902 0.         0.875
 1.         0.         1.         0.         1.         0.
 1.         0.         0.         0.5        0.         0.
 0.5        0.         0.09090909 0.33333333 1.         1.
 0.55555556 1.         0.         0.         0.         0.
 1.         0.         1.         0.         1.         0.
 0.75       1.         1.         0.6        0.         0.
 0.         0.         0.         0.         0.16666667 0.20526316
 0.         0.0951087  0.66666667 0.75       0.         0.16593886
 1.         0.         0.         0.         0.29787234 0.
 0.         0.5        0.14556962 0.         1.         0.
 0.28571429 1.         0.         0.         0.         0.
 0.         0.         1.         1.         0.         0.13953488
 0.66666667 0.         1.         1.         0.         0.13475177
 0.4        1.         0.55072464 1.         0.66666667 0.28
 0.55263158 0.         0.         0.5        0.50980392 0.19166667
 0.         0.         0.         0.5        0.5        0.
 0.1953602  0.         0.20212766 0.20833333 0.         0.
 0.         1.         0.625      0.4        1.         0.14285714
 0.         0.36363636 0.1314554  0.         1.         0.
 0.         1.         0.         0.         0.         0.43137255
 0.         0.         0.         1.         0.         0.
 0.         0.27272727 1.         0.66666667 0.85714286 0.
 0.         0.         0.         1.         0.         0.
 1.         0.         0.         0.         0.         0.
 0.11888112 0.         0.         0.54166667 0.5        0.125
 0.05263158 0.         1.         0.         0.         0.53571429
 0.         0.         0.         0.33333333 0.         0.57142857
 0.         0.26436782 0.         0.34920635 0.         0.9
 0.5        1.         0.         0.         0.5        0.
 0.         0.         0.         0.         0.2        0.
 0.         1.         0.         0.35789474 0.16666667 0.
 0.75       0.         1.         0.5        0.88888889 0.18137255
 0.375      0.25       0.         0.         0.         0.
 1.         0.5        0.         1.         0.23802395 1.
 0.49714286 0.         0.25       0.42857143]
,[0.         0.25       0.35483871 0.         0.4        0.
 0.         0.57446809 0.         0.21052632 0.92857143 0.75
 0.         0.         0.         0.10526316 0.23809524 0.04761905
 0.16       0.17647059 0.75862069 0.         0.         0.
 0.         0.         0.05       0.         0.         0.
 0.05555556 0.         0.04761905 0.35       0.         0.22727273
 0.04166667 0.         0.         0.6        0.         0.11111111
 0.04       0.24       0.         0.7037037  0.         0.33333333
 0.13636364 0.         0.17391304 0.         0.11764706 0.
 0.05       0.         0.         0.05263158 0.         0.
 0.04761905 0.         0.04       0.22222222 0.04761905 0.11764706
 0.29411765 0.22727273 0.         0.         0.         0.
 0.1        0.         0.05882353 0.         0.21052632 0.
 0.15       0.04166667 0.05263158 0.17647059 0.         0.
 0.         0.         0.         0.         0.04545455 0.90697674
 0.         0.85365854 0.17391304 0.14285714 0.         0.66666667
 0.05555556 0.         0.         0.         0.5        0.
 0.         0.1        0.85185185 0.         0.61111111 0.
 0.125      0.64705882 0.         0.         0.         0.
 0.         0.         0.04       0.04545455 0.         0.23076923
 0.35294118 0.         0.17391304 0.05263158 0.         0.3877551
 0.92307692 0.04761905 1.         0.10526316 0.10526316 0.92105263
 0.75       0.         0.         0.05263158 0.8125     0.58974359
 0.         0.         0.         0.04545455 0.5        0.
 1.         0.         0.46341463 0.28571429 0.         0.
 0.         0.125      0.26315789 0.0952381  0.05263158 0.1
 0.         0.66666667 0.66666667 0.         0.14285714 0.
 0.         0.57142857 0.         0.         0.         0.78571429
 0.         0.         0.         0.15       0.         0.
 0.         0.13636364 0.05       0.1        0.375      0.
 0.         0.         0.         0.29411765 0.         0.
 0.10526316 0.         0.         0.         0.         0.
 0.48571429 0.         0.         0.61904762 0.05       0.04545455
 0.04761905 0.         0.82352941 0.         0.         0.9375
 0.         0.         0.         0.04545455 0.         0.17391304
 0.         0.82142857 0.         0.78571429 0.         0.45
 0.04761905 0.11764706 0.         0.         0.04761905 0.
 0.         0.         0.         0.         0.13333333 0.
 0.         0.05263158 0.         0.94444444 0.05       0.
 0.13043478 0.         0.22222222 0.35       0.47058824 0.90243902
 0.15789474 0.05263158 0.         0.         0.         0.
 0.15789474 0.05882353 0.         0.7        0.99375    0.20833333
 1.         0.         0.19047619 0.13636364]
,[0.         0.37037037 0.38596491 0.         0.52173913 0.
 0.         0.2109375  0.         0.34782609 0.48148148 0.23741007
 0.         0.         0.         0.19047619 0.38461538 0.08695652
 0.25806452 0.24       0.39285714 0.         0.         0.
 0.         0.         0.09090909 0.         0.         0.
 0.10526316 0.         0.09090909 0.51851852 0.         0.3125
 0.08       0.         0.         0.73170732 0.         0.2
 0.07692308 0.36363636 0.         0.48717949 0.         0.48275862
 0.24       0.         0.2962963  0.         0.21052632 0.
 0.0952381  0.         0.         0.0952381  0.         0.
 0.08695652 0.         0.05555556 0.26666667 0.09090909 0.21052632
 0.38461538 0.37037037 0.         0.         0.         0.
 0.18181818 0.         0.11111111 0.         0.34782609 0.
 0.25       0.08       0.1        0.27272727 0.         0.
 0.         0.         0.         0.         0.07142857 0.33476395
 0.         0.17114914 0.27586207 0.24       0.         0.26573427
 0.10526316 0.         0.         0.         0.37333333 0.
 0.         0.16666667 0.24864865 0.         0.75862069 0.
 0.17391304 0.78571429 0.         0.         0.         0.
 0.         0.         0.07692308 0.08695652 0.         0.17391304
 0.46153846 0.         0.2962963  0.1        0.         0.2
 0.55813953 0.09090909 0.71028037 0.19047619 0.18181818 0.42944785
 0.63636364 0.         0.         0.0952381  0.62650602 0.28930818
 0.         0.         0.         0.08333333 0.5        0.
 0.32686415 0.         0.28148148 0.24096386 0.         0.
 0.         0.22222222 0.37037037 0.15384615 0.1        0.11764706
 0.         0.47058824 0.21960784 0.         0.25       0.
 0.         0.72727273 0.         0.         0.         0.55696203
 0.         0.         0.         0.26086957 0.         0.
 0.         0.18181818 0.0952381  0.17391304 0.52173913 0.
 0.         0.         0.         0.45454545 0.         0.
 0.19047619 0.         0.         0.         0.         0.
 0.19101124 0.         0.         0.57777778 0.09090909 0.06666667
 0.05       0.         0.90322581 0.         0.         0.68181818
 0.         0.         0.         0.08       0.         0.26666667
 0.         0.4        0.         0.48351648 0.         0.6
 0.08695652 0.21052632 0.         0.         0.08695652 0.
 0.         0.         0.         0.         0.16       0.
 0.         0.1        0.         0.51908397 0.07692308 0.
 0.22222222 0.         0.36363636 0.41176471 0.61538462 0.30204082
 0.22222222 0.08695652 0.         0.         0.         0.
 0.27272727 0.10526316 0.         0.82352941 0.38405797 0.34482759
 0.66412214 0.         0.21621622 0.20689655]
