mACC, mP, mR, mF1, ACC, P, R, F1
0.5723249669749009,0.575631143699771,0.5235103923955764,0.5118988225562503
,[ 15  15  23   3  25  13   1  38   9   6  51  42  15  11   3  11  14  10
  15  16  22  14  15  17   0   0  18   3   7   0  10  11  10  20   2   5
  16   0   0  21  17   5  19   4   0  24  13  10  13   6  16   6   4  21
  11  15   7   7   0   4   2  16   0  22  13  12  12  13   1   4   1  20
  16   0   6  10  17  11   4  15  13  14  13   4  14  14  17   7  10  37
  16  28  17  20   0  44  11  12   4  14  25   2  21   0  42   7  14   5
  20  15  13   6  21  18   0  17  15   5   0  17  15   6  22   7   3  11
  23   5  38  17  15  35  12  18   0  18  13  33   0  13   0  16  21   9
 160   8  29  16   1   9  17  20   1  15  13   0  19  24   9   0  18   0
   3  20   6  16   0  28   8   0   7  16   2  14  12   5  11   8  16  12
   3  21   9  16   0  15   8   8  17  15   0   0  17  16   0  13   4  12
  11   4  15  10   0  14  10  19  14  15   0  17   7  25  15  21   0  14
  13  13   2  13  17   0   0  11  17   0  13   6   6  18  12  68   2  12
  15   0  15  17   3  40  15  11   7   2   0  13   4   5   8  20 159  24
  80  15  15   1]
,[0.625      0.6        0.71875    0.10714286 0.92592593 0.08552632
 0.5        0.71698113 0.69230769 0.6        0.92727273 0.72413793
 0.68181818 0.91666667 0.1875     0.84615385 0.56       0.66666667
 0.88235294 0.88888889 0.52380952 0.73684211 0.40540541 0.70833333
 0.         0.         0.72       1.         0.25       0.
 0.71428571 0.61111111 0.83333333 1.         0.125      1.
 0.88888889 0.         0.         0.875      0.53125    1.
 0.59375    0.36363636 0.         0.8        0.59090909 0.66666667
 0.8125     0.35294118 0.8        0.6        0.8        0.63636364
 0.64705882 0.71428571 0.23333333 0.7        0.         0.26666667
 1.         0.76190476 0.         0.95652174 1.         1.
 0.66666667 0.76470588 1.         0.30769231 0.06666667 0.95238095
 0.66666667 0.         0.375      0.76923077 0.94444444 0.47826087
 0.5        0.3        0.68421053 0.46666667 0.44827586 0.5
 0.28571429 0.82352941 0.73913043 1.         0.33333333 0.64912281
 0.64       0.53846154 0.94444444 0.86956522 0.         0.36363636
 0.84615385 0.92307692 0.5        0.875      0.53191489 1.
 0.53846154 0.         0.42857143 0.36842105 0.93333333 0.29411765
 0.64516129 1.         1.         0.85714286 0.84       1.
 0.         0.85       0.32608696 0.5        0.         0.70833333
 0.75       0.66666667 0.95652174 0.35       0.06382979 0.1641791
 0.52272727 0.625      0.76       0.4047619  0.83333333 0.81395349
 0.5        0.5625     0.         0.31034483 0.86666667 0.41772152
 0.         0.37142857 0.         0.76190476 0.61764706 0.42857143
 0.62992126 0.44444444 0.42028986 0.53333333 0.2        0.6
 1.         1.         0.5        0.44117647 0.54166667 0.
 0.67857143 0.85714286 0.375      0.         0.9        0.
 0.33333333 0.68965517 0.27272727 0.8        0.         0.47457627
 0.8        0.         0.38888889 0.72727273 0.33333333 0.93333333
 0.31578947 1.         0.5        1.         0.76190476 0.48
 0.6        1.         0.39130435 0.84210526 0.         0.9375
 0.5        0.72727273 1.         0.88235294 0.         0.
 0.425      0.8        0.         0.72222222 1.         0.85714286
 0.25581395 1.         0.88235294 0.43478261 0.         0.73684211
 0.25       0.475      0.60869565 0.78947368 0.         0.65384615
 0.77777778 0.67567568 1.         0.95454545 0.         1.
 0.86666667 1.         0.13333333 0.8125     0.89473684 0.
 0.         0.73333333 0.85       0.         0.56521739 0.66666667
 0.42857143 0.9        0.85714286 0.76404494 0.2        0.63157895
 0.88235294 0.         0.75       1.         1.         0.39215686
 0.40540541 0.42307692 0.875      1.         0.         0.72222222
 0.57142857 1.         0.20512821 0.95238095 0.79104478 0.88888889
 0.52287582 0.40540541 0.29411765 1.        ]
,[0.75       0.75       0.74193548 0.11538462 0.83333333 0.72222222
 0.04545455 0.80851064 0.42857143 0.31578947 0.91071429 0.95454545
 0.75       0.61111111 0.12       0.57894737 0.66666667 0.47619048
 0.6        0.94117647 0.75862069 0.7        0.68181818 0.73913043
 0.         0.         0.9        0.13636364 0.33333333 0.
 0.55555556 0.52380952 0.47619048 1.         0.11111111 0.22727273
 0.66666667 0.         0.         0.84       0.94444444 0.27777778
 0.76       0.16       0.         0.88888889 0.68421053 0.47619048
 0.59090909 0.3        0.69565217 0.35294118 0.23529412 0.875
 0.55       0.71428571 0.31818182 0.36842105 0.         0.22222222
 0.0952381  0.94117647 0.         0.81481481 0.61904762 0.70588235
 0.70588235 0.59090909 0.05       0.23529412 0.05       0.83333333
 0.8        0.         0.35294118 0.58823529 0.89473684 0.61111111
 0.2        0.625      0.68421053 0.82352941 0.68421053 0.23529412
 0.60869565 0.875      0.89473684 0.35       0.45454545 0.86046512
 0.84210526 0.68292683 0.73913043 0.95238095 0.         0.77192982
 0.61111111 0.6        0.25       0.73684211 0.89285714 0.11111111
 0.91304348 0.         0.77777778 0.38888889 0.77777778 0.29411765
 0.625      0.88235294 0.76470588 0.35294118 0.875      0.75
 0.         0.77272727 0.6        0.22727273 0.         0.65384615
 0.88235294 0.28571429 0.95652174 0.36842105 0.14285714 0.2244898
 0.88461538 0.23809524 1.         0.89473684 0.78947368 0.92105263
 0.42857143 0.75       0.         0.94736842 0.40625    0.84615385
 0.         0.72222222 0.         0.72727273 0.80769231 0.52941176
 1.         0.47058824 0.70731707 0.45714286 0.04761905 0.39130435
 0.77272727 0.83333333 0.05263158 0.71428571 0.68421053 0.
 0.9047619  0.8        0.21428571 0.         0.85714286 0.
 0.16666667 0.95238095 0.33333333 0.84210526 0.         1.
 0.42105263 0.         0.41176471 0.8        0.09090909 0.82352941
 0.70588235 0.22727273 0.55       0.4        1.         0.57142857
 0.15       0.875      0.45       0.94117647 0.         0.88235294
 0.42105263 0.44444444 0.70833333 0.65217391 0.         0.
 0.48571429 0.69565217 0.         0.61904762 0.2        0.54545455
 0.52380952 0.2        0.88235294 0.5        0.         0.875
 0.55555556 0.95       0.60869565 0.68181818 0.         0.73913043
 0.36842105 0.89285714 0.71428571 0.75       0.         0.7
 0.61904762 0.76470588 0.11764706 0.68421053 0.80952381 0.
 0.         0.5        0.94444444 0.         0.43333333 0.31578947
 0.31578947 0.94736842 0.52173913 0.94444444 0.1        0.48
 0.65217391 0.         0.83333333 0.85       0.17647059 0.97560976
 0.78947368 0.57894737 0.38888889 0.10526316 0.         0.61904762
 0.21052632 0.29411765 0.4        1.         0.99375    1.
 0.91954023 0.78947368 0.71428571 0.04545455]
,[0.68181818 0.66666667 0.73015873 0.11111111 0.87719298 0.15294118
 0.08333333 0.76       0.52941176 0.4137931  0.91891892 0.82352941
 0.71428571 0.73333333 0.14634146 0.6875     0.60869565 0.55555556
 0.71428571 0.91428571 0.61971831 0.71794872 0.50847458 0.72340426
 0.         0.         0.8        0.24       0.28571429 0.
 0.625      0.56410256 0.60606061 1.         0.11764706 0.37037037
 0.76190476 0.         0.         0.85714286 0.68       0.43478261
 0.66666667 0.22222222 0.         0.84210526 0.63414634 0.55555556
 0.68421053 0.32432432 0.74418605 0.44444444 0.36363636 0.73684211
 0.59459459 0.71428571 0.26923077 0.48275862 0.         0.24242424
 0.17391304 0.84210526 0.         0.88       0.76470588 0.82758621
 0.68571429 0.66666667 0.0952381  0.26666667 0.05714286 0.88888889
 0.72727273 0.         0.36363636 0.66666667 0.91891892 0.53658537
 0.28571429 0.40540541 0.68421053 0.59574468 0.54166667 0.32
 0.38888889 0.84848485 0.80952381 0.51851852 0.38461538 0.74
 0.72727273 0.60215054 0.82926829 0.90909091 0.         0.49438202
 0.70967742 0.72727273 0.33333333 0.8        0.66666667 0.2
 0.67741935 0.         0.55263158 0.37837838 0.84848485 0.29411765
 0.63492063 0.9375     0.86666667 0.5        0.85714286 0.85714286
 0.         0.80952381 0.42253521 0.3125     0.         0.68
 0.81081081 0.4        0.95652174 0.35897436 0.08823529 0.18965517
 0.65714286 0.34482759 0.86363636 0.55737705 0.81081081 0.86419753
 0.46153846 0.64285714 0.         0.46753247 0.55319149 0.55932203
 0.         0.49056604 0.         0.74418605 0.7        0.47368421
 0.77294686 0.45714286 0.52727273 0.49230769 0.07692308 0.47368421
 0.87179487 0.90909091 0.0952381  0.54545455 0.60465116 0.
 0.7755102  0.82758621 0.27272727 0.         0.87804878 0.
 0.22222222 0.8        0.3        0.82051282 0.         0.64367816
 0.55172414 0.         0.4        0.76190476 0.14285714 0.875
 0.43636364 0.37037037 0.52380952 0.57142857 0.86486486 0.52173913
 0.24       0.93333333 0.41860465 0.88888889 0.         0.90909091
 0.45714286 0.55172414 0.82926829 0.75       0.         0.
 0.45333333 0.74418605 0.         0.66666667 0.33333333 0.66666667
 0.34375    0.33333333 0.88235294 0.46511628 0.         0.8
 0.34482759 0.63333333 0.60869565 0.73170732 0.         0.69387755
 0.5        0.76923077 0.83333333 0.84       0.         0.82352941
 0.72222222 0.86666667 0.125      0.74285714 0.85       0.
 0.         0.59459459 0.89473684 0.         0.49056604 0.42857143
 0.36363636 0.92307692 0.64864865 0.8447205  0.13333333 0.54545455
 0.75       0.         0.78947368 0.91891892 0.3        0.55944056
 0.53571429 0.48888889 0.53846154 0.19047619 0.         0.66666667
 0.30769231 0.45454545 0.27118644 0.97560976 0.88088643 0.94117647
 0.66666667 0.53571429 0.41666667 0.08695652]
