mACC, mP, mR, mF1, ACC, P, R, F1
0.7202774108322325,0.7737757464945397,0.6886870671265191,0.6926052633487616
,[ 18  14  23  18  25  11  15  38   6  15  53  39  12  15  24  14  13  13
  18  16  28  18  19  15   3   1  18  20  17  11  13  20  14  16  14  16
  20  12   1  22  14   6  16  25   3  22  14  14  20  11  16   6  15  19
  17  11  21   7   2   6   8  17  21  19  18  17  14  19   0   6  14  23
  16   8  10  13  17  14  13  10  13   4  12  15  14  14  15   9  19  40
  15  39  17  21  16  49  13  17  15  18  26   9  21  19  46   6  14   6
  20  13  14  15  20  21   6  10  13   2   2  17  14   4  23   8   5  16
  25  14  37  16  14  37  19  14   1   9  30  29  12  15  20   8  21   9
 160   7  29  24  16  18  22  21  11  21  11  11  21  26  22  14  19  11
   3  19   3  15   7  23   9  19  12  17   4  12  14  17  17  18  15  11
  18  21  17  11   4  13  18   9  18   8   8  14  26  18   5  21   9  12
  14  15  17  16  13  14  12  15  13  19   9  16   9  20  15  19  14  17
  16  13   8  11  18  13   3  13  17  11  24  18   7  19  15  63   2  18
  18   9  14  18  10  39  14  14   9   9   7  14  13  12   2  20 160  24
  87  14  19  16]
,[0.72       0.875      0.95833333 0.6        0.69444444 1.
 0.53571429 0.82608696 1.         0.65217391 0.79104478 1.
 0.85714286 1.         0.6        0.7        0.86666667 0.72222222
 0.9        0.64       0.66666667 0.5625     0.7037037  0.83333333
 0.5        1.         0.41860465 0.625      0.77272727 0.36666667
 0.86666667 0.90909091 0.77777778 0.88888889 0.35897436 0.8
 0.8        0.85714286 1.         0.91666667 0.875      0.66666667
 0.88888889 0.625      0.6        0.91666667 0.56       0.51851852
 0.86956522 0.91666667 0.61538462 1.         0.9375     0.82608696
 0.80952381 0.73333333 0.58333333 0.5        1.         1.
 1.         0.80952381 0.7        1.         0.94736842 0.85
 0.7        0.55882353 0.         0.6        0.53846154 0.76666667
 0.61538462 0.8        0.83333333 0.92857143 1.         0.73684211
 0.44827586 0.5        0.8125     1.         0.8        0.9375
 0.66666667 0.875      0.75       1.         0.61290323 0.76923077
 0.88235294 0.8125     1.         0.95454545 1.         0.4537037
 1.         0.85       0.9375     0.81818182 0.36111111 0.9
 0.48837209 0.51351351 0.56097561 1.         0.93333333 1.
 0.83333333 0.76470588 1.         0.6        0.95238095 1.
 0.85714286 0.71428571 0.92857143 1.         1.         0.68
 0.51851852 0.8        0.88461538 1.         0.35714286 0.51612903
 0.625      0.73684211 1.         0.66666667 0.93333333 0.60655738
 0.9047619  1.         1.         0.9        0.55555556 0.74358974
 0.75       0.9375     0.68965517 0.88888889 0.72413793 0.52941176
 0.67510549 0.4375     0.78378378 0.63157895 0.57142857 0.33333333
 1.         0.77777778 0.91666667 0.53846154 0.84615385 0.6875
 0.72413793 0.86666667 0.25287356 1.         0.65517241 0.78571429
 0.6        0.95       0.75       0.83333333 0.63636364 0.85185185
 0.69230769 0.54285714 0.46153846 0.89473684 0.8        0.8
 0.93333333 0.80952381 0.62962963 0.85714286 0.68181818 0.57894737
 0.47368421 1.         0.70833333 0.78571429 0.36363636 0.92857143
 0.66666667 0.81818182 0.9        0.88888889 0.72727273 0.875
 0.96296296 0.85714286 0.83333333 0.65625    0.81818182 0.85714286
 0.7        0.53571429 0.89473684 1.         0.92857143 0.93333333
 0.8        0.75       0.65       0.82608696 0.9        0.59259259
 1.         0.86956522 0.88235294 1.         0.93333333 0.85
 1.         1.         0.8        0.91666667 1.         0.86666667
 1.         0.68421053 0.85       0.91666667 0.85714286 0.58064516
 0.77777778 0.95       0.78947368 0.88732394 0.33333333 0.47368421
 0.81818182 0.9        0.875      0.7826087  0.90909091 0.82978723
 0.56       1.         0.9        0.81818182 0.58333333 0.82352941
 0.76470588 0.75       0.5        0.95238095 0.72072072 0.96
 0.66923077 0.4516129  0.61290323 0.64      ]
,[0.9        0.7        0.74193548 0.69230769 0.83333333 0.61111111
 0.68181818 0.80851064 0.28571429 0.78947368 0.94642857 0.88636364
 0.6        0.83333333 0.96       0.73684211 0.61904762 0.61904762
 0.72       0.94117647 0.96551724 0.9        0.86363636 0.65217391
 0.13043478 0.04545455 0.9        0.90909091 0.80952381 0.52380952
 0.72222222 0.95238095 0.66666667 0.8        0.77777778 0.72727273
 0.83333333 0.54545455 0.05882353 0.88       0.77777778 0.33333333
 0.64       1.         0.17647059 0.81481481 0.73684211 0.66666667
 0.90909091 0.55       0.69565217 0.35294118 0.88235294 0.79166667
 0.85       0.52380952 0.95454545 0.36842105 0.11764706 0.33333333
 0.38095238 1.         0.84       0.7037037  0.85714286 1.
 0.82352941 0.86363636 0.         0.35294118 0.7        0.95833333
 0.8        0.34782609 0.58823529 0.76470588 0.89473684 0.77777778
 0.65       0.41666667 0.68421053 0.23529412 0.63157895 0.88235294
 0.60869565 0.875      0.78947368 0.45       0.86363636 0.93023256
 0.78947368 0.95121951 0.73913043 1.         0.88888889 0.85964912
 0.72222222 0.85       0.9375     0.94736842 0.92857143 0.5
 0.91304348 0.95       0.85185185 0.33333333 0.77777778 0.35294118
 0.625      0.76470588 0.82352941 0.88235294 0.83333333 0.875
 0.33333333 0.45454545 0.52       0.09090909 0.11111111 0.65384615
 0.82352941 0.19047619 1.         0.42105263 0.23809524 0.32653061
 0.96153846 0.66666667 0.97368421 0.84210526 0.73684211 0.97368421
 0.67857143 0.58333333 0.05263158 0.47368421 0.9375     0.74358974
 0.66666667 0.83333333 0.83333333 0.36363636 0.80769231 0.52941176
 1.         0.41176471 0.70731707 0.68571429 0.76190476 0.7826087
 1.         0.875      0.57894737 1.         0.57894737 0.55
 1.         0.86666667 0.52380952 0.82352941 0.9047619  0.57894737
 0.16666667 0.9047619  0.16666667 0.78947368 0.38888889 0.82142857
 0.47368421 0.9047619  0.70588235 0.85       0.18181818 0.70588235
 0.82352941 0.77272727 0.85       0.9        0.9375     0.52380952
 0.9        0.875      0.85       0.64705882 0.19047619 0.76470588
 0.94736842 0.5        0.75       0.34782609 0.34782609 0.60869565
 0.74285714 0.7826087  0.27777778 1.         0.45       0.54545455
 0.66666667 0.75       1.         0.8        0.68421053 0.875
 0.66666667 0.75       0.56521739 0.86363636 0.42857143 0.69565217
 0.47368421 0.71428571 0.71428571 0.67857143 0.82352941 0.85
 0.76190476 0.76470588 0.47058824 0.57894737 0.85714286 0.68421053
 0.1875     0.59090909 0.94444444 0.55       0.8        0.94736842
 0.36842105 1.         0.65217391 0.875      0.1        0.72
 0.7826087  0.45       0.77777778 0.9        0.58823529 0.95121951
 0.73684211 0.73684211 0.5        0.47368421 0.36842105 0.66666667
 0.68421053 0.70588235 0.1        1.         1.         1.
 1.         0.73684211 0.9047619  0.72727273]
,[0.8        0.77777778 0.83636364 0.64285714 0.75757576 0.75862069
 0.6        0.8172043  0.44444444 0.71428571 0.86178862 0.93975904
 0.70588235 0.90909091 0.73846154 0.71794872 0.72222222 0.66666667
 0.8        0.76190476 0.78873239 0.69230769 0.7755102  0.73170732
 0.20689655 0.08695652 0.57142857 0.74074074 0.79069767 0.43137255
 0.78787879 0.93023256 0.71794872 0.84210526 0.49122807 0.76190476
 0.81632653 0.66666667 0.11111111 0.89795918 0.82352941 0.44444444
 0.74418605 0.76923077 0.27272727 0.8627451  0.63636364 0.58333333
 0.88888889 0.6875     0.65306122 0.52173913 0.90909091 0.80851064
 0.82926829 0.61111111 0.72413793 0.42424242 0.21052632 0.5
 0.55172414 0.89473684 0.76363636 0.82608696 0.9        0.91891892
 0.75675676 0.67857143 0.         0.44444444 0.60869565 0.85185185
 0.69565217 0.48484848 0.68965517 0.83870968 0.94444444 0.75675676
 0.53061224 0.45454545 0.74285714 0.38095238 0.70588235 0.90909091
 0.63636364 0.875      0.76923077 0.62068966 0.71698113 0.84210526
 0.83333333 0.87640449 0.85       0.97674419 0.94117647 0.59393939
 0.83870968 0.85       0.9375     0.87804878 0.52       0.64285714
 0.63636364 0.66666667 0.67647059 0.5        0.84848485 0.52173913
 0.71428571 0.76470588 0.90322581 0.71428571 0.88888889 0.93333333
 0.48       0.55555556 0.66666667 0.16666667 0.2        0.66666667
 0.63636364 0.30769231 0.93877551 0.59259259 0.28571429 0.4
 0.75757576 0.7        0.98666667 0.74418605 0.82352941 0.74747475
 0.7755102  0.73684211 0.1        0.62068966 0.69767442 0.74358974
 0.70588235 0.88235294 0.75471698 0.51612903 0.76363636 0.52941176
 0.80604534 0.42424242 0.74358974 0.65753425 0.65306122 0.46753247
 1.         0.82352941 0.70967742 0.7        0.6875     0.61111111
 0.84       0.86666667 0.34108527 0.90322581 0.76       0.66666667
 0.26086957 0.92682927 0.27272727 0.81081081 0.48275862 0.83636364
 0.5625     0.67857143 0.55813953 0.87179487 0.2962963  0.75
 0.875      0.79069767 0.72340426 0.87804878 0.78947368 0.55
 0.62068966 0.93333333 0.77272727 0.70967742 0.25       0.83870968
 0.7826087  0.62068966 0.81818182 0.5        0.47058824 0.71794872
 0.83870968 0.81818182 0.41666667 0.79245283 0.58064516 0.66666667
 0.68292683 0.625      0.94444444 0.88888889 0.78787879 0.90322581
 0.72727273 0.75       0.60465116 0.84444444 0.58064516 0.64
 0.64285714 0.78431373 0.78947368 0.80851064 0.875      0.85
 0.86486486 0.86666667 0.59259259 0.70967742 0.92307692 0.76470588
 0.31578947 0.63414634 0.89473684 0.6875     0.82758621 0.72
 0.5        0.97435897 0.71428571 0.88111888 0.15384615 0.57142857
 0.8        0.6        0.82352941 0.8372093  0.71428571 0.88636364
 0.63636364 0.84848485 0.64285714 0.6        0.4516129  0.73684211
 0.72222222 0.72727273 0.16666667 0.97560976 0.83769634 0.97959184
 0.80184332 0.56       0.73076923 0.68085106]
