mACC, mP, mR, mF1, ACC, P, R, F1
0.657,0.6832406240461585,0.657,0.647112777457672
,[ 3 17 16 15 13 15 15 14 16 19 16 14 14 16  6  5 17  5 17  7 13 17 17  9
  6 17 17 13 14 18 13 10 11 20  1 19 14  7 14 12 16 10 19 10 14 13 13 18
 14 14 12 18 13 11  6  9 14 16  9 13 11 18 16 11 14  2  5 10 10 12 16 12
  7 17 13 18  4 19 14 14  8 19 14 15 11 15 17 18  8 15 20 12  2 10 16 19
 16 15 20 17]
,[0.23076923 0.85       0.8        0.44117647 0.72222222 0.55555556
 0.65217391 0.73684211 0.84210526 0.63333333 0.61538462 0.56
 0.875      0.5        0.5        0.29411765 0.56666667 0.625
 0.65384615 0.7        1.         0.80952381 0.65384615 0.52941176
 0.85714286 0.68       0.85       0.92857143 0.82352941 0.66666667
 1.         0.83333333 0.64705882 0.64516129 1.         0.9047619
 0.63636364 0.5        0.82352941 0.66666667 0.72727273 0.625
 0.46341463 0.45454545 0.7        0.65       0.65       0.81818182
 0.93333333 0.875      0.70588235 0.33962264 0.68421053 0.6875
 0.66666667 0.2195122  0.60869565 0.88888889 0.5625     0.65
 0.61111111 0.58064516 0.94117647 0.42307692 0.53846154 0.33333333
 0.71428571 0.58823529 0.71428571 0.63157895 1.         0.75
 0.58333333 0.94444444 0.68421053 0.69230769 0.5        0.7037037
 0.5        0.82352941 0.61538462 0.86363636 0.82352941 0.65217391
 0.30555556 0.78947368 0.68       0.72       0.88888889 0.71428571
 0.86956522 0.70588235 0.22222222 0.625      0.94117647 0.95
 0.8        0.9375     0.58823529 0.65384615]
,[0.15 0.85 0.8  0.75 0.65 0.75 0.75 0.7  0.8  0.95 0.8  0.7  0.7  0.8
 0.3  0.25 0.85 0.25 0.85 0.35 0.65 0.85 0.85 0.45 0.3  0.85 0.85 0.65
 0.7  0.9  0.65 0.5  0.55 1.   0.05 0.95 0.7  0.35 0.7  0.6  0.8  0.5
 0.95 0.5  0.7  0.65 0.65 0.9  0.7  0.7  0.6  0.9  0.65 0.55 0.3  0.45
 0.7  0.8  0.45 0.65 0.55 0.9  0.8  0.55 0.7  0.1  0.25 0.5  0.5  0.6
 0.8  0.6  0.35 0.85 0.65 0.9  0.2  0.95 0.7  0.7  0.4  0.95 0.7  0.75
 0.55 0.75 0.85 0.9  0.4  0.75 1.   0.6  0.1  0.5  0.8  0.95 0.8  0.75
 1.   0.85]
,[0.18181818 0.85       0.8        0.55555556 0.68421053 0.63829787
 0.69767442 0.71794872 0.82051282 0.76       0.69565217 0.62222222
 0.77777778 0.61538462 0.375      0.27027027 0.68       0.35714286
 0.73913043 0.46666667 0.78787879 0.82926829 0.73913043 0.48648649
 0.44444444 0.75555556 0.85       0.76470588 0.75675676 0.76595745
 0.78787879 0.625      0.59459459 0.78431373 0.0952381  0.92682927
 0.66666667 0.41176471 0.75675676 0.63157895 0.76190476 0.55555556
 0.62295082 0.47619048 0.7        0.65       0.65       0.85714286
 0.8        0.77777778 0.64864865 0.49315068 0.66666667 0.61111111
 0.4137931  0.29508197 0.65116279 0.84210526 0.5        0.65
 0.57894737 0.70588235 0.86486486 0.47826087 0.60869565 0.15384615
 0.37037037 0.54054054 0.58823529 0.61538462 0.88888889 0.66666667
 0.4375     0.89473684 0.66666667 0.7826087  0.28571429 0.80851064
 0.58333333 0.75675676 0.48484848 0.9047619  0.75675676 0.69767442
 0.39285714 0.76923077 0.75555556 0.8        0.55172414 0.73170732
 0.93023256 0.64864865 0.13793103 0.55555556 0.86486486 0.95
 0.8        0.83333333 0.74074074 0.73913043]
