mACC, mP, mR, mF1, ACC, P, R, F1
0.669,0.6968794099343475,0.6689999999999999,0.6630702579959952
,[ 7 19 17 13 11 12 17 17 13 18  8 15 12 17  5 14 17  7 13  3 16 16 13  8
 11 18 20 15 13 17 12 10 13 18  5 18  9  5 14 14 18 10 13 13 12 18 11 16
 16 17 18 15 17 15 10  0 15 16 14 11 12 19 18 11 12 11  3  8  8 11 18 10
 11 16 13 17  5 18  7 18 16 19 14 12 12 13 16 17 13 18 20 10  6 10 16 17
 19 17 15 17]
,[0.20588235 0.42222222 0.62962963 0.72222222 0.84615385 0.57142857
 0.5        0.60714286 0.68421053 0.72       0.61538462 0.6
 0.85714286 0.77272727 1.         0.29166667 0.85       0.53846154
 0.8125     0.6        0.94117647 0.76190476 0.86666667 0.72727273
 0.61111111 0.9        0.95238095 0.68181818 0.8125     0.80952381
 0.92307692 0.71428571 0.56521739 0.54545455 0.71428571 0.85714286
 0.64285714 0.45454545 0.82352941 0.7        0.43902439 0.43478261
 0.68421053 0.56521739 0.6        0.6        1.         0.8
 0.84210526 0.77272727 0.7826087  0.55555556 0.36170213 0.88235294
 0.71428571 0.         0.71428571 0.88888889 0.93333333 0.78571429
 0.36363636 0.82608696 0.81818182 0.5        0.92307692 0.40740741
 0.23076923 0.66666667 0.8        0.57894737 0.94736842 0.90909091
 0.6875     1.         0.92857143 1.         0.45454545 0.7826087
 0.58333333 0.7826087  0.53333333 0.95       0.77777778 0.8
 0.52173913 0.72222222 0.76190476 0.68       0.65       0.75
 0.83333333 0.625      0.35294118 0.5        0.8        0.89473684
 0.65517241 0.77272727 1.         0.70833333]
,[0.35 0.95 0.85 0.65 0.55 0.6  0.85 0.85 0.65 0.9  0.4  0.75 0.6  0.85
 0.25 0.7  0.85 0.35 0.65 0.15 0.8  0.8  0.65 0.4  0.55 0.9  1.   0.75
 0.65 0.85 0.6  0.5  0.65 0.9  0.25 0.9  0.45 0.25 0.7  0.7  0.9  0.5
 0.65 0.65 0.6  0.9  0.55 0.8  0.8  0.85 0.9  0.75 0.85 0.75 0.5  0.
 0.75 0.8  0.7  0.55 0.6  0.95 0.9  0.55 0.6  0.55 0.15 0.4  0.4  0.55
 0.9  0.5  0.55 0.8  0.65 0.85 0.25 0.9  0.35 0.9  0.8  0.95 0.7  0.6
 0.6  0.65 0.8  0.85 0.65 0.9  1.   0.5  0.3  0.5  0.8  0.85 0.95 0.85
 0.75 0.85]
,[0.25925926 0.58461538 0.72340426 0.68421053 0.66666667 0.58536585
 0.62962963 0.70833333 0.66666667 0.8        0.48484848 0.66666667
 0.70588235 0.80952381 0.4        0.41176471 0.85       0.42424242
 0.72222222 0.24       0.86486486 0.7804878  0.74285714 0.51612903
 0.57894737 0.9        0.97560976 0.71428571 0.72222222 0.82926829
 0.72727273 0.58823529 0.60465116 0.67924528 0.37037037 0.87804878
 0.52941176 0.32258065 0.75675676 0.7        0.59016393 0.46511628
 0.66666667 0.60465116 0.6        0.72       0.70967742 0.8
 0.82051282 0.80952381 0.8372093  0.63829787 0.50746269 0.81081081
 0.58823529 0.         0.73170732 0.84210526 0.8        0.64705882
 0.45283019 0.88372093 0.85714286 0.52380952 0.72727273 0.46808511
 0.18181818 0.5        0.53333333 0.56410256 0.92307692 0.64516129
 0.61111111 0.88888889 0.76470588 0.91891892 0.32258065 0.8372093
 0.4375     0.8372093  0.64       0.95       0.73684211 0.68571429
 0.55813953 0.68421053 0.7804878  0.75555556 0.65       0.81818182
 0.90909091 0.55555556 0.32432432 0.5        0.8        0.87179487
 0.7755102  0.80952381 0.85714286 0.77272727]
