mACC, mP, mR, mF1, ACC, P, R, F1
0.6655,0.6928803811303327,0.6655,0.6548092797032607
,[ 8 17 15 17 13 10 17 16 12 17  7  9 12 16  7 15 18 15 15 13 18 13  9  3
 14 18 18 16 17 11 18 15  6  8 14 16 10  0 15 11 18  7 17 13 10 17  9 19
 15 19 16 17 16 16  5  1 11 17 10 12 19 20 17 11 12 12  9  8  9  9 19  9
 11 18 14 19  5 17 10 19 15 20 12  5  6 14 16 18 12 15 20 13  1 10 15 20
 19 20 13 16]
,[0.21052632 0.77272727 0.83333333 0.37777778 0.8125     0.71428571
 0.53125    1.         0.54545455 0.89473684 0.875      0.47368421
 0.85714286 0.84210526 0.7        0.39473684 0.64285714 0.68181818
 0.68181818 0.76470588 0.6        0.76470588 0.75       0.6
 0.875      0.81818182 1.         0.84210526 0.5        0.6875
 0.52941176 0.39473684 0.6        0.66666667 0.5        1.
 0.625      0.         0.71428571 1.         0.58064516 0.5
 0.73913043 0.5        0.90909091 0.5        0.9        0.76
 0.88235294 0.63333333 0.72727273 0.62962963 0.8        0.66666667
 0.5        0.25       0.64705882 0.73913043 0.90909091 0.70588235
 0.61290323 0.83333333 0.94444444 0.47826087 0.75       0.3
 0.23684211 0.66666667 0.5625     0.9        0.95       0.69230769
 0.55       1.         0.66666667 0.7037037  0.5        0.5862069
 0.625      0.82608696 0.55555556 0.86956522 0.85714286 0.83333333
 0.6        0.875      0.57142857 0.7826087  0.85714286 0.75
 0.83333333 0.92857143 0.33333333 0.45454545 1.         0.76923077
 0.95       0.83333333 1.         0.69565217]
,[0.4  0.85 0.75 0.85 0.65 0.5  0.85 0.8  0.6  0.85 0.35 0.45 0.6  0.8
 0.35 0.75 0.9  0.75 0.75 0.65 0.9  0.65 0.45 0.15 0.7  0.9  0.9  0.8
 0.85 0.55 0.9  0.75 0.3  0.4  0.7  0.8  0.5  0.   0.75 0.55 0.9  0.35
 0.85 0.65 0.5  0.85 0.45 0.95 0.75 0.95 0.8  0.85 0.8  0.8  0.25 0.05
 0.55 0.85 0.5  0.6  0.95 1.   0.85 0.55 0.6  0.6  0.45 0.4  0.45 0.45
 0.95 0.45 0.55 0.9  0.7  0.95 0.25 0.85 0.5  0.95 0.75 1.   0.6  0.25
 0.3  0.7  0.8  0.9  0.6  0.75 1.   0.65 0.05 0.5  0.75 1.   0.95 1.
 0.65 0.8 ]
,[0.27586207 0.80952381 0.78947368 0.52307692 0.72222222 0.58823529
 0.65384615 0.88888889 0.57142857 0.87179487 0.5        0.46153846
 0.70588235 0.82051282 0.46666667 0.51724138 0.75       0.71428571
 0.71428571 0.7027027  0.72       0.7027027  0.5625     0.24
 0.77777778 0.85714286 0.94736842 0.82051282 0.62962963 0.61111111
 0.66666667 0.51724138 0.4        0.5        0.58333333 0.88888889
 0.55555556 0.         0.73170732 0.70967742 0.70588235 0.41176471
 0.79069767 0.56521739 0.64516129 0.62962963 0.6        0.84444444
 0.81081081 0.76       0.76190476 0.72340426 0.8        0.72727273
 0.33333333 0.08333333 0.59459459 0.79069767 0.64516129 0.64864865
 0.74509804 0.90909091 0.89473684 0.51162791 0.66666667 0.4
 0.31034483 0.5        0.5        0.6        0.95       0.54545455
 0.55       0.94736842 0.68292683 0.80851064 0.33333333 0.69387755
 0.55555556 0.88372093 0.63829787 0.93023256 0.70588235 0.38461538
 0.4        0.77777778 0.66666667 0.8372093  0.70588235 0.75
 0.90909091 0.76470588 0.08695652 0.47619048 0.85714286 0.86956522
 0.95       0.90909091 0.78787879 0.74418605]
