mACC, mP, mR, mF1, ACC, P, R, F1
0.61,0.6464431542714587,0.61,0.5982705394190689
,[ 8 14 15 16 10 11 17 12 12 17  6 15 13 10  2  2 14 20 14 12 13 13  8  7
 10 18 19 17 16 14 15 10  3 13  6 14 15  1  9 14 14 10 18  9 12 15  4 14
 12 18 17 14 13 17 10 11 17 18 17 12 10 14 16  3 12  1  1  7  1 10 16 11
 10 15  9 18 14 17  7 17 17 18 13 11  4 13 14 20 13 11 20 10  5  4 14 18
 14 18 13 14]
,[0.21621622 0.82352941 0.83333333 0.59259259 0.76923077 0.5
 0.62962963 0.52173913 0.63157895 0.89473684 0.75       0.6
 0.40625    0.83333333 1.         0.11764706 0.63636364 0.46511628
 0.63636364 0.48       0.38235294 0.8125     0.8        0.28
 0.90909091 0.54545455 0.76       0.94444444 0.59259259 0.73684211
 0.68181818 0.5        0.13043478 0.86666667 1.         0.93333333
 0.39473684 0.33333333 0.9        0.73684211 0.82352941 0.47619048
 0.54545455 0.69230769 0.70588235 0.42857143 1.         0.60869565
 0.75       0.64285714 0.47222222 0.82352941 0.76470588 0.89473684
 0.41666667 0.24444444 0.68       0.9        0.62962963 0.6
 0.43478261 0.60869565 0.84210526 0.375      0.6        0.33333333
 0.125      0.7        0.5        0.90909091 0.94117647 1.
 0.55555556 1.         0.9        0.85714286 0.38888889 0.68
 0.38888889 0.62962963 0.77272727 0.66666667 0.72222222 0.61111111
 0.25       0.65       0.875      0.64516129 0.59090909 0.6875
 0.86956522 0.43478261 0.3125     0.57142857 0.82352941 0.62068966
 0.82352941 0.66666667 0.86666667 0.73684211]
,[0.4  0.7  0.75 0.8  0.5  0.55 0.85 0.6  0.6  0.85 0.3  0.75 0.65 0.5
 0.1  0.1  0.7  1.   0.7  0.6  0.65 0.65 0.4  0.35 0.5  0.9  0.95 0.85
 0.8  0.7  0.75 0.5  0.15 0.65 0.3  0.7  0.75 0.05 0.45 0.7  0.7  0.5
 0.9  0.45 0.6  0.75 0.2  0.7  0.6  0.9  0.85 0.7  0.65 0.85 0.5  0.55
 0.85 0.9  0.85 0.6  0.5  0.7  0.8  0.15 0.6  0.05 0.05 0.35 0.05 0.5
 0.8  0.55 0.5  0.75 0.45 0.9  0.7  0.85 0.35 0.85 0.85 0.9  0.65 0.55
 0.2  0.65 0.7  1.   0.65 0.55 1.   0.5  0.25 0.2  0.7  0.9  0.7  0.9
 0.65 0.7 ]
,[0.28070175 0.75675676 0.78947368 0.68085106 0.60606061 0.52380952
 0.72340426 0.55813953 0.61538462 0.87179487 0.42857143 0.66666667
 0.5        0.625      0.18181818 0.10810811 0.66666667 0.63492063
 0.66666667 0.53333333 0.48148148 0.72222222 0.53333333 0.31111111
 0.64516129 0.67924528 0.84444444 0.89473684 0.68085106 0.71794872
 0.71428571 0.5        0.13953488 0.74285714 0.46153846 0.8
 0.51724138 0.08695652 0.6        0.71794872 0.75675676 0.48780488
 0.67924528 0.54545455 0.64864865 0.54545455 0.33333333 0.65116279
 0.66666667 0.75       0.60714286 0.75675676 0.7027027  0.87179487
 0.45454545 0.33846154 0.75555556 0.9        0.72340426 0.6
 0.46511628 0.65116279 0.82051282 0.21428571 0.6        0.08695652
 0.07142857 0.46666667 0.09090909 0.64516129 0.86486486 0.70967742
 0.52631579 0.85714286 0.6        0.87804878 0.5        0.75555556
 0.36842105 0.72340426 0.80952381 0.76595745 0.68421053 0.57894737
 0.22222222 0.65       0.77777778 0.78431373 0.61904762 0.61111111
 0.93023256 0.46511628 0.27777778 0.2962963  0.75675676 0.73469388
 0.75675676 0.76595745 0.74285714 0.71794872]
