mACC, mP, mR, mF1, ACC, P, R, F1
0.444,0.471184495667547,0.44400000000000006,0.4220430960798412
,[ 4  7  8 16  2  4  3 12  3 14  3  0  2  2  5  0 10 19  3  5  7  3  4  9
 11  8 19 14 13  6  5  4  1  3  9 14 14  0 15 10 15  9  4 10  7 15  9 11
  8 17  6 14 14 17  7 19 15 13 14 15  5 13 19  2  3  2  2  0  0  0 17 12
  5 17 10 17  4  7  5 19  8 18  9 12  2  3 10 18 17 14 19 10  7  3  0 12
 14 14  9  0]
,[0.13793103 0.77777778 0.8        0.32       0.28571429 0.15384615
 0.12       0.5        0.75       0.7        0.1875     0.
 0.33333333 0.22222222 0.5        0.         0.71428571 0.48717949
 0.21428571 0.25       0.58333333 0.6        0.8        0.31034483
 0.57894737 0.19512195 0.65517241 0.73684211 0.56521739 0.66666667
 0.17857143 0.66666667 0.03703704 0.1875     0.27272727 0.93333333
 0.25454545 0.         0.32608696 0.625      0.53571429 0.23076923
 0.57142857 0.3030303  0.875      0.48387097 0.75       0.6875
 0.2962963  0.44736842 0.4        0.73684211 0.73684211 0.60714286
 0.36842105 0.43181818 0.36585366 0.56521739 0.3255814  0.41666667
 0.3125     0.86666667 0.76       0.18181818 0.6        0.33333333
 0.28571429 0.         0.         0.         0.94444444 0.75
 0.38461538 0.85       0.4        0.94444444 0.19047619 0.21875
 0.3125     0.5        0.61538462 0.75       0.64285714 0.48
 1.         0.14285714 0.76923077 0.72       0.425      0.42424242
 1.         0.52631579 0.11290323 0.3        0.         1.
 0.875      0.73684211 1.         0.        ]
,[0.2  0.35 0.4  0.8  0.1  0.2  0.15 0.6  0.15 0.7  0.15 0.   0.1  0.1
 0.25 0.   0.5  0.95 0.15 0.25 0.35 0.15 0.2  0.45 0.55 0.4  0.95 0.7
 0.65 0.3  0.25 0.2  0.05 0.15 0.45 0.7  0.7  0.   0.75 0.5  0.75 0.45
 0.2  0.5  0.35 0.75 0.45 0.55 0.4  0.85 0.3  0.7  0.7  0.85 0.35 0.95
 0.75 0.65 0.7  0.75 0.25 0.65 0.95 0.1  0.15 0.1  0.1  0.   0.   0.
 0.85 0.6  0.25 0.85 0.5  0.85 0.2  0.35 0.25 0.95 0.4  0.9  0.45 0.6
 0.1  0.15 0.5  0.9  0.85 0.7  0.95 0.5  0.35 0.15 0.   0.6  0.7  0.7
 0.45 0.  ]
,[0.16326531 0.48275862 0.53333333 0.45714286 0.14814815 0.17391304
 0.13333333 0.54545455 0.25       0.7        0.16666667 0.
 0.15384615 0.13793103 0.33333333 0.         0.58823529 0.6440678
 0.17647059 0.25       0.4375     0.24       0.32       0.36734694
 0.56410256 0.26229508 0.7755102  0.71794872 0.60465116 0.4137931
 0.20833333 0.30769231 0.04255319 0.16666667 0.33962264 0.8
 0.37333333 0.         0.45454545 0.55555556 0.625      0.30508475
 0.2962963  0.37735849 0.5        0.58823529 0.5625     0.61111111
 0.34042553 0.5862069  0.34285714 0.71794872 0.71794872 0.70833333
 0.35897436 0.59375    0.49180328 0.60465116 0.44444444 0.53571429
 0.27777778 0.74285714 0.84444444 0.12903226 0.24       0.15384615
 0.14814815 0.         0.         0.         0.89473684 0.66666667
 0.3030303  0.85       0.44444444 0.89473684 0.19512195 0.26923077
 0.27777778 0.65517241 0.48484848 0.81818182 0.52941176 0.53333333
 0.18181818 0.14634146 0.60606061 0.8        0.56666667 0.52830189
 0.97435897 0.51282051 0.17073171 0.2        0.         0.75
 0.77777778 0.71794872 0.62068966 0.        ]
