mACC, mP, mR, mF1, ACC, P, R, F1
0.495,0.5259375448852116,0.495,0.4769254974048139
,[ 3 16 15 17  2  0 10 15  1 16  6  0 13 14  2  0  8 15  0  4 13  1 17  9
  8  7 20 15 12 13 19 11  1  0 11 16  6  0  1 11 17  5 17 14 10 11 10 17
 16 18 13 18 14 13  6 15  4  0  9 13  2 16 17  4 10  9  5  0  5  6 17  9
  8 15 11 16  0 14  6 10  7 19 16  3  5  3 14 17 12 13 20 10  5  8 17  9
 13 17 14  0]
,[0.13636364 0.69565217 0.78947368 0.25757576 0.33333333 0.
 0.41666667 0.83333333 0.33333333 0.94117647 0.5        0.
 0.56521739 0.58333333 0.5        0.         0.53333333 0.34883721
 0.         0.2        0.30232558 0.0625     0.70833333 0.36
 1.         0.5        0.90909091 0.9375     0.52173913 0.61904762
 0.24050633 0.14864865 0.0625     0.         0.2        0.84210526
 0.4        0.         1.         0.84615385 0.41463415 0.27777778
 0.89473684 0.4516129  0.58823529 0.84615385 0.83333333 0.5483871
 0.26666667 0.375      0.68421053 0.4        0.7        0.92857143
 0.6        0.68181818 0.30769231 0.         0.47368421 0.52
 0.25       0.76190476 0.89473684 0.11111111 0.76923077 0.375
 0.2173913  0.         0.35714286 0.75       0.94444444 0.81818182
 0.66666667 1.         0.6875     1.         0.         0.56
 0.35294118 0.83333333 0.53846154 1.         0.57142857 1.
 0.625      0.12       0.73684211 0.77272727 0.66666667 0.8125
 0.95238095 0.71428571 0.29411765 0.5        0.45945946 1.
 0.68421053 0.73913043 0.63636364 0.        ]
,[0.15 0.8  0.75 0.85 0.1  0.   0.5  0.75 0.05 0.8  0.3  0.   0.65 0.7
 0.1  0.   0.4  0.75 0.   0.2  0.65 0.05 0.85 0.45 0.4  0.35 1.   0.75
 0.6  0.65 0.95 0.55 0.05 0.   0.55 0.8  0.3  0.   0.05 0.55 0.85 0.25
 0.85 0.7  0.5  0.55 0.5  0.85 0.8  0.9  0.65 0.9  0.7  0.65 0.3  0.75
 0.2  0.   0.45 0.65 0.1  0.8  0.85 0.2  0.5  0.45 0.25 0.   0.25 0.3
 0.85 0.45 0.4  0.75 0.55 0.8  0.   0.7  0.3  0.5  0.35 0.95 0.8  0.15
 0.25 0.15 0.7  0.85 0.6  0.65 1.   0.5  0.25 0.4  0.85 0.45 0.65 0.85
 0.7  0.  ]
,[0.14285714 0.74418605 0.76923077 0.39534884 0.15384615 0.
 0.45454545 0.78947368 0.08695652 0.86486486 0.375      0.
 0.60465116 0.63636364 0.16666667 0.         0.45714286 0.47619048
 0.         0.2        0.41269841 0.05555556 0.77272727 0.4
 0.57142857 0.41176471 0.95238095 0.83333333 0.55813953 0.63414634
 0.38383838 0.23404255 0.05555556 0.         0.29333333 0.82051282
 0.34285714 0.         0.0952381  0.66666667 0.55737705 0.26315789
 0.87179487 0.54901961 0.54054054 0.66666667 0.625      0.66666667
 0.4        0.52941176 0.66666667 0.55384615 0.7        0.76470588
 0.4        0.71428571 0.24242424 0.         0.46153846 0.57777778
 0.14285714 0.7804878  0.87179487 0.14285714 0.60606061 0.40909091
 0.23255814 0.         0.29411765 0.42857143 0.89473684 0.58064516
 0.5        0.85714286 0.61111111 0.88888889 0.         0.62222222
 0.32432432 0.625      0.42424242 0.97435897 0.66666667 0.26086957
 0.35714286 0.13333333 0.71794872 0.80952381 0.63157895 0.72222222
 0.97560976 0.58823529 0.27027027 0.44444444 0.59649123 0.62068966
 0.66666667 0.79069767 0.66666667 0.        ]
