mACC, mP, mR, mF1, ACC, P, R, F1
0.7148282694848085,0.7138280742780694,0.674959227482562,0.6650579107355399
,[ 18  15  27  11  25   6   6  43  15  12  53  43  11  18  25   9  14  14
  12  13  23  16  20  18   0   9  16  14  19   3  12  10  14  19  10  19
  18  17   1  21  17   7  19  16   1  25  14  11  21  15  15  11  16  21
  10  17  18   9   0   2  14  15  22  24  19  13  10  11   5   2   0  20
  14   1   8  15  18  15  12   9  12   9   0  16  16  16  14   7  10  37
  17  40  18  21   9  46  16  17  11  18  26   4  20  18  41   9  15   3
  26  15  13   8  21  21   4  21  19  15   9  20  15  12  23  14   3  24
  25  18  38  15  13  34  28  20   0   9  32  34  14  14  21  18  24   8
 160   9  36  20   7  13  21  23  13  17   9   0  21  26  27  12  20   5
   0  20   0  16   4  28  11  16   8  18   6  13  13  17  13  19  16   4
  14  23  19  16   2  16  13   6  21  15  11  20  24  18   0  21   9  15
   9  12  17  16   1  15   8  19  23  14   6  17   6  26  18  27  12  17
  19  15   1  13  19   7  13  12  16  11  28  17   6  19  12  69   0  23
  18   4  16  17  10  38  13  12   1  14   7  17  13   6   7  20 158  24
  87  15  13  17]
,[0.9        0.65217391 0.61363636 0.55       0.80645161 1.
 0.75       0.76785714 0.83333333 0.8        0.88333333 0.89583333
 0.6875     0.75       0.69444444 0.81818182 0.60869565 0.60869565
 1.         0.86666667 0.60526316 0.8        0.76923077 0.9
 0.         0.52941176 0.57142857 0.51851852 0.79166667 0.23076923
 0.85714286 0.90909091 0.58333333 1.         0.52631579 0.48717949
 0.81818182 0.65384615 0.5        0.91304348 0.77272727 0.63636364
 0.54285714 0.8        0.33333333 0.80645161 0.82352941 0.91666667
 0.55263158 0.78947368 0.71428571 0.6875     0.57142857 0.5
 0.83333333 0.80952381 0.81818182 0.6        0.         0.66666667
 0.60869565 0.65217391 0.73333333 0.96       0.76       1.
 1.         0.5        0.83333333 1.         0.         0.90909091
 0.66666667 0.25       0.53333333 0.83333333 0.85714286 0.78947368
 0.54545455 0.81818182 1.         0.5        0.         1.
 0.61538462 0.84210526 0.93333333 1.         0.90909091 0.90243902
 0.85       0.81632653 1.         0.95454545 0.9        0.64788732
 0.61538462 0.94444444 1.         0.94736842 0.54166667 0.8
 0.86956522 0.51428571 0.65079365 0.69230769 0.9375     1.
 0.63414634 1.         0.76470588 0.8        0.95454545 0.95454545
 0.57142857 0.84       0.63333333 0.6        0.81818182 0.90909091
 1.         0.46153846 0.95833333 1.         0.15       0.36363636
 0.5952381  0.6        1.         0.53571429 1.         0.75555556
 0.4375     0.58823529 0.         0.75       0.74418605 0.55737705
 0.46666667 0.93333333 0.72413793 0.62068966 0.66666667 0.61538462
 0.93567251 0.52941176 0.62068966 0.71428571 0.35       0.8125
 0.72413793 0.85185185 0.86666667 0.5862069  0.64285714 0.
 0.95454545 0.8125     0.23478261 0.75       0.52631579 0.83333333
 0.         0.8        0.         0.88888889 0.8        0.93333333
 0.78571429 0.66666667 0.88888889 0.94736842 0.5        1.
 0.72222222 0.5862069  0.8125     0.9047619  0.48484848 0.66666667
 0.60869565 0.95833333 0.63333333 0.72727273 0.4        0.94117647
 0.76470588 0.6        0.95454545 1.         0.64705882 0.57142857
 1.         0.85714286 0.         0.77777778 0.81818182 1.
 0.5        0.48       0.94444444 0.8        1.         0.9375
 0.8        0.44186047 0.54761905 0.4516129  0.4        0.65384615
 0.6        0.86666667 0.5625     0.79411765 1.         0.80952381
 0.86363636 0.83333333 0.25       0.86666667 0.9047619  0.77777778
 0.65       0.6        0.94117647 0.84615385 0.62222222 0.89473684
 0.42857143 0.95       0.92307692 0.75824176 0.         0.33823529
 0.85714286 1.         0.8        0.73913043 0.90909091 0.9047619
 0.65       1.         1.         0.7        0.46666667 0.5483871
 0.72222222 0.85714286 0.38888889 0.90909091 0.83597884 0.88888889
 0.95604396 0.71428571 0.54166667 0.65384615]
,[0.9        0.75       0.87096774 0.42307692 0.83333333 0.33333333
 0.27272727 0.91489362 0.71428571 0.63157895 0.94642857 0.97727273
 0.55       1.         1.         0.47368421 0.66666667 0.66666667
 0.48       0.76470588 0.79310345 0.8        0.90909091 0.7826087
 0.         0.40909091 0.8        0.63636364 0.9047619  0.14285714
 0.66666667 0.47619048 0.66666667 0.95       0.55555556 0.86363636
 0.75       0.77272727 0.05882353 0.84       0.94444444 0.38888889
 0.76       0.64       0.05882353 0.92592593 0.73684211 0.52380952
 0.95454545 0.75       0.65217391 0.64705882 0.94117647 0.875
 0.5        0.80952381 0.81818182 0.47368421 0.         0.11111111
 0.66666667 0.88235294 0.88       0.88888889 0.9047619  0.76470588
 0.58823529 0.5        0.25       0.11764706 0.         0.83333333
 0.7        0.04347826 0.47058824 0.88235294 0.94736842 0.83333333
 0.6        0.375      0.63157895 0.52941176 0.         0.94117647
 0.69565217 1.         0.73684211 0.35       0.45454545 0.86046512
 0.89473684 0.97560976 0.7826087  1.         0.5        0.80701754
 0.88888889 0.85       0.6875     0.94736842 0.92857143 0.22222222
 0.86956522 0.9        0.75925926 0.5        0.83333333 0.17647059
 0.8125     0.88235294 0.76470588 0.47058824 0.875      0.875
 0.22222222 0.95454545 0.76       0.68181818 0.5        0.76923077
 0.88235294 0.57142857 1.         0.73684211 0.14285714 0.48979592
 0.96153846 0.85714286 1.         0.78947368 0.68421053 0.89473684
 1.         0.83333333 0.         0.47368421 1.         0.87179487
 0.77777778 0.77777778 0.875      0.81818182 0.92307692 0.47058824
 1.         0.52941176 0.87804878 0.57142857 0.33333333 0.56521739
 0.95454545 0.95833333 0.68421053 0.80952381 0.47368421 0.
 1.         0.86666667 0.64285714 0.70588235 0.95238095 0.26315789
 0.         0.95238095 0.         0.84210526 0.22222222 1.
 0.57894737 0.76190476 0.47058824 0.9        0.27272727 0.76470588
 0.76470588 0.77272727 0.65       0.95       1.         0.19047619
 0.7        0.95833333 0.95       0.94117647 0.0952381  0.94117647
 0.68421053 0.33333333 0.875      0.65217391 0.47826087 0.86956522
 0.68571429 0.7826087  0.         1.         0.45       0.68181818
 0.42857143 0.6        1.         0.8        0.05263158 0.9375
 0.44444444 0.95       1.         0.63636364 0.28571429 0.73913043
 0.31578947 0.92857143 0.85714286 0.96428571 0.70588235 0.85
 0.9047619  0.88235294 0.05882353 0.68421053 0.9047619  0.36842105
 0.8125     0.54545455 0.88888889 0.55       0.93333333 0.89473684
 0.31578947 1.         0.52173913 0.95833333 0.         0.92
 0.7826087  0.2        0.88888889 0.85       0.58823529 0.92682927
 0.68421053 0.63157895 0.05555556 0.73684211 0.36842105 0.80952381
 0.68421053 0.35294118 0.35       1.         0.9875     1.
 1.         0.78947368 0.61904762 0.77272727]
,[0.9        0.69767442 0.72       0.47826087 0.81967213 0.5
 0.4        0.83495146 0.76923077 0.70588235 0.9137931  0.93478261
 0.61111111 0.85714286 0.81967213 0.6        0.63636364 0.63636364
 0.64864865 0.8125     0.68656716 0.8        0.83333333 0.8372093
 0.         0.46153846 0.66666667 0.57142857 0.84444444 0.17647059
 0.75       0.625      0.62222222 0.97435897 0.54054054 0.62295082
 0.7826087  0.70833333 0.10526316 0.875      0.85       0.48275862
 0.63333333 0.71111111 0.1        0.86206897 0.77777778 0.66666667
 0.7        0.76923077 0.68181818 0.66666667 0.71111111 0.63636364
 0.625      0.80952381 0.81818182 0.52941176 0.         0.19047619
 0.63636364 0.75       0.8        0.92307692 0.82608696 0.86666667
 0.74074074 0.5        0.38461538 0.21052632 0.         0.86956522
 0.68292683 0.07407407 0.5        0.85714286 0.9        0.81081081
 0.57142857 0.51428571 0.77419355 0.51428571 0.         0.96969697
 0.65306122 0.91428571 0.82352941 0.51851852 0.60606061 0.88095238
 0.87179487 0.88888889 0.87804878 0.97674419 0.64285714 0.71875
 0.72727273 0.89473684 0.81481481 0.94736842 0.68421053 0.34782609
 0.86956522 0.65454545 0.7008547  0.58064516 0.88235294 0.3
 0.71232877 0.9375     0.76470588 0.59259259 0.91304348 0.91304348
 0.32       0.89361702 0.69090909 0.63829787 0.62068966 0.83333333
 0.9375     0.5106383  0.9787234  0.84848485 0.14634146 0.4173913
 0.73529412 0.70588235 1.         0.63829787 0.8125     0.81927711
 0.60869565 0.68965517 0.         0.58064516 0.85333333 0.68
 0.58333333 0.84848485 0.79245283 0.70588235 0.77419355 0.53333333
 0.96676737 0.52941176 0.72727273 0.63492063 0.34146341 0.66666667
 0.82352941 0.90196078 0.76470588 0.68       0.54545455 0.
 0.97674419 0.83870968 0.34394904 0.72727273 0.6779661  0.4
 0.         0.86956522 0.         0.86486486 0.34782609 0.96551724
 0.66666667 0.71111111 0.61538462 0.92307692 0.35294118 0.86666667
 0.74285714 0.66666667 0.72222222 0.92682927 0.65306122 0.2962963
 0.65116279 0.95833333 0.76       0.82051282 0.15384615 0.94117647
 0.72222222 0.42857143 0.91304348 0.78947368 0.55       0.68965517
 0.81355932 0.81818182 0.         0.875      0.58064516 0.81081081
 0.46153846 0.53333333 0.97142857 0.8        0.1        0.9375
 0.57142857 0.6031746  0.70769231 0.52830189 0.33333333 0.69387755
 0.4137931  0.89655172 0.67924528 0.87096774 0.82758621 0.82926829
 0.88372093 0.85714286 0.0952381  0.76470588 0.9047619  0.5
 0.72222222 0.57142857 0.91428571 0.66666667 0.74666667 0.89473684
 0.36363636 0.97435897 0.66666667 0.84662577 0.         0.49462366
 0.81818182 0.33333333 0.84210526 0.79069767 0.71428571 0.91566265
 0.66666667 0.77419355 0.10526316 0.71794872 0.41176471 0.65384615
 0.7027027  0.5        0.36842105 0.95238095 0.90544413 0.94117647
 0.97752809 0.75       0.57777778 0.70833333]
