mACC, mP, mR, mF1, ACC, P, R, F1
0.7544583883751651,0.7891355567204976,0.7247272824616481,0.729538574353815
,[ 15  15  21  17  29  11  16  35  15  16  54  44  16  13  21  16  15  12
  20  14  22  18  22  18  13   9  18  12  19   7  14  19  10  18  11  19
  21   9   2  21  15   7  18  25  12  24  13  12  21  11  20  15  14  17
  15  13  21   6   4   5  14  17  21  26  16  12  14  16   1   5  11  23
  16   9   8  15  17   8  12   7  13   9  13  16  18  14  15  13  17  41
  17  38  18  20  11  41  13  15  12  16  22   5  22  16  49  11  16   6
  21  15  13  14  20  22   9  19  15  18   8  16  15   7  22  15   5  28
  25  15  37  19  15  37  27  19   4  16  30  33  13  13  20  19  19   4
 160   6  26  25  14  19  22  20  16  21   7  11  20  24  24  14  21  13
   6  20  11  16   8  23  12  20  12  19   4  14  11  17  19  18  15  12
  19  23  19  15   4  16  15  10  22  19   1  16  27  15   6  17  11  14
   7  17  17  16  10  16   7  18  18  18  10  20  11  24  20  26  14  18
  21  13   1  15  21  15   1  19  17  11  25  16   6  19  19  66   0  24
  19  10  15  16   9  39  14  15   8  13  10  12  12  10   6  20 159  24
  87  17  17  15]
,[0.83333333 0.88235294 0.875      0.65384615 0.87878788 0.91666667
 0.57142857 0.79545455 0.68181818 0.84210526 0.7826087  0.78571429
 0.76190476 0.92857143 0.875      0.61538462 0.9375     0.8
 0.90909091 0.82352941 0.95652174 0.85714286 0.95652174 0.7826087
 0.8125     0.75       0.7826087  0.8        0.86363636 0.46666667
 0.63636364 0.9047619  0.83333333 0.94736842 0.52380952 0.82608696
 0.75       1.         0.25       0.91304348 0.75       0.875
 0.6        0.75757576 0.70588235 0.82758621 0.72222222 0.92307692
 0.875      0.84615385 0.48780488 0.68181818 1.         0.73913043
 0.83333333 0.72222222 0.84       0.42857143 0.8        0.83333333
 1.         1.         1.         0.8125     1.         0.92307692
 0.7        0.94117647 1.         1.         0.91666667 0.76666667
 0.88888889 1.         0.53333333 1.         0.94444444 0.8
 0.48       0.77777778 0.48148148 1.         1.         1.
 0.69230769 0.93333333 0.83333333 0.72222222 0.77272727 0.65079365
 0.89473684 0.84444444 0.7826087  1.         1.         0.74545455
 0.8125     1.         0.92307692 1.         0.75862069 1.
 0.88       0.55172414 0.57647059 0.84615385 1.         0.5
 0.84       0.9375     0.92857143 0.82352941 1.         1.
 0.81818182 0.82608696 0.75       0.5625     0.66666667 0.88888889
 0.78947368 0.53846154 1.         0.88235294 0.45454545 0.32183908
 0.54347826 0.625      0.97368421 0.79166667 0.46875    0.62711864
 0.77142857 0.7037037  1.         0.88888889 0.90909091 0.64705882
 0.68421053 1.         0.74074074 0.7037037  0.86363636 0.8
 0.85106383 0.75       0.65       0.71428571 0.60869565 0.86363636
 0.81481481 0.74074074 0.84210526 0.75       0.5        0.64705882
 0.8        0.96       0.33802817 0.66666667 0.67741935 0.36111111
 0.66666667 0.86956522 0.55       0.72727273 0.61538462 0.95833333
 1.         0.83333333 0.70588235 0.86363636 0.44444444 0.66666667
 1.         0.85       0.86363636 1.         0.78947368 0.42857143
 0.9047619  1.         0.79166667 0.71428571 0.25       0.88888889
 0.83333333 0.625      0.61111111 0.7037037  1.         0.84210526
 0.96428571 0.78947368 0.54545455 0.94444444 0.61111111 0.82352941
 1.         0.44736842 1.         0.88888889 0.90909091 0.94117647
 1.         0.48648649 0.72       1.         0.55555556 0.66666667
 0.91666667 0.82758621 0.90909091 0.89655172 0.93333333 0.7826087
 0.91304348 1.         1.         1.         0.65625    0.75
 1.         0.61290323 0.94444444 1.         0.78125    0.94117647
 0.75       1.         0.59375    0.81481481 0.         0.36363636
 0.86363636 0.66666667 0.83333333 0.8        0.9        0.61904762
 0.48275862 0.88235294 0.88888889 0.76470588 0.76923077 0.85714286
 0.8        0.90909091 1.         0.95238095 0.78325123 0.88888889
 0.70731707 0.89473684 0.47222222 0.6       ]
,[0.75       0.75       0.67741935 0.65384615 0.96666667 0.61111111
 0.72727273 0.74468085 0.71428571 0.84210526 0.96428571 1.
 0.8        0.72222222 0.84       0.84210526 0.71428571 0.57142857
 0.8        0.82352941 0.75862069 0.9        1.         0.7826087
 0.56521739 0.40909091 0.9        0.54545455 0.9047619  0.33333333
 0.77777778 0.9047619  0.47619048 0.9        0.61111111 0.86363636
 0.875      0.40909091 0.11764706 0.84       0.83333333 0.38888889
 0.72       1.         0.70588235 0.88888889 0.68421053 0.57142857
 0.95454545 0.55       0.86956522 0.88235294 0.82352941 0.70833333
 0.75       0.61904762 0.95454545 0.31578947 0.23529412 0.27777778
 0.66666667 1.         0.84       0.96296296 0.76190476 0.70588235
 0.82352941 0.72727273 0.05       0.29411765 0.55       0.95833333
 0.8        0.39130435 0.47058824 0.88235294 0.89473684 0.44444444
 0.6        0.29166667 0.68421053 0.52941176 0.68421053 0.94117647
 0.7826087  0.875      0.78947368 0.65       0.77272727 0.95348837
 0.89473684 0.92682927 0.7826087  0.95238095 0.61111111 0.71929825
 0.72222222 0.75       0.75       0.84210526 0.78571429 0.27777778
 0.95652174 0.8        0.90740741 0.61111111 0.88888889 0.35294118
 0.65625    0.88235294 0.76470588 0.82352941 0.83333333 0.91666667
 0.5        0.86363636 0.6        0.81818182 0.44444444 0.61538462
 0.88235294 0.33333333 0.95652174 0.78947368 0.23809524 0.57142857
 0.96153846 0.71428571 0.97368421 1.         0.78947368 0.97368421
 0.96428571 0.79166667 0.21052632 0.84210526 0.9375     0.84615385
 0.72222222 0.72222222 0.83333333 0.86363636 0.73076923 0.23529412
 1.         0.35294118 0.63414634 0.71428571 0.66666667 0.82608696
 1.         0.83333333 0.84210526 1.         0.36842105 0.55
 0.95238095 0.8        0.57142857 0.82352941 1.         0.68421053
 0.33333333 0.95238095 0.61111111 0.84210526 0.44444444 0.82142857
 0.63157895 0.95238095 0.70588235 0.95       0.18181818 0.82352941
 0.64705882 0.77272727 0.95       0.9        0.9375     0.57142857
 0.95       0.95833333 0.95       0.88235294 0.19047619 0.94117647
 0.78947368 0.55555556 0.91666667 0.82608696 0.04347826 0.69565217
 0.77142857 0.65217391 0.33333333 0.80952381 0.55       0.63636364
 0.33333333 0.85       1.         0.8        0.52631579 1.
 0.38888889 0.9        0.7826087  0.81818182 0.47619048 0.86956522
 0.57894737 0.85714286 0.95238095 0.92857143 0.82352941 0.9
 1.         0.76470588 0.05882353 0.78947368 1.         0.78947368
 0.0625     0.86363636 0.94444444 0.55       0.83333333 0.84210526
 0.31578947 1.         0.82608696 0.91666667 0.         0.96
 0.82608696 0.5        0.83333333 0.8        0.52941176 0.95121951
 0.73684211 0.78947368 0.44444444 0.68421053 0.52631579 0.57142857
 0.63157895 0.58823529 0.3        1.         0.99375    1.
 1.         0.89473684 0.80952381 0.68181818]
,[0.78947368 0.81081081 0.76363636 0.65384615 0.92063492 0.73333333
 0.64       0.76923077 0.69767442 0.84210526 0.864      0.88
 0.7804878  0.8125     0.85714286 0.71111111 0.81081081 0.66666667
 0.85106383 0.82352941 0.84615385 0.87804878 0.97777778 0.7826087
 0.66666667 0.52941176 0.8372093  0.64864865 0.88372093 0.38888889
 0.7        0.9047619  0.60606061 0.92307692 0.56410256 0.84444444
 0.80769231 0.58064516 0.16       0.875      0.78947368 0.53846154
 0.65454545 0.86206897 0.70588235 0.85714286 0.7027027  0.70588235
 0.91304348 0.66666667 0.625      0.76923077 0.90322581 0.72340426
 0.78947368 0.66666667 0.89361702 0.36363636 0.36363636 0.41666667
 0.8        1.         0.91304348 0.88135593 0.86486486 0.8
 0.75675676 0.82051282 0.0952381  0.45454545 0.6875     0.85185185
 0.84210526 0.5625     0.5        0.9375     0.91891892 0.57142857
 0.53333333 0.42424242 0.56521739 0.69230769 0.8125     0.96969697
 0.73469388 0.90322581 0.81081081 0.68421053 0.77272727 0.77358491
 0.89473684 0.88372093 0.7826087  0.97560976 0.75862069 0.73214286
 0.76470588 0.85714286 0.82758621 0.91428571 0.77192982 0.43478261
 0.91666667 0.65306122 0.70503597 0.70967742 0.94117647 0.4137931
 0.73684211 0.90909091 0.83870968 0.82352941 0.90909091 0.95652174
 0.62068966 0.84444444 0.66666667 0.66666667 0.53333333 0.72727273
 0.83333333 0.41176471 0.97777778 0.83333333 0.3125     0.41176471
 0.69444444 0.66666667 0.97368421 0.88372093 0.58823529 0.7628866
 0.85714286 0.74509804 0.34782609 0.86486486 0.92307692 0.73333333
 0.7027027  0.83870968 0.78431373 0.7755102  0.79166667 0.36363636
 0.91954023 0.48       0.64197531 0.71428571 0.63636364 0.84444444
 0.89795918 0.78431373 0.84210526 0.85714286 0.42424242 0.59459459
 0.86956522 0.87272727 0.42477876 0.73684211 0.80769231 0.47272727
 0.44444444 0.90909091 0.57894737 0.7804878  0.51612903 0.88461538
 0.77419355 0.88888889 0.70588235 0.9047619  0.25806452 0.73684211
 0.78571429 0.80952381 0.9047619  0.94736842 0.85714286 0.48979592
 0.92682927 0.9787234  0.86363636 0.78947368 0.21621622 0.91428571
 0.81081081 0.58823529 0.73333333 0.76       0.08333333 0.76190476
 0.85714286 0.71428571 0.4137931  0.87179487 0.57894737 0.71794872
 0.5        0.5862069  1.         0.84210526 0.66666667 0.96969697
 0.56       0.63157895 0.75       0.9        0.51282051 0.75471698
 0.70967742 0.84210526 0.93023256 0.9122807  0.875      0.8372093
 0.95454545 0.86666667 0.11111111 0.88235294 0.79245283 0.76923077
 0.11764706 0.71698113 0.94444444 0.70967742 0.80645161 0.88888889
 0.44444444 1.         0.69090909 0.8627451  0.         0.52747253
 0.84444444 0.57142857 0.83333333 0.8        0.66666667 0.75
 0.58333333 0.83333333 0.59259259 0.72222222 0.625      0.68571429
 0.70588235 0.71428571 0.46153846 0.97560976 0.87603306 0.94117647
 0.82857143 0.89473684 0.59649123 0.63829787]
