mACC, mP, mR, mF1, ACC, P, R, F1
0.2835204755614267,0.38647839809747747,0.19492037567087586,0.18988600148013002
,[  2   9   3   2  22   0   0  10   0   0  55  38   0   0   0   0   0   4
   2   6  19   1   0   1   1   0   1   0   0   0   4   3   4   9   0   2
   8   0   0  13   0   2   3   9   0  16   0   4   5   1   1   1   2   3
   5   7   0   0   0   0   1   7   5  14   1   6   4   6   0   0   0   2
   1   0   0   1   8   4   4   0   5   3   0   1   0   2   3   1   6  35
   0  37   2   0   0  32   1   0   0   0  19   0   7   0  42   1   5   1
   1   6   2   3  10   3   0   3   0   8   0   8   7   0  10  10   0  14
  21   0  38  11   2  24  23   4   0   0  24  23   0   1   0   0  22   0
 160   0  26  12   0   0   0   2   3   2   1   1   1  12   7   1   7   0
   1   6   0   5   0  21   0   0   0   0   0   1   0   1   2   1   1   2
   0   0   0   8   0   2   2   1   2   1   0   0  22   0   0  11   0   2
   2   1  11   3   0  14   0   2   2   2   0   2   1  23   0  19   1   9
   0   7   0   4   9   0   1   0   0   0   2   0   0  18   0  66   0   5
   2   0   4  12   6  38   0   2   2   0   0   4   1   1   1  16 159  22
  87   2   0   4]
,[1.         0.9        0.21428571 0.06451613 0.56410256 0.
 0.         0.14084507 0.         0.         0.08184524 0.3015873
 0.         0.         0.         0.         0.         0.66666667
 1.         1.         0.41304348 0.33333333 0.         1.
 0.125      0.         0.5        0.         0.         0.
 1.         1.         0.57142857 0.81818182 0.         0.66666667
 1.         0.         0.         0.8125     0.         1.
 1.         0.9        0.         0.64       0.         1.
 0.71428571 1.         1.         0.5        1.         1.
 1.         0.13207547 0.         0.         0.         0.
 0.33333333 1.         0.11627907 0.42424242 1.         0.85714286
 0.33333333 1.         0.         0.         0.         1.
 1.         0.         0.         0.5        0.88888889 0.44444444
 0.5        0.         0.5        0.25       0.         0.2
 0.         0.2        0.6        0.16666667 0.33333333 0.26923077
 0.         0.22699387 1.         0.         0.         0.22377622
 1.         0.         0.         0.         0.35185185 0.
 0.875      0.         0.21875    0.5        1.         1.
 0.02439024 1.         0.4        1.         0.3030303  0.33333333
 0.         0.42857143 0.         0.8        0.         0.1025641
 0.77777778 0.         1.         0.27027027 0.         0.13333333
 0.33870968 0.         0.18719212 1.         1.         0.32876712
 0.40350877 0.19047619 0.         0.         0.38095238 0.15333333
 0.         1.         0.         0.         0.20560748 0.
 0.27633851 0.         0.13265306 0.24489796 0.         0.
 0.         0.11764706 0.33333333 0.5        0.33333333 1.
 1.         0.42857143 0.11864407 0.06666667 0.7        0.
 0.5        1.         0.         0.35714286 0.         0.328125
 0.         0.         0.         0.         0.         1.
 0.         0.5        1.         1.         0.5        0.4
 0.         0.         0.         1.         0.         0.5
 1.         1.         1.         0.5        0.         0.
 0.26829268 0.         0.         0.91666667 0.         0.4
 0.125      1.         0.78571429 0.75       0.         0.63636364
 0.         0.25       1.         1.         0.         0.66666667
 1.         0.37704918 0.         0.61290323 1.         1.
 0.         0.28       0.         0.33333333 1.         0.
 0.2        0.         0.         0.         0.28571429 0.
 0.         0.94736842 0.         0.19241983 0.         0.83333333
 1.         0.         1.         0.38709677 0.85714286 0.33928571
 0.         0.5        0.5        0.         0.         1.
 1.         0.25       0.16666667 0.94117647 0.26151316 1.
 0.56862745 0.66666667 0.         0.66666667]
,[0.1        0.45       0.09677419 0.07692308 0.73333333 0.
 0.         0.21276596 0.         0.         0.98214286 0.86363636
 0.         0.         0.         0.         0.         0.19047619
 0.08       0.35294118 0.65517241 0.05       0.         0.04347826
 0.04347826 0.         0.05       0.         0.         0.
 0.22222222 0.14285714 0.19047619 0.45       0.         0.09090909
 0.33333333 0.         0.         0.52       0.         0.11111111
 0.12       0.36       0.         0.59259259 0.         0.19047619
 0.22727273 0.05       0.04347826 0.05882353 0.11764706 0.125
 0.25       0.33333333 0.         0.         0.         0.
 0.04761905 0.41176471 0.2        0.51851852 0.04761905 0.35294118
 0.23529412 0.27272727 0.         0.         0.         0.08333333
 0.05       0.         0.         0.05882353 0.42105263 0.22222222
 0.2        0.         0.26315789 0.17647059 0.         0.05882353
 0.         0.125      0.15789474 0.05       0.27272727 0.81395349
 0.         0.90243902 0.08695652 0.         0.         0.56140351
 0.05555556 0.         0.         0.         0.67857143 0.
 0.30434783 0.         0.77777778 0.05555556 0.27777778 0.05882353
 0.03125    0.35294118 0.11764706 0.17647059 0.41666667 0.125
 0.         0.13636364 0.         0.36363636 0.         0.30769231
 0.41176471 0.         0.43478261 0.52631579 0.         0.28571429
 0.80769231 0.         1.         0.57894737 0.10526316 0.63157895
 0.82142857 0.16666667 0.         0.         0.75       0.58974359
 0.         0.05555556 0.         0.         0.84615385 0.
 1.         0.         0.63414634 0.34285714 0.         0.
 0.         0.08333333 0.15789474 0.0952381  0.05263158 0.05
 0.04761905 0.4        0.16666667 0.05882353 0.33333333 0.
 0.05555556 0.28571429 0.         0.26315789 0.         0.75
 0.         0.         0.         0.         0.         0.05882353
 0.         0.04545455 0.1        0.05       0.0625     0.0952381
 0.         0.         0.         0.47058824 0.         0.11764706
 0.10526316 0.05555556 0.08333333 0.04347826 0.         0.
 0.62857143 0.         0.         0.52380952 0.         0.09090909
 0.0952381  0.05       0.64705882 0.15       0.         0.875
 0.         0.1        0.08695652 0.09090909 0.         0.08695652
 0.05263158 0.82142857 0.         0.67857143 0.05882353 0.45
 0.         0.41176471 0.         0.21052632 0.42857143 0.
 0.0625     0.         0.         0.         0.06666667 0.
 0.         0.94736842 0.         0.91666667 0.         0.2
 0.08695652 0.         0.22222222 0.6        0.35294118 0.92682927
 0.         0.10526316 0.11111111 0.         0.         0.19047619
 0.05263158 0.05882353 0.05       0.8        0.99375    0.91666667
 1.         0.10526316 0.         0.18181818]
,[0.18181818 0.6        0.13333333 0.07017544 0.63768116 0.
 0.         0.16949153 0.         0.         0.1510989  0.44705882
 0.         0.         0.         0.         0.         0.2962963
 0.14814815 0.52173913 0.50666667 0.08695652 0.         0.08333333
 0.06451613 0.         0.09090909 0.         0.         0.
 0.36363636 0.25       0.28571429 0.58064516 0.         0.16
 0.5        0.         0.         0.63414634 0.         0.2
 0.21428571 0.51428571 0.         0.61538462 0.         0.32
 0.34482759 0.0952381  0.08333333 0.10526316 0.21052632 0.22222222
 0.4        0.18918919 0.         0.         0.         0.
 0.08333333 0.58333333 0.14705882 0.46666667 0.09090909 0.5
 0.27586207 0.42857143 0.         0.         0.         0.15384615
 0.0952381  0.         0.         0.10526316 0.57142857 0.2962963
 0.28571429 0.         0.34482759 0.20689655 0.         0.09090909
 0.         0.15384615 0.25       0.07692308 0.3        0.40462428
 0.         0.3627451  0.16       0.         0.         0.32
 0.10526316 0.         0.         0.         0.46341463 0.
 0.4516129  0.         0.34146341 0.1        0.43478261 0.11111111
 0.02739726 0.52173913 0.18181818 0.3        0.35087719 0.18181818
 0.         0.20689655 0.         0.5        0.         0.15384615
 0.53846154 0.         0.60606061 0.35714286 0.         0.18181818
 0.47727273 0.         0.3153527  0.73333333 0.19047619 0.43243243
 0.54117647 0.17777778 0.         0.         0.50526316 0.24338624
 0.         0.10526316 0.         0.         0.33082707 0.
 0.43301759 0.         0.21940928 0.28571429 0.         0.
 0.         0.09756098 0.21428571 0.16       0.09090909 0.0952381
 0.09090909 0.4137931  0.13861386 0.0625     0.4516129  0.
 0.1        0.44444444 0.         0.3030303  0.         0.45652174
 0.         0.         0.         0.         0.         0.11111111
 0.         0.08333333 0.18181818 0.0952381  0.11111111 0.15384615
 0.         0.         0.         0.64       0.         0.19047619
 0.19047619 0.10526316 0.15384615 0.08       0.         0.
 0.37606838 0.         0.         0.66666667 0.         0.14814815
 0.10810811 0.0952381  0.70967742 0.25       0.         0.73684211
 0.         0.14285714 0.16       0.16666667 0.         0.15384615
 0.1        0.51685393 0.         0.6440678  0.11111111 0.62068966
 0.         0.33333333 0.         0.25806452 0.6        0.
 0.0952381  0.         0.         0.         0.10810811 0.
 0.         0.94736842 0.         0.31807229 0.         0.32258065
 0.16       0.         0.36363636 0.47058824 0.5        0.49673203
 0.         0.17391304 0.18181818 0.         0.         0.32
 0.1        0.0952381  0.07692308 0.86486486 0.4140625  0.95652174
 0.725      0.18181818 0.         0.28571429]
