mACC, mP, mR, mF1, ACC, P, R, F1
0.7780713342140027,0.797502196823402,0.7509848206975843,0.7552590606562486
,[ 19  13  27  14  28  13  17  39  15  14  51  43  12  17  24  13  12  16
  20  14  26  19  20  15  10   4  16  18  17   8  11  16  14  17  10  20
  21  19   6  20  16  14  16  25   7  25  13  12  21  13  19   8  16  22
   9  19  19  10   6   8  15  16  21  24  19  15  13  16   9   6  14  22
  19  12   9  15  17  12  12  18  11  10  13  15  20  15  13  14  19  38
  16  39  20  21  16  42  15  18  12  18  27  13  23  18  41  10  15   7
  24  14  13  10  21  22   9  20  16  14   9  19  16  11  23  11   1  26
  25  15  38  14  13  35  28  22   7  18  31  33  14  14  22  16  23   7
 160   9  30  25  17  16  21  21  15  19  11  10  21  25  31  15  21  15
   9  15  11  17   6  26  11  19   8  20   5  13  15  17  14  19  16  16
  18  23  19  15   5  17  17   6  22  17  12  21  28  14   2  21  12  15
  14  18  17  15  10  15  11  18  20  19  13  17   5  27  17  27  14  17
  21  14   1  15  20   9   8  17  16  15  26  18   9  19  15  69   5  24
  19  17  16  17  12  39  13  17  10  11   9  15  13  12   7  20 157  24
  87  13   7  16]
,[0.82608696 0.92857143 0.84375    0.63636364 0.84848485 1.
 0.85       0.86666667 0.9375     0.82352941 0.94444444 0.89583333
 0.8        0.73913043 0.66666667 0.8125     0.92307692 0.64
 0.95238095 0.77777778 0.78787879 0.61290323 0.95238095 0.9375
 0.66666667 0.66666667 0.84210526 0.41860465 0.89473684 0.47058824
 0.91666667 0.88888889 0.7        1.         0.52631579 0.8
 0.84       0.76       0.5        0.90909091 0.88888889 0.37837838
 0.53333333 0.83333333 0.77777778 0.86206897 0.92857143 0.75
 0.84       1.         0.51351351 1.         0.76190476 0.62857143
 0.81818182 0.76       0.7037037  0.52631579 0.6        1.
 0.71428571 0.8        0.875      1.         1.         1.
 1.         0.94117647 0.64285714 0.75       0.82352941 0.88
 0.61290323 0.75       0.52941176 0.9375     1.         1.
 0.38709677 0.47368421 0.91666667 0.90909091 0.92857143 0.88235294
 0.66666667 0.9375     1.         1.         0.7037037  0.88372093
 1.         0.82978723 1.         0.95454545 1.         0.73684211
 0.68181818 1.         0.85714286 0.9        0.77142857 0.72222222
 0.67647059 0.64285714 0.66129032 0.83333333 1.         0.7
 0.8        1.         0.92857143 1.         1.         1.
 0.69230769 0.83333333 0.84210526 1.         0.64285714 0.86363636
 0.88888889 0.61111111 1.         1.         0.25       0.41269841
 0.75757576 0.75       0.97435897 0.875      0.86666667 0.875
 0.84848485 0.75862069 0.53846154 0.9        0.73809524 0.70212766
 0.73684211 0.875      0.56410256 0.94117647 0.65714286 1.
 0.97560976 0.69230769 0.71428571 0.6097561  0.44736842 0.72727273
 1.         0.95454545 0.88235294 0.76       0.57894737 0.66666667
 0.80769231 0.86206897 0.27678571 0.78947368 0.72413793 0.68181818
 0.5        0.9375     0.55       0.77272727 1.         0.89655172
 0.78571429 0.82608696 0.72727273 0.95238095 0.83333333 1.
 1.         0.77272727 0.875      0.95       0.69565217 0.51612903
 0.72       1.         0.46341463 0.55555556 0.71428571 0.85
 0.80952381 0.54545455 0.91666667 0.89473684 0.5        0.58333333
 0.93333333 1.         0.4        0.91304348 0.92307692 1.
 0.53846154 0.47368421 0.89473684 0.78947368 0.83333333 1.
 0.78571429 0.62068966 0.76923077 0.79166667 0.54166667 0.89473684
 1.         0.9        0.89473684 0.96428571 1.         0.89473684
 0.91304348 0.93333333 1.         0.9375     1.         0.81818182
 0.8        0.77272727 1.         0.9375     0.78787879 0.5625
 0.64285714 0.95       0.625      0.81176471 0.55555556 0.61538462
 0.95       0.68       0.72727273 0.89473684 0.85714286 0.90697674
 0.54166667 1.         0.90909091 0.91666667 0.52941176 0.83333333
 0.61904762 0.75       0.5        0.95238095 0.89714286 0.92307692
 0.94565217 0.92857143 0.4375     0.8       ]
,[0.95       0.65       0.87096774 0.53846154 0.93333333 0.72222222
 0.77272727 0.82978723 0.71428571 0.73684211 0.91071429 0.97727273
 0.6        0.94444444 0.96       0.68421053 0.57142857 0.76190476
 0.8        0.82352941 0.89655172 0.95       0.90909091 0.65217391
 0.43478261 0.18181818 0.8        0.81818182 0.80952381 0.38095238
 0.61111111 0.76190476 0.66666667 0.85       0.55555556 0.90909091
 0.875      0.86363636 0.35294118 0.8        0.88888889 0.77777778
 0.64       1.         0.41176471 0.92592593 0.68421053 0.57142857
 0.95454545 0.65       0.82608696 0.47058824 0.94117647 0.91666667
 0.45       0.9047619  0.86363636 0.52631579 0.35294118 0.44444444
 0.71428571 0.94117647 0.84       0.88888889 0.9047619  0.88235294
 0.76470588 0.72727273 0.45       0.35294118 0.7        0.91666667
 0.95       0.52173913 0.52941176 0.88235294 0.89473684 0.66666667
 0.6        0.75       0.57894737 0.58823529 0.68421053 0.88235294
 0.86956522 0.9375     0.68421053 0.7        0.86363636 0.88372093
 0.84210526 0.95121951 0.86956522 1.         0.88888889 0.73684211
 0.83333333 0.9        0.75       0.94736842 0.96428571 0.72222222
 1.         0.9        0.75925926 0.55555556 0.83333333 0.41176471
 0.75       0.82352941 0.76470588 0.58823529 0.875      0.91666667
 0.5        0.90909091 0.64       0.63636364 0.5        0.73076923
 0.94117647 0.52380952 1.         0.57894737 0.04761905 0.53061224
 0.96153846 0.71428571 1.         0.73684211 0.68421053 0.92105263
 1.         0.91666667 0.36842105 0.94736842 0.96875    0.84615385
 0.77777778 0.77777778 0.91666667 0.72727273 0.88461538 0.41176471
 1.         0.52941176 0.73170732 0.71428571 0.80952381 0.69565217
 0.95454545 0.875      0.78947368 0.9047619  0.57894737 0.5
 1.         0.83333333 0.73809524 0.88235294 1.         0.78947368
 0.5        0.71428571 0.61111111 0.89473684 0.33333333 0.92857143
 0.57894737 0.9047619  0.47058824 1.         0.22727273 0.76470588
 0.88235294 0.77272727 0.7        0.95       1.         0.76190476
 0.9        0.95833333 0.95       0.88235294 0.23809524 1.
 0.89473684 0.33333333 0.91666667 0.73913043 0.52173913 0.91304348
 0.8        0.60869565 0.11111111 1.         0.6        0.68181818
 0.66666667 0.9        1.         0.75       0.52631579 0.9375
 0.61111111 0.9        0.86956522 0.86363636 0.61904762 0.73913043
 0.26315789 0.96428571 0.80952381 0.96428571 0.82352941 0.85
 1.         0.82352941 0.05882353 0.78947368 0.95238095 0.47368421
 0.5        0.77272727 0.88888889 0.75       0.86666667 0.94736842
 0.47368421 1.         0.65217391 0.95833333 0.25       0.96
 0.82608696 0.85       0.88888889 0.85       0.70588235 0.95121951
 0.68421053 0.89473684 0.55555556 0.57894737 0.47368421 0.71428571
 0.68421053 0.70588235 0.35       1.         0.98125    1.
 1.         0.68421053 0.33333333 0.72727273]
,[0.88372093 0.76470588 0.85714286 0.58333333 0.88888889 0.83870968
 0.80952381 0.84782609 0.81081081 0.77777778 0.92727273 0.93478261
 0.68571429 0.82926829 0.78688525 0.74285714 0.70588235 0.69565217
 0.86956522 0.8        0.83870968 0.74509804 0.93023256 0.76923077
 0.52631579 0.28571429 0.82051282 0.55384615 0.85       0.42105263
 0.73333333 0.82051282 0.68292683 0.91891892 0.54054054 0.85106383
 0.85714286 0.80851064 0.4137931  0.85106383 0.88888889 0.50909091
 0.58181818 0.90909091 0.53846154 0.89285714 0.78787879 0.64864865
 0.89361702 0.78787879 0.63333333 0.64       0.84210526 0.74576271
 0.58064516 0.82608696 0.7755102  0.52631579 0.44444444 0.61538462
 0.71428571 0.86486486 0.85714286 0.94117647 0.95       0.9375
 0.86666667 0.82051282 0.52941176 0.48       0.75675676 0.89795918
 0.74509804 0.61538462 0.52941176 0.90909091 0.94444444 0.8
 0.47058824 0.58064516 0.70967742 0.71428571 0.78787879 0.88235294
 0.75471698 0.9375     0.8125     0.82352941 0.7755102  0.88372093
 0.91428571 0.88636364 0.93023256 0.97674419 0.94117647 0.73684211
 0.75       0.94736842 0.8        0.92307692 0.85714286 0.72222222
 0.80701754 0.75       0.70689655 0.66666667 0.90909091 0.51851852
 0.77419355 0.90322581 0.83870968 0.74074074 0.93333333 0.95652174
 0.58064516 0.86956522 0.72727273 0.77777778 0.5625     0.79166667
 0.91428571 0.56410256 1.         0.73333333 0.08       0.46428571
 0.84745763 0.73170732 0.98701299 0.8        0.76470588 0.8974359
 0.91803279 0.83018868 0.4375     0.92307692 0.83783784 0.76744186
 0.75675676 0.82352941 0.6984127  0.82051282 0.75409836 0.58333333
 0.98765432 0.6        0.72289157 0.65789474 0.57627119 0.71111111
 0.97674419 0.91304348 0.83333333 0.82608696 0.57894737 0.57142857
 0.89361702 0.84745763 0.4025974  0.83333333 0.84       0.73170732
 0.5        0.81081081 0.57894737 0.82926829 0.5        0.9122807
 0.66666667 0.86363636 0.57142857 0.97560976 0.35714286 0.86666667
 0.9375     0.77272727 0.77777778 0.95       0.82051282 0.61538462
 0.8        0.9787234  0.62295082 0.68181818 0.35714286 0.91891892
 0.85       0.4137931  0.91666667 0.80952381 0.5106383  0.71186441
 0.86153846 0.75675676 0.17391304 0.95454545 0.72727273 0.81081081
 0.59574468 0.62068966 0.94444444 0.76923077 0.64516129 0.96774194
 0.6875     0.73469388 0.81632653 0.82608696 0.57777778 0.80952381
 0.41666667 0.93103448 0.85       0.96428571 0.90322581 0.87179487
 0.95454545 0.875      0.11111111 0.85714286 0.97560976 0.6
 0.61538462 0.77272727 0.94117647 0.83333333 0.82539683 0.70588235
 0.54545455 0.97435897 0.63829787 0.87898089 0.34482759 0.75
 0.88372093 0.75555556 0.8        0.87179487 0.77419355 0.92857143
 0.60465116 0.94444444 0.68965517 0.70967742 0.5        0.76923077
 0.65       0.72727273 0.41176471 0.97560976 0.93731343 0.96
 0.97206704 0.78787879 0.37837838 0.76190476]
