mACC, mP, mR, mF1, ACC, P, R, F1
0.6023778071334214,0.6358987722422667,0.5570149913383617,0.5568243209974559
,[ 14  16  24   0  25  10   0  32   7  11  53  42  15  13  25  14   9  15
  18  12  19   3   4  17   8   0   0  11   9   0  10   4  10  20  10  21
  12   4   0  24  16   3  14  23   0  25  18  12   4  13  20  12   2  19
  13   2  15   9   0   9  12  15  16  25  15  15  12  18   0   0   8   8
  14   0   9  15  17  10   7  15  15   9   0   9   0  14  15  14   4  39
  16  40  19  20   0  46  15  17  12  19  24   0  16  15  47  10   9   8
  23  15  12   9  21  21   7  18  16  17   0  15  16   6  22  16   0   5
  24  12  38  16  14  34  25  14   0  14  21  34   1  13  19  17  14   6
 160   0  28  23   0  10  20  12  10   9   6   0  21  21  31   0  20   0
   5  19   5  13   3  27  12   0   3  20   4  15   4  11  10  18  16   9
  18  23   9  13   0  13  11  11  16  17   0   1  28  15   0  18  10  11
  16   5  17  11   0  15   5   0  17  16   0  11   7  26  15  21   0  16
   4  12   1  14  15   0   1  20   6  13  28   6   3  19  14  63   2   2
  13   0  18  13   3  38  10  10   6  12   0  14  12  10   3  20 157  24
  46  14  16   1]
,[0.73684211 0.8        0.75       0.         0.92592593 0.52631579
 0.         0.84210526 1.         0.64705882 0.92982456 0.82352941
 0.34090909 1.         0.65789474 0.7        0.69230769 0.88235294
 1.         0.75       0.39583333 0.23076923 0.44444444 0.77272727
 0.27586207 0.         0.         0.57894737 0.375      0.
 0.83333333 1.         0.90909091 0.95238095 0.37037037 0.72413793
 1.         1.         0.         0.88888889 0.61538462 1.
 0.66666667 0.60526316 0.         0.69444444 0.52941176 0.70588235
 0.44444444 0.8125     0.60606061 0.75       1.         0.9047619
 0.40625    1.         0.65217391 1.         0.         0.28125
 0.28571429 0.9375     1.         0.625      0.9375     0.9375
 1.         0.7826087  0.         0.         0.61538462 0.88888889
 0.93333333 0.         0.69230769 1.         0.80952381 0.83333333
 0.21212121 0.41666667 0.625      0.52941176 0.         1.
 0.         1.         0.65217391 0.93333333 0.33333333 0.66101695
 1.         0.71428571 0.82608696 1.         0.         0.42592593
 0.68181818 0.89473684 0.92307692 0.9047619  0.68571429 0.
 1.         0.44117647 0.47959184 0.71428571 1.         0.1025641
 0.88461538 0.9375     0.92307692 1.         0.95454545 0.91304348
 1.         0.75       0.64       0.5862069  0.         0.55555556
 0.66666667 0.75       0.95652174 0.61538462 0.         0.14705882
 0.5106383  0.63157895 0.95       0.72727273 0.82352941 0.70833333
 0.75757576 1.         0.         0.73684211 0.91304348 0.08947368
 1.         0.65       0.76       0.77272727 1.         0.3
 0.72727273 0.         0.48275862 0.71875    0.         1.
 0.8        0.92307692 1.         0.69230769 0.5        0.
 0.77777778 1.         0.22463768 0.         0.55555556 0.
 0.625      0.76       0.83333333 0.76470588 0.16666667 0.34177215
 0.92307692 0.         0.5        0.74074074 0.5        0.78947368
 0.8        0.78571429 0.5        1.         0.66666667 0.29032258
 0.81818182 1.         0.9        0.12037037 0.         0.72222222
 0.55       0.57894737 1.         0.60714286 0.         0.05263158
 0.8        0.88235294 0.         1.         1.         0.91666667
 0.59259259 1.         0.89473684 0.6875     0.         0.9375
 0.5        0.         0.89473684 0.94117647 0.         0.84615385
 0.77777778 0.83870968 1.         1.         0.         0.84210526
 0.8        1.         0.07142857 0.82352941 1.         0.
 1.         0.51282051 0.5        0.1884058  0.77777778 0.31578947
 0.75       0.86363636 0.7        0.73255814 0.2        1.
 1.         0.         0.72       1.         1.         0.76
 0.76923077 0.76923077 1.         0.63157895 0.         0.66666667
 0.8        1.         0.23076923 0.95238095 0.83957219 0.82758621
 0.86792453 0.77777778 0.37209302 1.        ]
,[0.7        0.8        0.77419355 0.         0.83333333 0.55555556
 0.         0.68085106 0.33333333 0.57894737 0.94642857 0.95454545
 0.75       0.72222222 1.         0.73684211 0.42857143 0.71428571
 0.72       0.70588235 0.65517241 0.15       0.18181818 0.73913043
 0.34782609 0.         0.         0.5        0.42857143 0.
 0.55555556 0.19047619 0.47619048 1.         0.55555556 0.95454545
 0.5        0.18181818 0.         0.96       0.88888889 0.16666667
 0.56       0.92       0.         0.92592593 0.94736842 0.57142857
 0.18181818 0.65       0.86956522 0.70588235 0.11764706 0.79166667
 0.65       0.0952381  0.68181818 0.47368421 0.         0.5
 0.57142857 0.88235294 0.64       0.92592593 0.71428571 0.88235294
 0.70588235 0.81818182 0.         0.         0.4        0.33333333
 0.7        0.         0.52941176 0.88235294 0.89473684 0.55555556
 0.35       0.625      0.78947368 0.52941176 0.         0.52941176
 0.         0.875      0.78947368 0.7        0.18181818 0.90697674
 0.84210526 0.97560976 0.82608696 0.95238095 0.         0.80701754
 0.83333333 0.85       0.75       1.         0.85714286 0.
 0.69565217 0.75       0.87037037 0.55555556 0.5        0.47058824
 0.71875    0.88235294 0.70588235 0.52941176 0.875      0.875
 0.38888889 0.81818182 0.64       0.77272727 0.         0.57692308
 0.94117647 0.28571429 0.95652174 0.84210526 0.         0.10204082
 0.92307692 0.57142857 1.         0.84210526 0.73684211 0.89473684
 0.89285714 0.58333333 0.         0.73684211 0.65625    0.87179487
 0.05555556 0.72222222 0.79166667 0.77272727 0.53846154 0.35294118
 1.         0.         0.68292683 0.65714286 0.         0.43478261
 0.90909091 0.5        0.52631579 0.42857143 0.31578947 0.
 1.         0.7        0.73809524 0.         0.95238095 0.
 0.27777778 0.9047619  0.27777778 0.68421053 0.16666667 0.96428571
 0.63157895 0.         0.17647059 1.         0.18181818 0.88235294
 0.23529412 0.5        0.5        0.9        1.         0.42857143
 0.9        0.95833333 0.45       0.76470588 0.         0.76470588
 0.57894737 0.61111111 0.66666667 0.73913043 0.         0.04347826
 0.8        0.65217391 0.         0.85714286 0.5        0.5
 0.76190476 0.25       1.         0.55       0.         0.9375
 0.27777778 0.         0.73913043 0.72727273 0.         0.47826087
 0.36842105 0.92857143 0.71428571 0.75       0.         0.8
 0.19047619 0.70588235 0.05882353 0.73684211 0.71428571 0.
 0.0625     0.90909091 0.33333333 0.65       0.93333333 0.31578947
 0.15789474 1.         0.60869565 0.875      0.1        0.08
 0.56521739 0.         1.         0.65       0.17647059 0.92682927
 0.52631579 0.52631579 0.33333333 0.63157895 0.         0.66666667
 0.63157895 0.58823529 0.15       1.         0.98125    1.
 0.52873563 0.73684211 0.76190476 0.04545455]
,[0.71794872 0.8        0.76190476 0.         0.87719298 0.54054054
 0.         0.75294118 0.5        0.61111111 0.9380531  0.88421053
 0.46875    0.83870968 0.79365079 0.71794872 0.52941176 0.78947368
 0.8372093  0.72727273 0.49350649 0.18181818 0.25806452 0.75555556
 0.30769231 0.         0.         0.53658537 0.4        0.
 0.66666667 0.32       0.625      0.97560976 0.44444444 0.82352941
 0.66666667 0.30769231 0.         0.92307692 0.72727273 0.28571429
 0.60869565 0.73015873 0.         0.79365079 0.67924528 0.63157895
 0.25806452 0.72222222 0.71428571 0.72727273 0.21052632 0.84444444
 0.5        0.17391304 0.66666667 0.64285714 0.         0.36
 0.38095238 0.90909091 0.7804878  0.74626866 0.81081081 0.90909091
 0.82758621 0.8        0.         0.         0.48484848 0.48484848
 0.8        0.         0.6        0.9375     0.85       0.66666667
 0.26415094 0.5        0.69767442 0.52941176 0.         0.69230769
 0.         0.93333333 0.71428571 0.8        0.23529412 0.76470588
 0.91428571 0.82474227 0.82608696 0.97560976 0.         0.55757576
 0.75       0.87179487 0.82758621 0.95       0.76190476 0.
 0.82051282 0.55555556 0.61842105 0.625      0.66666667 0.16842105
 0.79310345 0.90909091 0.8        0.69230769 0.91304348 0.89361702
 0.56       0.7826087  0.64       0.66666667 0.         0.56603774
 0.7804878  0.4137931  0.95652174 0.71111111 0.         0.12048193
 0.65753425 0.6        0.97435897 0.7804878  0.77777778 0.79069767
 0.81967213 0.73684211 0.         0.73684211 0.76363636 0.16229117
 0.10526316 0.68421053 0.7755102  0.77272727 0.7        0.32432432
 0.84210526 0.         0.56565657 0.68656716 0.         0.60606061
 0.85106383 0.64864865 0.68965517 0.52941176 0.38709677 0.
 0.875      0.82352941 0.34444444 0.         0.70175439 0.
 0.38461538 0.82608696 0.41666667 0.72222222 0.16666667 0.5046729
 0.75       0.         0.26086957 0.85106383 0.26666667 0.83333333
 0.36363636 0.61111111 0.5        0.94736842 0.8        0.34615385
 0.85714286 0.9787234  0.6        0.208      0.         0.74285714
 0.56410256 0.59459459 0.8        0.66666667 0.         0.04761905
 0.8        0.75       0.         0.92307692 0.66666667 0.64705882
 0.66666667 0.4        0.94444444 0.61111111 0.         0.9375
 0.35714286 0.         0.80952381 0.82051282 0.         0.61111111
 0.5        0.88135593 0.83333333 0.85714286 0.         0.82051282
 0.30769231 0.82758621 0.06451613 0.77777778 0.83333333 0.
 0.11764706 0.6557377  0.4        0.29213483 0.84848485 0.31578947
 0.26086957 0.92682927 0.65116279 0.79746835 0.13333333 0.14814815
 0.72222222 0.         0.8372093  0.78787879 0.3        0.83516484
 0.625      0.625      0.5        0.63157895 0.         0.66666667
 0.70588235 0.74074074 0.18181818 0.97560976 0.90489914 0.90566038
 0.65714286 0.75675676 0.5        0.08695652]
