mACC, mP, mR, mF1, ACC, P, R, F1
0.6017173051519155,0.6418870225800193,0.5465910665481821,0.553198379674432
,[ 13  12  22   1  25   6   4  36  11  15  53  43   6   9  20   7  10   9
  17  10  26  12  15   9   7   6  16   2  11   1  12  14  12  19   7  16
  13   0   1  20  11   2  15  16   6  24   2   9  16   7   8   6  15  17
   9  12  14   4   0   2   2  16  21  20  16  10  11  10   3   4   3  21
  18   4   4  10  16  12   5   7   7   9   2   5  10  10   9   1  13  40
  17  38  16  19   9  42   8  12   6  16  25   1  20  15  41   8  12   1
  20  15   4   9  17  20   1  17  17  10   2  13  13  12  22   8   4  29
  25  17  38  14  11  23  25  12   1   9  28  30   5  12  14  14  21   7
 160   5  28  23   4  13  20  21  14  19   5   3  21  25  28  13  18   5
   1  19   3   8   2  27   1  19   5  16   4   9  10  16  12  18   8   4
  10  20  17  11   1  13   8   4  15  13   7   8  28  10   0  19   8  12
  10   7  17   5   5  15   4   9   8  12   5  14   3  26  15  25  11  17
  19  10   1   6  15   5   9   8  15   2  23   8   2  18  13  67   0   9
  15   2  16  15   8  36  14   9   5   5   6  14   9   4   6  20 157  24
  87  11  10  15]
,[0.86666667 0.66666667 0.44       0.03703704 0.67567568 0.85714286
 0.16666667 0.46153846 0.57894737 0.625      0.6625     0.71666667
 0.85714286 0.81818182 0.90909091 0.63636364 0.45454545 0.69230769
 0.77272727 0.71428571 0.52       1.         0.5        0.6
 0.25       0.33333333 0.57142857 0.4        0.84615385 0.25
 1.         0.56       0.75       0.95       0.53846154 0.66666667
 0.92857143 0.         0.33333333 0.64516129 0.91666667 0.25
 0.57692308 0.45714286 0.85714286 0.70588235 0.5        0.64285714
 0.8        0.875      0.53333333 0.85714286 0.88235294 0.68
 0.9        0.75       0.4516129  0.57142857 0.         0.66666667
 0.66666667 0.8        0.55263158 0.90909091 0.8        0.83333333
 0.73333333 0.71428571 0.6        0.4        0.42857143 0.91304348
 0.54545455 0.23529412 0.66666667 0.90909091 0.94117647 0.66666667
 0.29411765 0.41176471 0.63636364 0.47368421 1.         0.71428571
 0.47619048 0.83333333 0.81818182 0.33333333 0.41935484 0.63492063
 0.73913043 0.7037037  0.69565217 0.95       0.9        0.47191011
 1.         0.70588235 0.6        0.84210526 0.42372881 1.
 0.8        0.51724138 0.34745763 0.57142857 1.         0.5
 0.52631579 1.         0.4        0.9        0.94444444 0.64516129
 0.33333333 0.85       0.68       0.83333333 0.4        0.61904762
 0.76470588 0.52173913 0.91666667 0.57142857 0.08888889 0.24369748
 0.65789474 0.56666667 0.73076923 0.51851852 0.91666667 0.60526316
 0.53191489 0.52173913 0.5        0.81818182 0.62222222 0.63829787
 1.         0.85714286 0.73684211 0.875      0.47727273 0.7
 0.62256809 0.29411765 0.38888889 0.58974359 0.15384615 0.46428571
 0.8        0.875      0.875      0.43181818 0.71428571 0.6
 0.40384615 0.65789474 0.25688073 0.56521739 0.6        1.
 0.25       0.73076923 0.33333333 0.8        0.4        0.69230769
 0.25       0.59375    0.45454545 0.94117647 0.57142857 0.81818182
 0.83333333 0.66666667 0.92307692 1.         0.72727273 0.30769231
 0.4        1.         0.60714286 0.73333333 0.05263158 1.
 0.88888889 0.8        0.625      0.76470588 0.41176471 0.57142857
 0.71794872 0.52631579 0.         0.65517241 0.72727273 0.8
 0.20833333 0.35       1.         0.71428571 0.625      0.88235294
 1.         0.40909091 0.61538462 0.57142857 0.22727273 0.48275862
 0.375      0.68421053 0.78947368 0.92592593 0.73333333 0.94444444
 0.55882353 0.90909091 1.         0.66666667 0.68181818 0.5
 0.75       0.57142857 1.         1.         0.65714286 0.88888889
 1.         0.7826087  0.76470588 0.54032258 0.         0.31034483
 1.         0.14285714 0.69565217 0.625      0.8        0.65454545
 0.60869565 0.9        0.71428571 0.35714286 0.5        0.4375
 0.81818182 0.8        0.3        0.95238095 0.67672414 1.
 0.85294118 0.91666667 0.38461538 0.42857143]
,[0.65       0.6        0.70967742 0.03846154 0.83333333 0.33333333
 0.18181818 0.76595745 0.52380952 0.78947368 0.94642857 0.97727273
 0.3        0.5        0.8        0.36842105 0.47619048 0.42857143
 0.68       0.58823529 0.89655172 0.6        0.68181818 0.39130435
 0.30434783 0.27272727 0.8        0.09090909 0.52380952 0.04761905
 0.66666667 0.66666667 0.57142857 0.95       0.38888889 0.72727273
 0.54166667 0.         0.05882353 0.8        0.61111111 0.11111111
 0.6        0.64       0.35294118 0.88888889 0.10526316 0.42857143
 0.72727273 0.35       0.34782609 0.35294118 0.88235294 0.70833333
 0.45       0.57142857 0.63636364 0.21052632 0.         0.11111111
 0.0952381  0.94117647 0.84       0.74074074 0.76190476 0.58823529
 0.64705882 0.45454545 0.15       0.23529412 0.15       0.875
 0.9        0.17391304 0.23529412 0.58823529 0.84210526 0.66666667
 0.25       0.29166667 0.36842105 0.52941176 0.10526316 0.29411765
 0.43478261 0.625      0.47368421 0.05       0.59090909 0.93023256
 0.89473684 0.92682927 0.69565217 0.9047619  0.5        0.73684211
 0.44444444 0.6        0.375      0.84210526 0.89285714 0.05555556
 0.86956522 0.75       0.75925926 0.44444444 0.66666667 0.05882353
 0.625      0.88235294 0.23529412 0.52941176 0.70833333 0.83333333
 0.05555556 0.77272727 0.68       0.45454545 0.11111111 0.5
 0.76470588 0.57142857 0.95652174 0.42105263 0.19047619 0.59183673
 0.96153846 0.80952381 1.         0.73684211 0.57894737 0.60526316
 0.89285714 0.5        0.05263158 0.47368421 0.875      0.76923077
 0.27777778 0.66666667 0.58333333 0.63636364 0.80769231 0.41176471
 1.         0.29411765 0.68292683 0.65714286 0.19047619 0.56521739
 0.90909091 0.875      0.73684211 0.9047619  0.26315789 0.15
 1.         0.83333333 0.66666667 0.76470588 0.85714286 0.26315789
 0.05555556 0.9047619  0.16666667 0.42105263 0.11111111 0.96428571
 0.05263158 0.9047619  0.29411765 0.8        0.18181818 0.52941176
 0.58823529 0.72727273 0.6        0.9        0.5        0.19047619
 0.5        0.83333333 0.85       0.64705882 0.04761905 0.76470588
 0.42105263 0.22222222 0.625      0.56521739 0.30434783 0.34782609
 0.8        0.43478261 0.         0.9047619  0.4        0.54545455
 0.47619048 0.35       1.         0.25       0.26315789 0.9375
 0.22222222 0.45       0.34782609 0.54545455 0.23809524 0.60869565
 0.15789474 0.92857143 0.71428571 0.89285714 0.64705882 0.85
 0.9047619  0.58823529 0.05882353 0.31578947 0.71428571 0.26315789
 0.5625     0.36363636 0.83333333 0.1        0.76666667 0.42105263
 0.10526316 0.94736842 0.56521739 0.93055556 0.         0.36
 0.65217391 0.1        0.88888889 0.75       0.47058824 0.87804878
 0.73684211 0.47368421 0.27777778 0.26315789 0.31578947 0.66666667
 0.47368421 0.23529412 0.3        1.         0.98125    1.
 1.         0.57894737 0.47619048 0.68181818]
,[0.74285714 0.63157895 0.54320988 0.03773585 0.74626866 0.48
 0.17391304 0.576      0.55       0.69767442 0.77941176 0.82692308
 0.44444444 0.62068966 0.85106383 0.46666667 0.46511628 0.52941176
 0.72340426 0.64516129 0.65822785 0.75       0.57692308 0.47368421
 0.2745098  0.3        0.66666667 0.14814815 0.64705882 0.08
 0.8        0.60869565 0.64864865 0.95       0.4516129  0.69565217
 0.68421053 0.         0.1        0.71428571 0.73333333 0.15384615
 0.58823529 0.53333333 0.5        0.78688525 0.17391304 0.51428571
 0.76190476 0.5        0.42105263 0.5        0.88235294 0.69387755
 0.6        0.64864865 0.52830189 0.30769231 0.         0.19047619
 0.16666667 0.86486486 0.66666667 0.81632653 0.7804878  0.68965517
 0.6875     0.55555556 0.24       0.2962963  0.22222222 0.89361702
 0.67924528 0.2        0.34782609 0.71428571 0.88888889 0.66666667
 0.27027027 0.34146341 0.46666667 0.5        0.19047619 0.41666667
 0.45454545 0.71428571 0.6        0.08695652 0.49056604 0.75471698
 0.80952381 0.8        0.69565217 0.92682927 0.64285714 0.57534247
 0.61538462 0.64864865 0.46153846 0.84210526 0.57471264 0.10526316
 0.83333333 0.6122449  0.47674419 0.5        0.8        0.10526316
 0.57142857 0.9375     0.2962963  0.66666667 0.80952381 0.72727273
 0.0952381  0.80952381 0.68       0.58823529 0.17391304 0.55319149
 0.76470588 0.54545455 0.93617021 0.48484848 0.12121212 0.3452381
 0.78125    0.66666667 0.84444444 0.60869565 0.70967742 0.60526316
 0.66666667 0.5106383  0.0952381  0.6        0.72727273 0.69767442
 0.43478261 0.75       0.65116279 0.73684211 0.6        0.51851852
 0.76738609 0.29411765 0.49557522 0.62162162 0.17021277 0.50980392
 0.85106383 0.875      0.8        0.58461538 0.38461538 0.24
 0.57534247 0.73529412 0.37086093 0.65       0.70588235 0.41666667
 0.09090909 0.80851064 0.22222222 0.55172414 0.17391304 0.80597015
 0.08695652 0.71698113 0.35714286 0.86486486 0.27586207 0.64285714
 0.68965517 0.69565217 0.72727273 0.94736842 0.59259259 0.23529412
 0.44444444 0.90909091 0.70833333 0.6875     0.05       0.86666667
 0.57142857 0.34782609 0.625      0.65       0.35       0.43243243
 0.75675676 0.47619048 0.         0.76       0.51612903 0.64864865
 0.28985507 0.35       1.         0.37037037 0.37037037 0.90909091
 0.36363636 0.42857143 0.44444444 0.55813953 0.23255814 0.53846154
 0.22222222 0.78787879 0.75       0.90909091 0.6875     0.89473684
 0.69090909 0.71428571 0.11111111 0.42857143 0.69767442 0.34482759
 0.64285714 0.44444444 0.90909091 0.18181818 0.70769231 0.57142857
 0.19047619 0.85714286 0.65       0.68367347 0.         0.33333333
 0.78947368 0.11764706 0.7804878  0.68181818 0.59259259 0.75
 0.66666667 0.62068966 0.4        0.3030303  0.38709677 0.52830189
 0.6        0.36363636 0.3        0.97560976 0.80102041 1.
 0.92063492 0.70967742 0.42553191 0.52631579]
