mACC, mP, mR, mF1, ACC, P, R, F1
0.7184610303830912,0.7249408542773661,0.6821125959687169,0.6885890975911935
,[ 18  15  24   9  27   9  11  43  14  11  54  42  13  12  24   9  12  11
  18  12  24  16  15  16  10  13  14  10  14   4  12  17  11  19  11  16
  17   9   6  20  13   8  18  25   8  25   8  11  18  13  20   9  16  17
  11  11  11   5   3   3   4  15  21  23  18  11  13  14   9   6   8  23
  16   9  10  14  17  12   3  12  13   8  13  14  19  15  13  13  14  40
  15  38  17  21  12  44  15  15   6  17  25   9  22  16  45   7  14   5
  25  13  13  13  18  20   4  21  18  13   6  16  14  11  22  13   5  23
  24  16  38  16  14  35  26  20   9  13  30  33  11  16  22  13  23   6
 160   8  28  22  13  15  19  20  15  19   9  10  20  22  32  13  17  10
   5  18   9  12  10  24  10  21  10  18   7  10  15  18  14  17  15   7
  17  22  18  11   2  15  16  10  16  17  10  16  27  13   1  20   9  14
  12  12  17  13  13  15   8  14  18  17  11  13   5  24  16  26  14  14
  21  12   4  12  17  12   3  16  18  11  24  11   4  19  17  66   5  17
  21  10  17  14  10  38  17  14   7   5  12  14  14  13  13  20 157  24
  87  11   9  16]
,[0.9        0.75       0.68571429 0.42857143 0.81818182 1.
 0.57894737 0.65151515 0.82352941 0.64705882 0.81818182 0.84
 0.56521739 0.85714286 0.8        0.75       0.70588235 0.73333333
 0.75       0.8        0.75       0.88888889 0.625      0.88888889
 0.37037037 0.37142857 0.82352941 0.52631579 0.82352941 0.25
 0.92307692 0.53125    0.73333333 0.86363636 0.73333333 0.76190476
 0.94444444 0.9        0.6        0.95238095 0.8125     0.44444444
 0.64285714 0.6097561  0.61538462 0.89285714 0.57142857 0.78571429
 0.75       0.86666667 0.42553191 0.81818182 0.94117647 0.70833333
 0.6875     0.78571429 0.64705882 0.5        0.21428571 0.75
 0.4        0.9375     0.80769231 0.82142857 0.7826087  1.
 0.86666667 0.66666667 0.45       0.4        0.88888889 0.85185185
 0.69565217 0.6        0.4        0.82352941 0.94444444 0.8
 0.375      0.75       0.65       0.72727273 0.72222222 0.875
 0.82608696 1.         0.92857143 1.         0.66666667 0.71428571
 0.65217391 0.80851064 0.89473684 0.91304348 0.85714286 0.81481481
 0.75       0.9375     0.5        1.         0.64102564 0.9
 0.75862069 0.76190476 0.60810811 0.875      1.         0.45454545
 0.80645161 0.92857143 0.76470588 0.86666667 0.85714286 0.86956522
 0.57142857 0.95454545 0.75       0.41935484 0.54545455 0.69565217
 0.77777778 0.52380952 0.95652174 0.76470588 0.3125     0.44230769
 0.82758621 0.64       0.95       0.69565217 0.875      0.74468085
 0.74285714 0.58823529 0.81818182 0.86666667 0.68181818 0.6
 0.78571429 0.8        0.6875     0.86666667 0.65714286 0.54545455
 0.9039548  0.61538462 0.44444444 0.56410256 0.54166667 0.41666667
 0.82608696 0.76923077 0.83333333 0.67857143 0.5625     0.55555556
 0.625      0.6875     0.2962963  0.76470588 0.70833333 0.90909091
 0.3125     0.75       0.47368421 0.70588235 0.90909091 0.88888889
 0.58823529 0.91304348 0.52631579 0.85714286 0.7        0.90909091
 1.         0.7826087  0.66666667 1.         0.88235294 0.41176471
 0.5862069  1.         0.58064516 0.73333333 0.13333333 1.
 0.8        0.38461538 0.76190476 0.85       0.37037037 0.57142857
 0.84375    0.65       0.25       0.76923077 0.52941176 0.875
 0.42857143 0.36363636 0.89473684 0.76470588 0.76470588 0.9375
 0.66666667 0.46666667 0.7826087  0.85       0.6875     0.92857143
 0.625      0.82758621 1.         0.96296296 0.93333333 1.
 0.67741935 1.         0.5        0.6        0.85       0.63157895
 0.6        0.61538462 1.         0.91666667 0.82758621 0.78571429
 0.66666667 0.82608696 0.80952381 0.83544304 0.26315789 0.51515152
 0.84       0.625      0.70833333 0.73684211 0.90909091 0.9047619
 0.5        1.         0.875      0.55555556 0.6        0.82352941
 0.63636364 0.92857143 0.34210526 0.95238095 0.89204545 1.
 0.92553191 0.84615385 0.52941176 0.66666667]
,[0.9        0.75       0.77419355 0.34615385 0.9        0.5
 0.5        0.91489362 0.66666667 0.57894737 0.96428571 0.95454545
 0.65       0.66666667 0.96       0.47368421 0.57142857 0.52380952
 0.72       0.70588235 0.82758621 0.8        0.68181818 0.69565217
 0.43478261 0.59090909 0.7        0.45454545 0.66666667 0.19047619
 0.66666667 0.80952381 0.52380952 0.95       0.61111111 0.72727273
 0.70833333 0.40909091 0.35294118 0.8        0.72222222 0.44444444
 0.72       1.         0.47058824 0.92592593 0.42105263 0.52380952
 0.81818182 0.65       0.86956522 0.52941176 0.94117647 0.70833333
 0.55       0.52380952 0.5        0.26315789 0.17647059 0.16666667
 0.19047619 0.88235294 0.84       0.85185185 0.85714286 0.64705882
 0.76470588 0.63636364 0.45       0.35294118 0.4        0.95833333
 0.8        0.39130435 0.58823529 0.82352941 0.89473684 0.66666667
 0.15       0.5        0.68421053 0.47058824 0.68421053 0.82352941
 0.82608696 0.9375     0.68421053 0.65       0.63636364 0.93023256
 0.78947368 0.92682927 0.73913043 1.         0.66666667 0.77192982
 0.83333333 0.75       0.375      0.89473684 0.89285714 0.5
 0.95652174 0.8        0.83333333 0.38888889 0.77777778 0.29411765
 0.78125    0.76470588 0.76470588 0.76470588 0.75       0.83333333
 0.22222222 0.95454545 0.72       0.59090909 0.33333333 0.61538462
 0.82352941 0.52380952 0.95652174 0.68421053 0.23809524 0.46938776
 0.92307692 0.76190476 1.         0.84210526 0.73684211 0.92105263
 0.92857143 0.83333333 0.47368421 0.68421053 0.9375     0.84615385
 0.61111111 0.88888889 0.91666667 0.59090909 0.88461538 0.35294118
 1.         0.47058824 0.68292683 0.62857143 0.61904762 0.65217391
 0.86363636 0.83333333 0.78947368 0.9047619  0.47368421 0.5
 0.95238095 0.73333333 0.76190476 0.76470588 0.80952381 0.52631579
 0.27777778 0.85714286 0.5        0.63157895 0.55555556 0.85714286
 0.52631579 1.         0.58823529 0.9        0.31818182 0.58823529
 0.88235294 0.81818182 0.7        0.85       0.9375     0.33333333
 0.85       0.91666667 0.9        0.64705882 0.0952381  0.88235294
 0.84210526 0.55555556 0.66666667 0.73913043 0.43478261 0.69565217
 0.77142857 0.56521739 0.05555556 0.95238095 0.45       0.63636364
 0.57142857 0.6        1.         0.65       0.68421053 0.9375
 0.44444444 0.7        0.7826087  0.77272727 0.52380952 0.56521739
 0.26315789 0.85714286 0.76190476 0.92857143 0.82352941 0.7
 1.         0.70588235 0.23529412 0.63157895 0.80952381 0.63157895
 0.1875     0.72727273 1.         0.55       0.8        0.57894737
 0.21052632 1.         0.73913043 0.91666667 0.25       0.68
 0.91304348 0.5        0.94444444 0.7        0.58823529 0.92682927
 0.89473684 0.73684211 0.38888889 0.26315789 0.63157895 0.66666667
 0.73684211 0.76470588 0.65       1.         0.98125    1.
 1.         0.57894737 0.42857143 0.72727273]
,[0.9        0.75       0.72727273 0.38297872 0.85714286 0.66666667
 0.53658537 0.76106195 0.73684211 0.61111111 0.8852459  0.89361702
 0.60465116 0.75       0.87272727 0.58064516 0.63157895 0.61111111
 0.73469388 0.75       0.78688525 0.84210526 0.65217391 0.7804878
 0.4        0.45614035 0.75675676 0.48780488 0.73684211 0.21621622
 0.77419355 0.64150943 0.61111111 0.9047619  0.66666667 0.74418605
 0.80952381 0.5625     0.44444444 0.86956522 0.76470588 0.44444444
 0.67924528 0.75757576 0.53333333 0.90909091 0.48484848 0.62857143
 0.7826087  0.74285714 0.57142857 0.64285714 0.94117647 0.70833333
 0.61111111 0.62857143 0.56410256 0.34482759 0.19354839 0.27272727
 0.25806452 0.90909091 0.82352941 0.83636364 0.81818182 0.78571429
 0.8125     0.65116279 0.45       0.375      0.55172414 0.90196078
 0.74418605 0.47368421 0.47619048 0.82352941 0.91891892 0.72727273
 0.21428571 0.6        0.66666667 0.57142857 0.7027027  0.84848485
 0.82608696 0.96774194 0.78787879 0.78787879 0.65116279 0.80808081
 0.71428571 0.86363636 0.80952381 0.95454545 0.75       0.79279279
 0.78947368 0.83333333 0.42857143 0.94444444 0.74626866 0.64285714
 0.84615385 0.7804878  0.703125   0.53846154 0.875      0.35714286
 0.79365079 0.83870968 0.76470588 0.8125     0.8        0.85106383
 0.32       0.95454545 0.73469388 0.49056604 0.4137931  0.65306122
 0.8        0.52380952 0.95652174 0.72222222 0.27027027 0.45544554
 0.87272727 0.69565217 0.97435897 0.76190476 0.8        0.82352941
 0.82539683 0.68965517 0.6        0.76470588 0.78947368 0.70212766
 0.6875     0.84210526 0.78571429 0.7027027  0.75409836 0.42857143
 0.9495549  0.53333333 0.53846154 0.59459459 0.57777778 0.50847458
 0.84444444 0.8        0.81081081 0.7755102  0.51428571 0.52631579
 0.75471698 0.70967742 0.42666667 0.76470588 0.75555556 0.66666667
 0.29411765 0.8        0.48648649 0.66666667 0.68965517 0.87272727
 0.55555556 0.95454545 0.55555556 0.87804878 0.4375     0.71428571
 0.9375     0.8        0.68292683 0.91891892 0.90909091 0.36842105
 0.69387755 0.95652174 0.70588235 0.6875     0.11111111 0.9375
 0.82051282 0.45454545 0.71111111 0.79069767 0.4        0.62745098
 0.80597015 0.60465116 0.09090909 0.85106383 0.48648649 0.73684211
 0.48979592 0.45283019 0.94444444 0.7027027  0.72222222 0.9375
 0.53333333 0.56       0.7826087  0.80952381 0.59459459 0.7027027
 0.37037037 0.84210526 0.86486486 0.94545455 0.875      0.82352941
 0.80769231 0.82758621 0.32       0.61538462 0.82926829 0.63157895
 0.28571429 0.66666667 1.         0.6875     0.81355932 0.66666667
 0.32       0.9047619  0.77272727 0.87417219 0.25641026 0.5862069
 0.875      0.55555556 0.80952381 0.71794872 0.71428571 0.91566265
 0.64150943 0.84848485 0.53846154 0.35714286 0.61538462 0.73684211
 0.68292683 0.83870968 0.44827586 0.97560976 0.93452381 1.
 0.96132597 0.6875     0.47368421 0.69565217]
