mACC, mP, mR, mF1, ACC, P, R, F1
0.7186261558784677,0.7476357464310484,0.6875163942379557,0.6938756077373315
,[ 17  14  21  17  25  10   6  36  10   5  53  39  13  17  20  13  13  11
  17  13  24   6  20  17  11   9  18   9  18  10  13  14  11  19  12  19
  21   9   1  22  13   1  17  20   8  23  11  11  21  14  17   5  16  19
  12  15  19  10   1   7  13  16  19  21  15  16  14  13   0   4   9  23
  17   7  10  15  15  12  12   8  13  12  14  16  13  12  15  13  13  39
  16  39  15  20   8  44  15  18   9  18  22   4  22  18  48  13  16   9
  23  15  11  13  19  22   7  15  16  17   5  17  12   8  22  14   4  28
  25  14  36  17  15  36  24  12   7  16  29  32  12  15  16  18  18   9
 159   5  30  24  13  19  20  21  14  17   2   8  19  21  23  14  21   5
   0  19  11  15  10  27  13  15  11  18   3  13  12  18  16  17  15   2
  18  23  19  15   0  16  14   5  21  16   5  15  27  18   6  20   8  14
   9  12  17  13   8  16  11  16  18   7  10  20   7  22  15  26  10  18
  21  13   9  14  20  15   9  13  16  16  25  17   6  19  17  67   0  23
  21  14  15  16  13  35  17  15   7  13   8  13  10  12  12  20 159  24
  75  14  15  14]
,[0.77272727 0.93333333 0.80769231 0.5        0.96153846 1.
 0.75       0.81818182 0.83333333 0.83333333 0.828125   0.88636364
 0.68421053 0.73913043 0.71428571 0.76470588 0.72222222 0.91666667
 0.89473684 1.         0.72727273 1.         0.76923077 0.70833333
 0.42307692 0.69230769 0.66666667 0.81818182 0.66666667 0.4
 0.8125     1.         0.78571429 0.9047619  0.63157895 0.95
 0.58333333 1.         0.5        0.95652174 0.52       1.
 0.60714286 0.66666667 0.88888889 0.82142857 0.84615385 0.61111111
 0.91304348 0.77777778 0.85       0.55555556 0.88888889 0.7037037
 1.         0.51724138 0.67857143 0.34482759 0.25       0.5
 0.61904762 1.         1.         0.80769231 0.88235294 0.88888889
 0.93333333 0.92857143 0.         1.         0.81818182 0.85185185
 0.80952381 0.31818182 0.55555556 0.88235294 0.9375     0.8
 0.70588235 0.72727273 0.76470588 0.66666667 0.77777778 1.
 0.92857143 1.         0.75       0.76470588 0.65       0.86666667
 0.8        0.78       0.88235294 0.95238095 0.88888889 0.51162791
 1.         1.         0.75       0.85714286 0.75862069 1.
 0.78571429 0.5        0.50526316 0.8125     1.         0.375
 0.92       0.9375     0.84615385 0.92857143 1.         0.95652174
 0.63636364 1.         0.66666667 0.60714286 0.55555556 0.80952381
 0.8        0.27586207 0.95652174 0.93333333 0.18181818 0.29166667
 0.51020408 0.53846154 1.         0.89473684 0.83333333 0.8
 0.82758621 0.92307692 0.77777778 0.8        0.85294118 0.38554217
 0.85714286 1.         0.94117647 0.72       0.64285714 0.36
 0.84574468 0.35714286 0.68181818 0.68571429 0.38235294 0.63333333
 0.95238095 0.875      0.93333333 0.80952381 0.5        0.66666667
 0.9047619  0.875      0.25842697 0.73684211 0.58333333 0.625
 0.         0.79166667 0.64705882 0.68181818 0.71428571 0.77142857
 0.8125     0.68181818 0.64705882 0.9        0.75       0.86666667
 1.         0.7826087  0.61538462 0.94444444 0.55555556 0.16666667
 0.94736842 1.         0.54285714 0.78947368 0.         0.88888889
 0.82352941 0.55555556 0.875      0.84210526 0.625      1.
 0.77142857 0.75       0.42857143 0.83333333 0.8        0.82352941
 0.6        0.75       0.85       0.86666667 0.88888889 0.94117647
 0.73333333 0.76190476 0.81818182 0.7        0.47619048 0.35087719
 0.7        1.         1.         0.89655172 1.         0.94736842
 0.95454545 1.         0.81818182 0.82352941 0.71428571 0.55555556
 0.81818182 0.52       1.         0.48484848 0.83333333 0.48571429
 1.         0.86363636 0.62962963 0.77906977 0.         0.34848485
 0.91304348 0.63636364 0.78947368 0.8        0.92857143 0.81395349
 0.48571429 1.         0.875      0.65       0.47058824 0.52
 0.90909091 0.92307692 0.54545455 0.95238095 0.79899497 0.96
 0.69444444 0.60869565 0.51724138 0.7       ]
,[0.85       0.7        0.67741935 0.65384615 0.83333333 0.55555556
 0.27272727 0.76595745 0.47619048 0.26315789 0.94642857 0.88636364
 0.65       0.94444444 0.8        0.68421053 0.61904762 0.52380952
 0.68       0.76470588 0.82758621 0.3        0.90909091 0.73913043
 0.47826087 0.40909091 0.9        0.40909091 0.85714286 0.47619048
 0.72222222 0.66666667 0.52380952 0.95       0.66666667 0.86363636
 0.875      0.40909091 0.05882353 0.88       0.72222222 0.05555556
 0.68       0.8        0.47058824 0.85185185 0.57894737 0.52380952
 0.95454545 0.7        0.73913043 0.29411765 0.94117647 0.79166667
 0.6        0.71428571 0.86363636 0.52631579 0.05882353 0.38888889
 0.61904762 0.94117647 0.76       0.77777778 0.71428571 0.94117647
 0.82352941 0.59090909 0.         0.23529412 0.45       0.95833333
 0.85       0.30434783 0.58823529 0.88235294 0.78947368 0.66666667
 0.6        0.33333333 0.68421053 0.70588235 0.73684211 0.94117647
 0.56521739 0.75       0.78947368 0.65       0.59090909 0.90697674
 0.84210526 0.95121951 0.65217391 0.95238095 0.44444444 0.77192982
 0.83333333 0.9        0.5625     0.94736842 0.78571429 0.22222222
 0.95652174 0.9        0.88888889 0.72222222 0.88888889 0.52941176
 0.71875    0.88235294 0.64705882 0.76470588 0.79166667 0.91666667
 0.38888889 0.68181818 0.64       0.77272727 0.27777778 0.65384615
 0.70588235 0.38095238 0.95652174 0.73684211 0.19047619 0.57142857
 0.96153846 0.66666667 0.94736842 0.89473684 0.78947368 0.94736842
 0.85714286 0.5        0.36842105 0.84210526 0.90625    0.82051282
 0.66666667 0.83333333 0.66666667 0.81818182 0.69230769 0.52941176
 0.99375    0.29411765 0.73170732 0.68571429 0.61904762 0.82608696
 0.90909091 0.875      0.73684211 0.80952381 0.10526316 0.4
 0.9047619  0.7        0.54761905 0.82352941 1.         0.26315789
 0.         0.9047619  0.61111111 0.78947368 0.55555556 0.96428571
 0.68421053 0.71428571 0.64705882 0.9        0.13636364 0.76470588
 0.70588235 0.81818182 0.8        0.85       0.9375     0.0952381
 0.9        0.95833333 0.95       0.88235294 0.         0.94117647
 0.73684211 0.27777778 0.875      0.69565217 0.2173913  0.65217391
 0.77142857 0.7826087  0.33333333 0.95238095 0.4        0.63636364
 0.42857143 0.6        1.         0.65       0.42105263 1.
 0.61111111 0.8        0.7826087  0.31818182 0.47619048 0.86956522
 0.36842105 0.78571429 0.71428571 0.92857143 0.58823529 0.9
 1.         0.76470588 0.52941176 0.73684211 0.95238095 0.78947368
 0.5625     0.59090909 0.88888889 0.8        0.83333333 0.89473684
 0.31578947 1.         0.73913043 0.93055556 0.         0.92
 0.91304348 0.7        0.83333333 0.8        0.76470588 0.85365854
 0.89473684 0.78947368 0.38888889 0.68421053 0.42105263 0.61904762
 0.52631579 0.70588235 0.6        1.         0.99375    1.
 0.86206897 0.73684211 0.71428571 0.63636364]
,[0.80952381 0.8        0.73684211 0.56666667 0.89285714 0.71428571
 0.4        0.79120879 0.60606061 0.4        0.88333333 0.88636364
 0.66666667 0.82926829 0.75471698 0.72222222 0.66666667 0.66666667
 0.77272727 0.86666667 0.77419355 0.46153846 0.83333333 0.72340426
 0.44897959 0.51428571 0.76595745 0.54545455 0.75       0.43478261
 0.76470588 0.8        0.62857143 0.92682927 0.64864865 0.9047619
 0.7        0.58064516 0.10526316 0.91666667 0.60465116 0.10526316
 0.64150943 0.72727273 0.61538462 0.83636364 0.6875     0.56410256
 0.93333333 0.73684211 0.79069767 0.38461538 0.91428571 0.74509804
 0.75       0.6        0.76       0.41666667 0.0952381  0.4375
 0.61904762 0.96969697 0.86363636 0.79245283 0.78947368 0.91428571
 0.875      0.72222222 0.         0.38095238 0.58064516 0.90196078
 0.82926829 0.31111111 0.57142857 0.88235294 0.85714286 0.72727273
 0.64864865 0.45714286 0.72222222 0.68571429 0.75675676 0.96969697
 0.7027027  0.85714286 0.76923077 0.7027027  0.61904762 0.88636364
 0.82051282 0.85714286 0.75       0.95238095 0.59259259 0.61538462
 0.90909091 0.94736842 0.64285714 0.9        0.77192982 0.36363636
 0.8627451  0.64285714 0.6442953  0.76470588 0.94117647 0.43902439
 0.80701754 0.90909091 0.73333333 0.83870968 0.88372093 0.93617021
 0.48275862 0.81081081 0.65306122 0.68       0.37037037 0.72340426
 0.75       0.32       0.95652174 0.82352941 0.18604651 0.3862069
 0.66666667 0.59574468 0.97297297 0.89473684 0.81081081 0.86746988
 0.84210526 0.64864865 0.5        0.82051282 0.87878788 0.52459016
 0.75       0.90909091 0.7804878  0.76595745 0.66666667 0.42857143
 0.9137931  0.32258065 0.70588235 0.68571429 0.47272727 0.71698113
 0.93023256 0.875      0.82352941 0.80952381 0.17391304 0.5
 0.9047619  0.77777778 0.35114504 0.77777778 0.73684211 0.37037037
 0.         0.84444444 0.62857143 0.73170732 0.625      0.85714286
 0.74285714 0.69767442 0.64705882 0.9        0.23076923 0.8125
 0.82758621 0.8        0.69565217 0.89473684 0.69767442 0.12121212
 0.92307692 0.9787234  0.69090909 0.83333333 0.         0.91428571
 0.77777778 0.37037037 0.875      0.76190476 0.32258065 0.78947368
 0.77142857 0.76595745 0.375      0.88888889 0.53333333 0.71794872
 0.5        0.66666667 0.91891892 0.74285714 0.57142857 0.96969697
 0.66666667 0.7804878  0.8        0.4375     0.47619048 0.5
 0.48275862 0.88       0.83333333 0.9122807  0.74074074 0.92307692
 0.97674419 0.86666667 0.64285714 0.77777778 0.81632653 0.65217391
 0.66666667 0.55319149 0.94117647 0.60377358 0.83333333 0.62962963
 0.48       0.92682927 0.68       0.84810127 0.         0.50549451
 0.91304348 0.66666667 0.81081081 0.8        0.83870968 0.83333333
 0.62962963 0.88235294 0.53846154 0.66666667 0.44444444 0.56521739
 0.66666667 0.8        0.57142857 0.97560976 0.88579387 0.97959184
 0.76923077 0.66666667 0.6        0.66666667]
