mACC, mP, mR, mF1, ACC, P, R, F1
0.7090488771466315,0.7155603560279549,0.6734915847815437,0.6800036737382567
,[ 16  15  22   8  27   7  14  38  17  13  54  42  11  14  23  13   9  14
  18  11  24  18  15  15   7  10  20  10  14   2   9  19  14  18   9  16
  20   8   5  22  13   6  18  25   5  17   5  10  20  11  13  11  16  17
  12  11  17   8   4   4   5  16  19  24  16  12  14  15   7   4   7  22
  18  10   7  16  17  12   7  10  11   9  13  13  16  15  12   9  12  40
  18  37  19  20  13  46  12  16   9  17  22   9  22  15  42   7  15   5
  23  11  10  12  18  18   7  19  16  19   7  17  15  13  21  13   4  23
  25  18  36  15  14  33  25  17   4  15  28  29  12  14  18  18  23   8
 160   7  27  25  11  15  17  16  14  18   6   7  20  22  34  14  18  14
   3  20  10  11  13  26  11  21   9  16   6  13  14  14  13  18  12  10
  14  23  13  14   8  16  12   9  22  15   7  15  27  16   4  21   9  12
  12  15  16  15  14  15   7  12  16  17   7  15   7  22  15  25  14  15
  21  12   4   7  18  10  10  14  16   7  28   9   5  19  13  67   5  15
  17   9  16  13  12  38  13  16   6   4  12  16  10  13  12  20 158  24
  87  14  13  16]
,[0.84210526 0.83333333 0.84615385 0.26666667 0.71052632 0.875
 0.63636364 0.76       0.68       0.52       0.77142857 0.72413793
 0.52380952 0.875      0.92       0.68421053 0.69230769 0.82352941
 0.81818182 0.91666667 0.55813953 0.72       0.65217391 0.9375
 0.30434783 0.625      0.625      0.71428571 0.93333333 0.15384615
 0.9        0.79166667 0.66666667 1.         0.75       0.8
 0.86956522 0.61538462 0.33333333 0.73333333 0.92857143 0.66666667
 0.81818182 0.55555556 0.55555556 0.94444444 0.83333333 0.58823529
 0.8        0.73333333 0.56521739 0.6875     0.69565217 0.51515152
 0.85714286 0.84615385 0.62962963 0.61538462 0.5        1.
 0.35714286 0.88888889 0.86363636 0.77419355 0.84210526 0.92307692
 0.82352941 0.78947368 0.53846154 0.4        0.63636364 0.84615385
 0.72       0.55555556 0.38888889 1.         0.85       0.85714286
 0.53846154 0.4        0.73333333 0.64285714 0.68421053 0.92857143
 0.66666667 0.83333333 0.92307692 0.9        0.48       0.63492063
 0.81818182 0.84090909 0.82608696 1.         0.86666667 0.62162162
 1.         0.8        0.9        0.62962963 0.56410256 0.9
 1.         0.75       0.65625    0.58333333 1.         0.45454545
 0.71875    1.         0.71428571 0.75       0.94736842 0.85714286
 0.875      0.86363636 0.57142857 0.65517241 0.58333333 0.70833333
 0.75       0.56521739 0.95454545 0.54166667 0.23529412 0.40350877
 0.625      0.52941176 0.94736842 0.6        0.875      0.89189189
 0.92592593 0.85       0.5        0.88235294 0.77777778 0.76315789
 0.85714286 0.93333333 0.75       0.85714286 0.62162162 0.8
 0.86956522 0.41176471 0.57446809 0.625      0.6875     0.68181818
 0.94444444 0.8        0.93333333 0.75       0.4        0.46666667
 0.74074074 0.6875     0.31192661 0.73684211 0.5625     0.51851852
 0.21428571 0.86956522 0.66666667 0.61111111 0.65       0.8125
 0.6875     0.63636364 0.5        0.88888889 0.375      0.86666667
 0.93333333 0.93333333 0.76470588 0.9        0.85714286 0.38461538
 0.73684211 1.         0.56521739 0.7        0.25       0.88888889
 0.70588235 0.45       0.73333333 0.71428571 0.33333333 0.48387097
 0.84375    0.72727273 0.66666667 0.48837209 0.64285714 0.75
 0.57142857 0.6        0.94117647 0.83333333 0.82352941 0.9375
 0.875      0.70588235 0.8        0.77272727 0.4375     0.9375
 0.53846154 0.81481481 0.9375     0.86206897 0.93333333 0.71428571
 0.75       1.         0.36363636 0.53846154 0.81818182 0.76923077
 0.55555556 0.56       1.         0.58333333 0.71794872 0.75
 0.5        0.76       0.76470588 0.79761905 0.29411765 0.71428571
 0.94444444 0.69230769 0.76190476 0.8125     0.70588235 0.88372093
 0.43333333 0.84210526 0.75       0.26666667 0.85714286 0.72727273
 0.66666667 0.8125     0.36363636 0.95238095 0.83157895 0.88888889
 0.92553191 0.82352941 0.44827586 0.53333333]
,[0.8        0.75       0.70967742 0.30769231 0.9        0.38888889
 0.63636364 0.80851064 0.80952381 0.68421053 0.96428571 0.95454545
 0.55       0.77777778 0.92       0.68421053 0.42857143 0.66666667
 0.72       0.64705882 0.82758621 0.9        0.68181818 0.65217391
 0.30434783 0.45454545 1.         0.45454545 0.66666667 0.0952381
 0.5        0.9047619  0.66666667 0.9        0.5        0.72727273
 0.83333333 0.36363636 0.29411765 0.88       0.72222222 0.33333333
 0.72       1.         0.29411765 0.62962963 0.26315789 0.47619048
 0.90909091 0.55       0.56521739 0.64705882 0.94117647 0.70833333
 0.6        0.52380952 0.77272727 0.42105263 0.23529412 0.22222222
 0.23809524 0.94117647 0.76       0.88888889 0.76190476 0.70588235
 0.82352941 0.68181818 0.35       0.23529412 0.35       0.91666667
 0.9        0.43478261 0.41176471 0.94117647 0.89473684 0.66666667
 0.35       0.41666667 0.57894737 0.52941176 0.68421053 0.76470588
 0.69565217 0.9375     0.63157895 0.45       0.54545455 0.93023256
 0.94736842 0.90243902 0.82608696 0.95238095 0.72222222 0.80701754
 0.66666667 0.8        0.5625     0.89473684 0.78571429 0.5
 0.95652174 0.75       0.77777778 0.38888889 0.83333333 0.29411765
 0.71875    0.64705882 0.58823529 0.70588235 0.75       0.75
 0.38888889 0.86363636 0.64       0.86363636 0.38888889 0.65384615
 0.88235294 0.61904762 0.91304348 0.68421053 0.19047619 0.46938776
 0.96153846 0.85714286 0.94736842 0.78947368 0.73684211 0.86842105
 0.89285714 0.70833333 0.21052632 0.78947368 0.875      0.74358974
 0.66666667 0.77777778 0.75       0.81818182 0.88461538 0.47058824
 1.         0.41176471 0.65853659 0.71428571 0.52380952 0.65217391
 0.77272727 0.66666667 0.73684211 0.85714286 0.31578947 0.35
 0.95238095 0.73333333 0.80952381 0.82352941 0.85714286 0.73684211
 0.16666667 0.95238095 0.55555556 0.57894737 0.72222222 0.92857143
 0.57894737 1.         0.52941176 0.8        0.27272727 0.76470588
 0.82352941 0.63636364 0.65       0.9        0.75       0.47619048
 0.7        0.95833333 0.65       0.82352941 0.38095238 0.94117647
 0.63157895 0.5        0.91666667 0.65217391 0.30434783 0.65217391
 0.77142857 0.69565217 0.22222222 1.         0.45       0.54545455
 0.57142857 0.75       0.94117647 0.75       0.73684211 0.9375
 0.38888889 0.6        0.69565217 0.77272727 0.33333333 0.65217391
 0.36842105 0.78571429 0.71428571 0.89285714 0.82352941 0.75
 1.         0.70588235 0.23529412 0.36842105 0.85714286 0.52631579
 0.625      0.63636364 0.88888889 0.35       0.93333333 0.47368421
 0.26315789 1.         0.56521739 0.93055556 0.25       0.6
 0.73913043 0.45       0.88888889 0.65       0.70588235 0.92682927
 0.68421053 0.84210526 0.33333333 0.21052632 0.63157895 0.76190476
 0.52631579 0.76470588 0.6        1.         0.9875     1.
 1.         0.73684211 0.61904762 0.72727273]
,[0.82051282 0.78947368 0.77192982 0.28571429 0.79411765 0.53846154
 0.63636364 0.78350515 0.73913043 0.59090909 0.85714286 0.82352941
 0.53658537 0.82352941 0.92       0.68421053 0.52941176 0.73684211
 0.76595745 0.75862069 0.66666667 0.8        0.66666667 0.76923077
 0.30434783 0.52631579 0.76923077 0.55555556 0.77777778 0.11764706
 0.64285714 0.84444444 0.66666667 0.94736842 0.6        0.76190476
 0.85106383 0.45714286 0.3125     0.8        0.8125     0.44444444
 0.76595745 0.71428571 0.38461538 0.75555556 0.4        0.52631579
 0.85106383 0.62857143 0.56521739 0.66666667 0.8        0.59649123
 0.70588235 0.64705882 0.69387755 0.5        0.32       0.36363636
 0.28571429 0.91428571 0.80851064 0.82758621 0.8        0.8
 0.82352941 0.73170732 0.42424242 0.2962963  0.4516129  0.88
 0.8        0.48780488 0.4        0.96969697 0.87179487 0.75
 0.42424242 0.40816327 0.64705882 0.58064516 0.68421053 0.83870968
 0.68085106 0.88235294 0.75       0.6        0.5106383  0.75471698
 0.87804878 0.87058824 0.82608696 0.97560976 0.78787879 0.70229008
 0.8        0.8        0.69230769 0.73913043 0.65671642 0.64285714
 0.97777778 0.75       0.71186441 0.46666667 0.90909091 0.35714286
 0.71875    0.78571429 0.64516129 0.72727273 0.8372093  0.8
 0.53846154 0.86363636 0.60377358 0.74509804 0.46666667 0.68
 0.81081081 0.59090909 0.93333333 0.60465116 0.21052632 0.43396226
 0.75757576 0.65454545 0.94736842 0.68181818 0.8        0.88
 0.90909091 0.77272727 0.2962963  0.83333333 0.82352941 0.75324675
 0.75       0.84848485 0.75       0.8372093  0.73015873 0.59259259
 0.93023256 0.41176471 0.61363636 0.66666667 0.59459459 0.66666667
 0.85       0.72727273 0.82352941 0.8        0.35294118 0.4
 0.83333333 0.70967742 0.45033113 0.77777778 0.67924528 0.60869565
 0.1875     0.90909091 0.60606061 0.59459459 0.68421053 0.86666667
 0.62857143 0.77777778 0.51428571 0.84210526 0.31578947 0.8125
 0.875      0.75675676 0.7027027  0.9        0.8        0.42553191
 0.71794872 0.9787234  0.60465116 0.75675676 0.30188679 0.91428571
 0.66666667 0.47368421 0.81481481 0.68181818 0.31818182 0.55555556
 0.80597015 0.71111111 0.33333333 0.65625    0.52941176 0.63157895
 0.57142857 0.66666667 0.94117647 0.78947368 0.77777778 0.9375
 0.53846154 0.64864865 0.74418605 0.77272727 0.37837838 0.76923077
 0.4375     0.8        0.81081081 0.87719298 0.875      0.73170732
 0.85714286 0.82758621 0.28571429 0.4375     0.8372093  0.625
 0.58823529 0.59574468 0.94117647 0.4375     0.8115942  0.58064516
 0.34482759 0.86363636 0.65       0.85897436 0.27027027 0.65217391
 0.82926829 0.54545455 0.82051282 0.72222222 0.70588235 0.9047619
 0.53061224 0.84210526 0.46153846 0.23529412 0.72727273 0.74418605
 0.58823529 0.78787879 0.45283019 0.97560976 0.90285714 0.94117647
 0.96132597 0.77777778 0.52       0.61538462]
