mACC, mP, mR, mF1, ACC, P, R, F1
0.7073976221928666,0.7076272015191551,0.6652412660765887,0.6571914321367329
,[ 17  15  26  15  25   2   8  42  17  14  51  42  12  15  22  12  17  13
  15  12  23  14  21  18   0   9  16   8  17   1  11  13  14  19  10  20
  22  10   1  25  16   8  16  11   2  24  15   9  21  12  12   6  16  21
  10  17  18   7   1   2   8  16  19  21  18  15  12   9   5   3   0  21
  16   2   6  14  18  14   9   6  11   8   5  14  17  14  15   0  12  43
  16  39  20  21  10  46  11  15  14  19  24   7  19  16  46  11  15   5
  24  15  13   9  24  19   1  22  19  17   4  20  17  10  22  13   6  29
  25  13  38  15  13  36  26  19   3  14  29  34   1  13  18  17  21  10
 160  10  34  26   7  19  22  21  14  21  10   1  19  27  25  14  20   2
   0  20   3  14   2  27  12  18   6  19   4  13  14  17  15  18  15  13
  17  21  18  16   0  16   5   5  20  20  18  21  26  16   0  21  10  17
   9   9  17  15   7  16   9  16  21  19   4  20   6  25  19  27  12  17
  17  14   0  16  19  10  14   6  16   9  25  16   6  19  17  70   3  22
  17   1  18  16   9  39  13  16   1  12   2  16   8   5   6  20 157  24
  87  14   6  19]
,[0.94444444 0.88235294 0.5        0.45454545 0.96153846 1.
 0.5        0.68852459 0.77272727 0.73684211 0.87931034 0.82352941
 0.85714286 0.88235294 0.70967742 1.         0.51515152 0.72222222
 0.78947368 0.70588235 0.6969697  0.7        0.72413793 0.94736842
 0.         0.52941176 0.64       0.72727273 0.77272727 0.33333333
 0.73333333 0.8125     0.58333333 1.         0.71428571 0.58823529
 0.75862069 0.76923077 0.16666667 0.89285714 0.88888889 0.8
 0.72727273 0.73333333 0.5        0.8        0.65217391 0.75
 0.63636364 0.66666667 0.8        0.85714286 0.8        0.63636364
 0.71428571 0.73913043 0.69230769 0.46666667 0.16666667 0.66666667
 0.57142857 0.88888889 0.76       1.         0.94736842 0.83333333
 0.92307692 0.52941176 0.55555556 0.6        0.         0.84
 0.66666667 0.18181818 0.35294118 0.875      0.94736842 0.875
 0.5        0.75       0.91666667 0.38095238 1.         0.93333333
 0.80952381 0.73684211 0.9375     0.         0.66666667 0.74137931
 0.94117647 0.86666667 1.         1.         1.         0.38333333
 1.         1.         0.82352941 0.95       0.5        0.7
 0.95       0.66666667 0.51111111 0.84615385 0.75       0.5
 0.63157895 1.         0.76470588 0.64285714 0.85714286 0.95
 0.5        0.95652174 0.73076923 0.65384615 0.57142857 0.76923077
 0.85       0.52631579 0.95652174 0.92857143 0.31578947 0.24786325
 0.69444444 0.61904762 0.97435897 0.6        0.59090909 0.69230769
 0.7027027  0.7037037  0.75       0.82352941 0.58       0.57627119
 1.         0.92857143 0.5625     0.85       0.56756757 0.66666667
 0.89385475 0.43478261 0.65384615 0.63414634 0.41176471 0.79166667
 0.78571429 0.7        0.7        0.525      0.76923077 0.16666667
 0.82608696 0.84375    0.27173913 0.73684211 0.58823529 0.5
 0.         0.90909091 0.6        1.         1.         0.93103448
 0.54545455 0.75       0.75       0.95       0.66666667 0.92857143
 0.82352941 0.43589744 0.71428571 1.         0.71428571 0.36111111
 0.5        0.91304348 0.72       0.66666667 0.         1.
 1.         0.625      0.90909091 0.86956522 0.47368421 0.65625
 0.92857143 0.59259259 0.         0.55263158 0.71428571 0.85
 0.5        0.45       1.         0.68181818 0.7        0.94117647
 0.75       0.88888889 0.63636364 0.59375    0.22222222 0.64516129
 0.66666667 0.92592593 0.76       0.75       1.         1.
 0.70833333 0.93333333 0.         0.76190476 0.79166667 0.52631579
 0.56       0.375      0.84210526 1.         0.625      0.88888889
 0.66666667 0.95       0.5862069  0.83333333 0.5        0.51162791
 1.         1.         0.66666667 0.88888889 1.         0.82978723
 0.56521739 1.         0.33333333 0.75       0.28571429 0.47058824
 0.88888889 1.         0.33333333 0.90909091 0.83957219 1.
 0.94565217 0.875      0.6        0.55882353]
,[0.85       0.75       0.83870968 0.57692308 0.83333333 0.11111111
 0.36363636 0.89361702 0.80952381 0.73684211 0.91071429 0.95454545
 0.6        0.83333333 0.88       0.63157895 0.80952381 0.61904762
 0.6        0.70588235 0.79310345 0.7        0.95454545 0.7826087
 0.         0.40909091 0.8        0.36363636 0.80952381 0.04761905
 0.61111111 0.61904762 0.66666667 0.95       0.55555556 0.90909091
 0.91666667 0.45454545 0.05882353 1.         0.88888889 0.44444444
 0.64       0.44       0.11764706 0.88888889 0.78947368 0.42857143
 0.95454545 0.6        0.52173913 0.35294118 0.94117647 0.875
 0.5        0.80952381 0.81818182 0.36842105 0.05882353 0.11111111
 0.38095238 0.94117647 0.76       0.77777778 0.85714286 0.88235294
 0.70588235 0.40909091 0.25       0.17647059 0.         0.875
 0.8        0.08695652 0.35294118 0.82352941 0.94736842 0.77777778
 0.45       0.25       0.57894737 0.47058824 0.26315789 0.82352941
 0.73913043 0.875      0.78947368 0.         0.54545455 1.
 0.84210526 0.95121951 0.86956522 1.         0.55555556 0.80701754
 0.61111111 0.75       0.875      1.         0.85714286 0.38888889
 0.82608696 0.8        0.85185185 0.61111111 0.83333333 0.29411765
 0.75       0.88235294 0.76470588 0.52941176 1.         0.79166667
 0.05555556 1.         0.76       0.77272727 0.22222222 0.76923077
 1.         0.47619048 0.95652174 0.68421053 0.28571429 0.59183673
 0.96153846 0.61904762 1.         0.78947368 0.68421053 0.94736842
 0.92857143 0.79166667 0.15789474 0.73684211 0.90625    0.87179487
 0.05555556 0.72222222 0.75       0.77272727 0.80769231 0.58823529
 1.         0.58823529 0.82926829 0.74285714 0.33333333 0.82608696
 1.         0.875      0.73684211 1.         0.52631579 0.05
 0.9047619  0.9        0.5952381  0.82352941 0.95238095 0.10526316
 0.         0.95238095 0.16666667 0.73684211 0.11111111 0.96428571
 0.63157895 0.85714286 0.35294118 0.95       0.18181818 0.76470588
 0.82352941 0.77272727 0.75       0.9        0.9375     0.61904762
 0.85       0.875      0.9        0.94117647 0.         0.94117647
 0.26315789 0.27777778 0.83333333 0.86956522 0.7826087  0.91304348
 0.74285714 0.69565217 0.         1.         0.5        0.77272727
 0.42857143 0.45       1.         0.75       0.36842105 1.
 0.5        0.8        0.91304348 0.86363636 0.19047619 0.86956522
 0.31578947 0.89285714 0.9047619  0.96428571 0.70588235 0.85
 0.80952381 0.82352941 0.         0.84210526 0.9047619  0.52631579
 0.875      0.27272727 0.88888889 0.45       0.83333333 0.84210526
 0.31578947 1.         0.73913043 0.97222222 0.15       0.88
 0.73913043 0.05       1.         0.8        0.52941176 0.95121951
 0.68421053 0.84210526 0.05555556 0.63157895 0.10526316 0.76190476
 0.42105263 0.29411765 0.3        1.         0.98125    1.
 1.         0.73684211 0.28571429 0.86363636]
,[0.89473684 0.81081081 0.62650602 0.50847458 0.89285714 0.2
 0.42105263 0.77777778 0.79069767 0.73684211 0.89473684 0.88421053
 0.70588235 0.85714286 0.78571429 0.77419355 0.62962963 0.66666667
 0.68181818 0.70588235 0.74193548 0.7        0.82352941 0.85714286
 0.         0.46153846 0.71111111 0.48484848 0.79069767 0.08333333
 0.66666667 0.7027027  0.62222222 0.97435897 0.625      0.71428571
 0.83018868 0.57142857 0.08695652 0.94339623 0.88888889 0.57142857
 0.68085106 0.55       0.19047619 0.84210526 0.71428571 0.54545455
 0.76363636 0.63157895 0.63157895 0.5        0.86486486 0.73684211
 0.58823529 0.77272727 0.75       0.41176471 0.08695652 0.19047619
 0.45714286 0.91428571 0.76       0.875      0.9        0.85714286
 0.8        0.46153846 0.34482759 0.27272727 0.         0.85714286
 0.72727273 0.11764706 0.35294118 0.84848485 0.94736842 0.82352941
 0.47368421 0.375      0.70967742 0.42105263 0.41666667 0.875
 0.77272727 0.8        0.85714286 0.         0.6        0.85148515
 0.88888889 0.90697674 0.93023256 1.         0.71428571 0.51977401
 0.75862069 0.85714286 0.84848485 0.97435897 0.63157895 0.5
 0.88372093 0.72727273 0.63888889 0.70967742 0.78947368 0.37037037
 0.68571429 0.9375     0.76470588 0.58064516 0.92307692 0.86363636
 0.1        0.97777778 0.74509804 0.70833333 0.32       0.76923077
 0.91891892 0.5        0.95652174 0.78787879 0.3        0.34939759
 0.80645161 0.61904762 0.98701299 0.68181818 0.63414634 0.8
 0.8        0.74509804 0.26086957 0.77777778 0.70731707 0.69387755
 0.10526316 0.8125     0.64285714 0.80952381 0.66666667 0.625
 0.9439528  0.5        0.7311828  0.68421053 0.36842105 0.80851064
 0.88       0.77777778 0.71794872 0.68852459 0.625      0.07692308
 0.86363636 0.87096774 0.37313433 0.77777778 0.72727273 0.17391304
 0.         0.93023256 0.26086957 0.84848485 0.2        0.94736842
 0.58536585 0.8        0.48       0.95       0.28571429 0.83870968
 0.82352941 0.55737705 0.73170732 0.94736842 0.81081081 0.45614035
 0.62962963 0.89361702 0.8        0.7804878  0.         0.96969697
 0.41666667 0.38461538 0.86956522 0.86956522 0.59016393 0.76363636
 0.82539683 0.64       0.         0.71186441 0.58823529 0.80952381
 0.46153846 0.45       1.         0.71428571 0.48275862 0.96969697
 0.6        0.84210526 0.75       0.7037037  0.20512821 0.74074074
 0.42857143 0.90909091 0.82608696 0.84375    0.82758621 0.91891892
 0.75555556 0.875      0.         0.8        0.84444444 0.52631579
 0.68292683 0.31578947 0.86486486 0.62068966 0.71428571 0.86486486
 0.42857143 0.97435897 0.65384615 0.8974359  0.23076923 0.64705882
 0.85       0.0952381  0.8        0.84210526 0.69230769 0.88636364
 0.61904762 0.91428571 0.0952381  0.68571429 0.15384615 0.58181818
 0.57142857 0.45454545 0.31578947 0.95238095 0.90489914 1.
 0.97206704 0.8        0.38709677 0.67857143]
