mACC, mP, mR, mF1, ACC, P, R, F1
0.5802509907529723,0.5921858242059208,0.5352896516845239,0.5324621510386753
,[ 16  16  26  17  27   6   0  37  15  14  54  39  16  15   7   9   4  13
  18  13  15   5   1  11   1   0  14  17  10   0  14  10  11  19   2  14
  18  12   0  21   0   6  15   4   0  23  10   9  20  12  17   9   1  17
  13   0  21   9   0   7   2  13   0  23  17  12  14  11   0   0  11   2
  12   1   6  16  16   7   2  13  13  13   5   7  10  14  15   0   5  38
  14  38  15  20   0  47   9   0  13  17  20   0  22  15  47   8  17   6
  23  16  14   7  17  21   0  18   9  10   7  18  15   0  23  13   0   7
  24  11  36  14  11  37  11  12   0  16  13  31   0  10   9  18  19   6
 160  14  24  23   1  12  21  20   2  12  10   0  20  19   6   0  16   4
   4  18   6  12   3  28  11   0   1  16   4  12  13  15   9  11  14   8
  17  22  15  16   0  16  11   6  21  15   0   0  19  16   0  19   8  11
  13   6  16   8   0  16   7  15  14  16  14  14   7  21  16  24   0  16
  20  13   1  15  19   0   1   4   4  16  25   7   3  19   9  65   1  15
  18   0  11  17  10  40   3  13   6   0   1  14   6   6   8  20 159  24
  49  11  17   8]
,[0.66666667 0.72727273 0.72222222 0.15454545 0.96428571 1.
 0.         0.43529412 0.68181818 0.28571429 0.81818182 0.82978723
 0.10810811 0.9375     0.77777778 0.6        0.4        0.86666667
 0.81818182 0.65       0.41666667 0.55555556 0.02631579 0.6875
 0.11111111 0.         0.93333333 0.5862069  0.4        0.
 0.56       1.         0.44       0.9047619  0.1        0.875
 0.7826087  0.85714286 0.         0.80769231 0.         0.75
 0.9375     0.4        0.         0.74193548 0.625      1.
 0.95238095 0.6        0.65384615 0.64285714 0.5        0.85
 0.68421053 0.         0.75       0.64285714 0.         0.5
 0.125      0.61904762 0.         0.82142857 0.77272727 0.92307692
 0.77777778 0.91666667 0.         0.         0.15942029 0.66666667
 0.70588235 0.25       0.6        0.23188406 1.         1.
 0.33333333 0.34210526 0.52       0.26530612 0.19230769 0.53846154
 0.71428571 0.875      0.83333333 0.         0.33333333 0.71698113
 0.93333333 0.66666667 0.9375     1.         0.         0.59493671
 0.6        0.         0.68421053 0.85       0.58823529 0.
 0.78571429 0.53571429 0.4159292  0.8        0.80952381 0.09375
 0.63888889 0.94117647 0.875      1.         1.         0.91304348
 0.         1.         0.3        0.83333333 0.31818182 0.6
 0.88235294 0.         0.95833333 0.86666667 0.         0.23333333
 0.53333333 1.         0.97297297 0.93333333 0.84615385 0.71153846
 0.73333333 1.         0.         0.41025641 0.76470588 0.25203252
 0.         0.90909091 0.9        0.7826087  0.86363636 0.75
 0.83769634 0.4        0.36363636 0.52272727 0.1        0.92307692
 0.91304348 0.90909091 1.         0.5        0.47619048 0.
 0.95238095 0.95       0.11538462 0.         0.88888889 0.4
 0.19047619 0.75       0.33333333 0.70588235 0.75       0.56
 0.73333333 0.         0.09090909 0.88888889 0.4        0.92307692
 0.76470588 0.78947368 0.81818182 1.         0.82352941 0.61538462
 0.43589744 0.91666667 1.         0.51612903 0.         0.76190476
 0.36666667 0.75       0.875      0.83333333 0.         0.
 0.95       0.88888889 0.         0.82608696 0.8        0.73333333
 0.41935484 0.85714286 0.94117647 0.34782609 0.         0.88888889
 0.63636364 0.68181818 0.82352941 0.94117647 0.21875    0.875
 0.7        0.63636364 1.         0.92307692 0.         0.69565217
 0.86956522 0.86666667 0.25       0.83333333 0.82608696 0.
 1.         0.8        1.         0.76190476 0.80645161 0.38888889
 0.42857143 0.95       0.5625     0.58558559 0.06666667 0.6
 0.85714286 0.         1.         0.5        1.         0.86956522
 0.33333333 0.68421053 0.75       0.         0.125      0.56
 0.75       0.85714286 0.27586207 0.90909091 0.75714286 0.92307692
 0.40495868 0.84615385 0.33333333 0.66666667]
,[0.8        0.8        0.83870968 0.65384615 0.9        0.33333333
 0.         0.78723404 0.71428571 0.73684211 0.96428571 0.88636364
 0.8        0.83333333 0.28       0.47368421 0.19047619 0.61904762
 0.72       0.76470588 0.51724138 0.25       0.04545455 0.47826087
 0.04347826 0.         0.7        0.77272727 0.47619048 0.
 0.77777778 0.47619048 0.52380952 0.95       0.11111111 0.63636364
 0.75       0.54545455 0.         0.84       0.         0.33333333
 0.6        0.16       0.         0.85185185 0.52631579 0.42857143
 0.90909091 0.6        0.73913043 0.52941176 0.05882353 0.70833333
 0.65       0.         0.95454545 0.47368421 0.         0.38888889
 0.0952381  0.76470588 0.         0.85185185 0.80952381 0.70588235
 0.82352941 0.5        0.         0.         0.55       0.08333333
 0.6        0.04347826 0.35294118 0.94117647 0.84210526 0.38888889
 0.1        0.54166667 0.68421053 0.76470588 0.26315789 0.41176471
 0.43478261 0.875      0.78947368 0.         0.22727273 0.88372093
 0.73684211 0.92682927 0.65217391 0.95238095 0.         0.8245614
 0.5        0.         0.8125     0.89473684 0.71428571 0.
 0.95652174 0.75       0.87037037 0.44444444 0.94444444 0.35294118
 0.71875    0.94117647 0.82352941 0.41176471 0.70833333 0.875
 0.         0.81818182 0.36       0.45454545 0.38888889 0.69230769
 0.88235294 0.         1.         0.68421053 0.         0.14285714
 0.92307692 0.52380952 0.94736842 0.73684211 0.57894737 0.97368421
 0.39285714 0.5        0.         0.84210526 0.40625    0.79487179
 0.         0.55555556 0.375      0.81818182 0.73076923 0.35294118
 1.         0.82352941 0.58536585 0.65714286 0.04761905 0.52173913
 0.95454545 0.83333333 0.10526316 0.57142857 0.52631579 0.
 0.95238095 0.63333333 0.14285714 0.         0.76190476 0.21052632
 0.22222222 0.85714286 0.33333333 0.63157895 0.16666667 1.
 0.57894737 0.         0.05882353 0.8        0.18181818 0.70588235
 0.76470588 0.68181818 0.45       0.55       0.875      0.38095238
 0.85       0.91666667 0.75       0.94117647 0.         0.94117647
 0.57894737 0.33333333 0.875      0.65217391 0.         0.
 0.54285714 0.69565217 0.         0.9047619  0.4        0.5
 0.61904762 0.3        0.94117647 0.4        0.         1.
 0.38888889 0.75       0.60869565 0.72727273 0.66666667 0.60869565
 0.36842105 0.75       0.76190476 0.85714286 0.         0.8
 0.95238095 0.76470588 0.05882353 0.78947368 0.9047619  0.
 0.0625     0.18181818 0.22222222 0.8        0.83333333 0.36842105
 0.15789474 1.         0.39130435 0.90277778 0.05       0.6
 0.7826087  0.         0.61111111 0.85       0.58823529 0.97560976
 0.15789474 0.68421053 0.33333333 0.         0.05263158 0.66666667
 0.31578947 0.35294118 0.4        1.         0.99375    1.
 0.56321839 0.57894737 0.80952381 0.36363636]
,[0.72727273 0.76190476 0.7761194  0.25       0.93103448 0.5
 0.         0.56060606 0.69767442 0.41176471 0.8852459  0.85714286
 0.19047619 0.88235294 0.41176471 0.52941176 0.25806452 0.72222222
 0.76595745 0.7027027  0.46153846 0.34482759 0.03333333 0.56410256
 0.0625     0.         0.8        0.66666667 0.43478261 0.
 0.65116279 0.64516129 0.47826087 0.92682927 0.10526316 0.73684211
 0.76595745 0.66666667 0.         0.82352941 0.         0.46153846
 0.73170732 0.22857143 0.         0.79310345 0.57142857 0.6
 0.93023256 0.6        0.69387755 0.58064516 0.10526316 0.77272727
 0.66666667 0.         0.84       0.54545455 0.         0.4375
 0.10810811 0.68421053 0.         0.83636364 0.79069767 0.8
 0.8        0.64705882 0.         0.         0.24719101 0.14814815
 0.64864865 0.07407407 0.44444444 0.37209302 0.91428571 0.56
 0.15384615 0.41935484 0.59090909 0.39393939 0.22222222 0.46666667
 0.54054054 0.875      0.81081081 0.         0.27027027 0.79166667
 0.82352941 0.7755102  0.76923077 0.97560976 0.         0.69117647
 0.54545455 0.         0.74285714 0.87179487 0.64516129 0.
 0.8627451  0.625      0.56287425 0.57142857 0.87179487 0.14814815
 0.67647059 0.94117647 0.84848485 0.58333333 0.82926829 0.89361702
 0.         0.9        0.32727273 0.58823529 0.35       0.64285714
 0.88235294 0.         0.9787234  0.76470588 0.         0.17721519
 0.67605634 0.6875     0.96       0.82352941 0.6875     0.82222222
 0.51162791 0.66666667 0.         0.55172414 0.53061224 0.38271605
 0.         0.68965517 0.52941176 0.8        0.79166667 0.48
 0.91168091 0.53846154 0.44859813 0.58227848 0.06451613 0.66666667
 0.93333333 0.86956522 0.19047619 0.53333333 0.5        0.
 0.95238095 0.76       0.12765957 0.         0.82051282 0.27586207
 0.20512821 0.8        0.33333333 0.66666667 0.27272727 0.71794872
 0.64705882 0.         0.07142857 0.84210526 0.25       0.8
 0.76470588 0.73170732 0.58064516 0.70967742 0.84848485 0.47058824
 0.57627119 0.91666667 0.85714286 0.66666667 0.         0.84210526
 0.44897959 0.46153846 0.875      0.73170732 0.         0.
 0.69090909 0.7804878  0.         0.86363636 0.53333333 0.59459459
 0.5        0.44444444 0.94117647 0.37209302 0.         0.94117647
 0.48275862 0.71428571 0.7        0.82051282 0.32941176 0.71794872
 0.48275862 0.68852459 0.86486486 0.88888889 0.         0.74418605
 0.90909091 0.8125     0.0952381  0.81081081 0.86363636 0.
 0.11764706 0.2962963  0.36363636 0.7804878  0.81967213 0.37837838
 0.23076923 0.97435897 0.46153846 0.71038251 0.05714286 0.6
 0.81818182 0.         0.75862069 0.62962963 0.74074074 0.91954023
 0.21428571 0.68421053 0.46153846 0.         0.07407407 0.60869565
 0.44444444 0.5        0.32653061 0.95238095 0.85945946 0.96
 0.47115385 0.6875     0.47222222 0.47058824]
