mACC, mP, mR, mF1, ACC, P, R, F1
0.7229194187582563,0.7511589357601794,0.6909459786225506,0.6912809980955965
,[ 17   9  26  19  27  10   2  39  13   4  50  42  15  12  24  15  15  15
  16   8  25  14  22  18  14  10  17  15  19  14  10  12  15  20  13  20
  22  15   0  21  16   6  16   5   1  25  14  13  21  13  19  13  16  17
  13  16  19   7   0  11  11  16  24  23  18  17  13   7   0   6  14  22
  15   9   6  14  16   9   2  18  13  14  13  16  19  14  15   0   1  40
  17  39  18  20  13  43  12  15  13  16  24   6  23  16  43  12  15   6
  24  13  13  11  21  22   6  20  16  19   6  19  15   5  22  16   4  18
  25  16  38  15  14  33  23  15   0  15  32  35   2  15  18  17  21   8
 160   9  34  25  17  16  20  18  10  20   8   3  20  26  13  11  19   3
   1  20  11  14  11  28  13  16  12  16   7  14  15  18  10  19  16   6
  19  24  19  16   1  16  17   5  22  19   6  17  27  18   6  21   8  13
   9  18  17  18   7  16  10  18  15  15   8  15   7  26  16  28  10  16
  20  14   6  17  21  12   7   9  17  14  24  17   5  19  16  70   2  20
  18  17  10  16   9  39   9  13   8  14  11  13  13  10  11  20 159  24
  72  15  18   4]
,[0.62962963 0.81818182 0.66666667 0.475      0.93103448 1.
 1.         0.62903226 0.76470588 0.57142857 0.87719298 0.875
 0.45454545 1.         0.75       0.57692308 0.75       0.75
 0.8        0.88888889 0.56818182 0.7        0.61111111 0.81818182
 0.4375     0.58823529 0.5862069  0.88235294 0.95       0.3255814
 0.76923077 0.8        0.71428571 0.90909091 0.44827586 0.86956522
 0.81481481 0.9375     0.         0.875      0.84210526 0.66666667
 0.84210526 0.625      1.         0.80645161 0.60869565 0.8125
 0.91304348 0.92857143 0.73076923 0.86666667 0.88888889 1.
 0.8125     0.94117647 0.95       0.46666667 0.         0.42307692
 0.61111111 0.8        0.77419355 1.         1.         0.89473684
 0.92857143 0.875      0.         0.85714286 0.46666667 0.88
 0.40540541 0.45       0.54545455 0.66666667 1.         0.9
 1.         0.40909091 0.65       0.30434783 0.8125     0.88888889
 0.65517241 0.875      1.         0.         0.16666667 0.86956522
 0.89473684 0.8125     0.94736842 0.83333333 0.8125     0.59722222
 0.8        0.88235294 0.8125     0.84210526 0.75       1.
 0.85185185 0.69565217 0.65151515 0.8        0.88235294 0.46153846
 0.53333333 1.         0.86666667 0.91666667 0.875      0.81481481
 0.85714286 0.90909091 0.57142857 0.86363636 0.46153846 0.76
 0.88235294 0.83333333 0.95652174 0.88888889 0.33333333 0.62068966
 0.5952381  0.72727273 1.         0.68181818 1.         0.55932203
 0.88461538 0.9375     0.         0.88235294 0.66666667 0.59322034
 0.33333333 1.         0.85714286 0.89473684 0.91304348 0.8
 0.8        0.40909091 0.51515152 0.73529412 0.56666667 0.94117647
 0.95238095 0.94736842 0.90909091 0.8        0.66666667 0.6
 1.         0.78787879 0.56521739 1.         0.73076923 0.1875
 1.         0.83333333 0.73333333 0.77777778 1.         0.4516129
 0.86666667 0.94117647 0.5        0.94117647 0.46666667 0.875
 1.         0.69230769 0.90909091 0.95       0.88888889 0.31578947
 0.67857143 0.92307692 0.73076923 0.76190476 1.         0.94117647
 0.73913043 0.83333333 0.88       0.44186047 1.         0.73913043
 0.93103448 0.9        0.66666667 0.72413793 0.8        0.72222222
 0.40909091 0.62068966 0.89473684 0.75       0.63636364 0.88888889
 0.71428571 0.85714286 0.68181818 0.78947368 0.5        0.53571429
 1.         0.89655172 0.94117647 0.58333333 1.         1.
 0.86956522 0.93333333 1.         0.73913043 0.67741935 0.8
 0.875      0.5        0.89473684 1.         0.82758621 0.94444444
 1.         0.82608696 0.76190476 0.75268817 0.4        0.36363636
 0.7826087  0.56666667 0.66666667 0.84210526 0.9        0.95121951
 0.75       0.92857143 0.66666667 1.         0.84615385 0.72222222
 0.8125     0.76923077 0.34375    0.95238095 0.6625     0.96
 0.54961832 0.83333333 0.46153846 0.57142857]
,[0.85       0.45       0.83870968 0.73076923 0.9        0.55555556
 0.09090909 0.82978723 0.61904762 0.21052632 0.89285714 0.95454545
 0.75       0.66666667 0.96       0.78947368 0.71428571 0.71428571
 0.64       0.47058824 0.86206897 0.7        1.         0.7826087
 0.60869565 0.45454545 0.85       0.68181818 0.9047619  0.66666667
 0.55555556 0.57142857 0.71428571 1.         0.72222222 0.90909091
 0.91666667 0.68181818 0.         0.84       0.88888889 0.33333333
 0.64       0.2        0.05882353 0.92592593 0.73684211 0.61904762
 0.95454545 0.65       0.82608696 0.76470588 0.94117647 0.70833333
 0.65       0.76190476 0.86363636 0.36842105 0.         0.61111111
 0.52380952 0.94117647 0.96       0.85185185 0.85714286 1.
 0.76470588 0.31818182 0.         0.35294118 0.7        0.91666667
 0.75       0.39130435 0.35294118 0.82352941 0.84210526 0.5
 0.1        0.75       0.68421053 0.82352941 0.68421053 0.94117647
 0.82608696 0.875      0.78947368 0.         0.04545455 0.93023256
 0.89473684 0.95121951 0.7826087  0.95238095 0.72222222 0.75438596
 0.66666667 0.75       0.8125     0.84210526 0.85714286 0.33333333
 1.         0.8        0.7962963  0.66666667 0.83333333 0.35294118
 0.75       0.76470588 0.76470588 0.64705882 0.875      0.91666667
 0.33333333 0.90909091 0.64       0.86363636 0.33333333 0.73076923
 0.88235294 0.23809524 0.95652174 0.84210526 0.19047619 0.36734694
 0.96153846 0.76190476 1.         0.78947368 0.73684211 0.86842105
 0.82142857 0.625      0.         0.78947368 1.         0.8974359
 0.11111111 0.83333333 0.75       0.77272727 0.80769231 0.47058824
 1.         0.52941176 0.82926829 0.71428571 0.80952381 0.69565217
 0.90909091 0.75       0.52631579 0.95238095 0.42105263 0.15
 0.95238095 0.86666667 0.30952381 0.64705882 0.9047619  0.15789474
 0.05555556 0.95238095 0.61111111 0.73684211 0.61111111 1.
 0.68421053 0.76190476 0.70588235 0.8        0.31818182 0.82352941
 0.88235294 0.81818182 0.5        0.95       1.         0.28571429
 0.95       1.         0.95       0.94117647 0.04761905 0.94117647
 0.89473684 0.27777778 0.91666667 0.82608696 0.26086957 0.73913043
 0.77142857 0.7826087  0.33333333 1.         0.4        0.59090909
 0.42857143 0.9        1.         0.9        0.36842105 1.
 0.55555556 0.9        0.65217391 0.68181818 0.38095238 0.65217391
 0.36842105 0.92857143 0.76190476 1.         0.58823529 0.8
 0.95238095 0.82352941 0.35294118 0.89473684 1.         0.63157895
 0.4375     0.40909091 0.94444444 0.7        0.8        0.89473684
 0.26315789 1.         0.69565217 0.97222222 0.1        0.8
 0.7826087  0.85       0.55555556 0.8        0.52941176 0.95121951
 0.47368421 0.68421053 0.44444444 0.73684211 0.57894737 0.61904762
 0.68421053 0.58823529 0.55       1.         0.99375    1.
 0.82758621 0.78947368 0.85714286 0.18181818]
,[0.72340426 0.58064516 0.74285714 0.57575758 0.91525424 0.71428571
 0.16666667 0.71559633 0.68421053 0.30769231 0.88495575 0.91304348
 0.56603774 0.8        0.84210526 0.66666667 0.73170732 0.73170732
 0.71111111 0.61538462 0.68493151 0.7        0.75862069 0.8
 0.50909091 0.51282051 0.69387755 0.76923077 0.92682927 0.4375
 0.64516129 0.66666667 0.71428571 0.95238095 0.55319149 0.88888889
 0.8627451  0.78947368 0.         0.85714286 0.86486486 0.44444444
 0.72727273 0.3030303  0.11111111 0.86206897 0.66666667 0.7027027
 0.93333333 0.76470588 0.7755102  0.8125     0.91428571 0.82926829
 0.72222222 0.84210526 0.9047619  0.41176471 0.         0.5
 0.56410256 0.86486486 0.85714286 0.92       0.92307692 0.94444444
 0.83870968 0.46666667 0.         0.5        0.56       0.89795918
 0.52631579 0.41860465 0.42857143 0.73684211 0.91428571 0.64285714
 0.18181818 0.52941176 0.66666667 0.44444444 0.74285714 0.91428571
 0.73076923 0.875      0.88235294 0.         0.07142857 0.8988764
 0.89473684 0.87640449 0.85714286 0.88888889 0.76470588 0.66666667
 0.72727273 0.81081081 0.8125     0.84210526 0.8        0.5
 0.92       0.74418605 0.71666667 0.72727273 0.85714286 0.4
 0.62337662 0.86666667 0.8125     0.75862069 0.875      0.8627451
 0.48       0.90909091 0.60377358 0.86363636 0.38709677 0.74509804
 0.88235294 0.37037037 0.95652174 0.86486486 0.24242424 0.46153846
 0.73529412 0.74418605 1.         0.73170732 0.84848485 0.68041237
 0.85185185 0.75       0.         0.83333333 0.8        0.71428571
 0.16666667 0.90909091 0.8        0.82926829 0.85714286 0.59259259
 0.88888889 0.46153846 0.63551402 0.72463768 0.66666667 0.8
 0.93023256 0.8372093  0.66666667 0.86956522 0.51612903 0.24
 0.97560976 0.82539683 0.4        0.78571429 0.80851064 0.17142857
 0.10526316 0.88888889 0.66666667 0.75675676 0.75862069 0.62222222
 0.76470588 0.84210526 0.58536585 0.86486486 0.37837838 0.84848485
 0.9375     0.75       0.64516129 0.95       0.94117647 0.3
 0.79166667 0.96       0.82608696 0.84210526 0.09090909 0.94117647
 0.80952381 0.41666667 0.89795918 0.57575758 0.4137931  0.73913043
 0.84375    0.8372093  0.44444444 0.84       0.53333333 0.65
 0.41860465 0.73469388 0.94444444 0.81818182 0.46666667 0.94117647
 0.625      0.87804878 0.66666667 0.73170732 0.43243243 0.58823529
 0.53846154 0.9122807  0.84210526 0.73684211 0.74074074 0.88888889
 0.90909091 0.875      0.52173913 0.80952381 0.80769231 0.70588235
 0.58333333 0.45       0.91891892 0.82352941 0.81355932 0.91891892
 0.41666667 0.9047619  0.72727273 0.84848485 0.16       0.5
 0.7826087  0.68       0.60606061 0.82051282 0.66666667 0.95121951
 0.58064516 0.78787879 0.53333333 0.84848485 0.6875     0.66666667
 0.74285714 0.66666667 0.42307692 0.97560976 0.795      0.97959184
 0.66055046 0.81081081 0.6        0.27586207]
