mACC, mP, mR, mF1, ACC, P, R, F1
0.5188243064729194,0.6167678661475475,0.4494496305777044,0.46620773681480987
,[ 14   6  16   3  26   1   3  40   5   6  53  42   1   4  20   8  13  11
  12   8  25   6  10  11   3   3  18   1  11   0   6  12  14  18   3  11
  13   2   0  23  11   4  13  11   1  24   2  10  15   5   1   0  14  12
   7   6   8   1   0   1   4  10  15  15  11  10  12  11   0   2   1  17
  17   5   4   3  15   7   2   4   6   7   1   2   7   5  10   0  13  42
  11  38  17  17   5  46   2   7   4  16  21   0  20  13  45   6  12   2
   6  11   4   7  16  15   2  11  17  17   3  12  11  14  22   3   1  18
  25  12  36  15   8  18  28  14   0   2  29  27   2  10  15  16  24   5
 160   4  33  21   4   6  16  16   9  14   2   3  19  22  30   8  16   3
   0  19   0   3   2  26   1  15   5   6   2   7   6  11  10  14   2   4
   6  16   9  11   2  12   3   5  11  10   8   6  23  10   0  21   0  12
   4   6  16   2   6  15   3  10  10  10   4  12   3  22  11  13  10  14
  15   9   2   2  16   5   6   8  14   0  21   3   1  18   7  66   1  10
  16   1  10   5   8  39   5  12   4   0   2  12   4   3   7  18 160  24
  87   4   7  11]
,[0.93333333 1.         0.55172414 0.09677419 0.59090909 1.
 0.16666667 0.37037037 0.45454545 0.375      0.40151515 0.53164557
 0.5        0.8        0.60606061 0.61538462 0.5        0.5
 0.8        1.         0.40983607 0.75       0.52631579 0.73333333
 0.75       0.5        0.51428571 0.5        0.61111111 0.
 0.85714286 0.66666667 0.66666667 0.9        0.33333333 0.78571429
 0.92857143 0.22222222 0.         0.52272727 0.91666667 0.8
 0.56521739 0.45833333 1.         0.77419355 1.         0.66666667
 0.71428571 1.         0.0625     0.         0.63636364 0.29268293
 1.         0.46153846 0.44444444 1.         0.         0.16666667
 0.5        0.90909091 0.55555556 0.75       0.84615385 1.
 0.92307692 0.61111111 0.         0.28571429 0.33333333 0.85
 0.80952381 0.2173913  0.66666667 0.75       1.         0.77777778
 0.33333333 0.33333333 1.         0.35       0.25       1.
 0.46666667 1.         0.90909091 0.         0.46428571 0.44680851
 0.91666667 0.49350649 0.70833333 0.77272727 1.         0.22222222
 1.         0.875      1.         0.84210526 0.58333333 0.
 1.         0.65       0.27777778 0.54545455 0.92307692 0.28571429
 0.21428571 1.         0.8        0.63636364 0.88888889 0.68181818
 1.         0.73333333 0.43589744 0.5483871  0.75       0.35294118
 0.73333333 0.46666667 0.88       0.42857143 0.02702703 0.15517241
 0.56818182 0.48       0.72       0.71428571 0.88888889 0.51428571
 0.48275862 0.7        0.         1.         0.64444444 0.64285714
 0.66666667 1.         0.75       0.64       0.35294118 0.83333333
 0.57142857 0.4        0.20121951 0.525      0.36363636 0.42857143
 0.76190476 0.88888889 0.9        0.82352941 0.33333333 0.75
 0.79166667 0.70967742 0.17964072 1.         0.57142857 1.
 0.         0.9047619  0.         0.75       1.         0.49056604
 0.33333333 0.65217391 0.3125     1.         0.22222222 0.875
 0.46153846 0.61111111 0.90909091 1.         0.66666667 0.2
 0.6        0.8        0.69230769 0.84615385 0.11764706 1.
 1.         0.71428571 0.64705882 0.76923077 0.36363636 0.42857143
 0.56097561 0.45454545 0.         0.72413793 0.         0.57142857
 0.25       0.42857143 1.         0.66666667 1.         0.9375
 1.         0.66666667 0.71428571 0.32258065 0.18181818 0.42857143
 0.42857143 0.56410256 0.73333333 0.61904762 1.         0.875
 0.83333333 0.9        0.66666667 1.         0.94117647 0.71428571
 0.85714286 0.47058824 1.         0.         0.63636364 0.6
 0.5        0.94736842 0.77777778 0.32512315 0.16666667 0.58823529
 0.88888889 0.5        0.90909091 0.45454545 0.88888889 0.57352941
 0.83333333 0.70588235 0.8        0.         1.         0.63157895
 0.8        1.         0.24137931 0.85714286 0.43010753 0.96
 0.77678571 0.66666667 0.33333333 0.32352941]
,[0.7        0.3        0.51612903 0.11538462 0.86666667 0.05555556
 0.13636364 0.85106383 0.23809524 0.31578947 0.94642857 0.95454545
 0.05       0.22222222 0.8        0.42105263 0.61904762 0.52380952
 0.48       0.47058824 0.86206897 0.3        0.45454545 0.47826087
 0.13043478 0.13636364 0.9        0.04545455 0.52380952 0.
 0.33333333 0.57142857 0.66666667 0.9        0.16666667 0.5
 0.54166667 0.09090909 0.         0.92       0.61111111 0.22222222
 0.52       0.44       0.05882353 0.88888889 0.10526316 0.47619048
 0.68181818 0.25       0.04347826 0.         0.82352941 0.5
 0.35       0.28571429 0.36363636 0.05263158 0.         0.05555556
 0.19047619 0.58823529 0.6        0.55555556 0.52380952 0.58823529
 0.70588235 0.5        0.         0.11764706 0.05       0.70833333
 0.85       0.2173913  0.23529412 0.17647059 0.78947368 0.38888889
 0.1        0.16666667 0.31578947 0.41176471 0.05263158 0.11764706
 0.30434783 0.3125     0.52631579 0.         0.59090909 0.97674419
 0.57894737 0.92682927 0.73913043 0.80952381 0.27777778 0.80701754
 0.11111111 0.35       0.25       0.84210526 0.75       0.
 0.86956522 0.65       0.83333333 0.33333333 0.66666667 0.11764706
 0.1875     0.64705882 0.23529412 0.41176471 0.66666667 0.625
 0.11111111 0.5        0.68       0.77272727 0.16666667 0.46153846
 0.64705882 0.66666667 0.95652174 0.15789474 0.04761905 0.36734694
 0.96153846 0.57142857 0.94736842 0.78947368 0.42105263 0.47368421
 1.         0.58333333 0.         0.10526316 0.90625    0.69230769
 0.11111111 0.55555556 0.625      0.72727273 0.92307692 0.29411765
 1.         0.23529412 0.80487805 0.6        0.19047619 0.26086957
 0.72727273 0.66666667 0.47368421 0.66666667 0.10526316 0.15
 0.9047619  0.73333333 0.71428571 0.47058824 0.76190476 0.15789474
 0.         0.9047619  0.         0.15789474 0.11111111 0.92857143
 0.05263158 0.71428571 0.29411765 0.3        0.09090909 0.41176471
 0.35294118 0.5        0.5        0.7        0.125      0.19047619
 0.3        0.66666667 0.45       0.64705882 0.0952381  0.70588235
 0.15789474 0.27777778 0.45833333 0.43478261 0.34782609 0.26086957
 0.65714286 0.43478261 0.         1.         0.         0.54545455
 0.19047619 0.3        0.94117647 0.1        0.31578947 0.9375
 0.16666667 0.5        0.43478261 0.45454545 0.19047619 0.52173913
 0.15789474 0.78571429 0.52380952 0.46428571 0.58823529 0.7
 0.71428571 0.52941176 0.11764706 0.10526316 0.76190476 0.26315789
 0.375      0.36363636 0.77777778 0.         0.7        0.15789474
 0.05263158 0.94736842 0.30434783 0.91666667 0.05       0.4
 0.69565217 0.05       0.55555556 0.25       0.47058824 0.95121951
 0.26315789 0.63157895 0.22222222 0.         0.10526316 0.57142857
 0.21052632 0.17647059 0.35       0.9        1.         1.
 1.         0.21052632 0.33333333 0.5       ]
,[0.8        0.46153846 0.53333333 0.10526316 0.7027027  0.10526316
 0.15       0.51612903 0.3125     0.34285714 0.56382979 0.68292683
 0.09090909 0.34782609 0.68965517 0.5        0.55319149 0.51162791
 0.6        0.64       0.55555556 0.42857143 0.48780488 0.57894737
 0.22222222 0.21428571 0.65454545 0.08333333 0.56410256 0.
 0.48       0.61538462 0.66666667 0.9        0.22222222 0.61111111
 0.68421053 0.12903226 0.         0.66666667 0.73333333 0.34782609
 0.54166667 0.44897959 0.11111111 0.82758621 0.19047619 0.55555556
 0.69767442 0.4        0.05128205 0.         0.71794872 0.36923077
 0.51851852 0.35294118 0.4        0.1        0.         0.08333333
 0.27586207 0.71428571 0.57692308 0.63829787 0.64705882 0.74074074
 0.8        0.55       0.         0.16666667 0.08695652 0.77272727
 0.82926829 0.2173913  0.34782609 0.28571429 0.88235294 0.51851852
 0.15384615 0.22222222 0.48       0.37837838 0.08695652 0.21052632
 0.36842105 0.47619048 0.66666667 0.         0.52       0.61313869
 0.70967742 0.6440678  0.72340426 0.79069767 0.43478261 0.34848485
 0.2        0.5        0.4        0.84210526 0.65625    0.
 0.93023256 0.65       0.41666667 0.4137931  0.77419355 0.16666667
 0.2        0.78571429 0.36363636 0.5        0.76190476 0.65217391
 0.2        0.59459459 0.53125    0.64150943 0.27272727 0.4
 0.6875     0.54901961 0.91666667 0.23076923 0.03448276 0.21818182
 0.71428571 0.52173913 0.81818182 0.75       0.57142857 0.49315068
 0.65116279 0.63636364 0.         0.19047619 0.75324675 0.66666667
 0.19047619 0.71428571 0.68181818 0.68085106 0.5106383  0.43478261
 0.72727273 0.2962963  0.32195122 0.56       0.25       0.32432432
 0.74418605 0.76190476 0.62068966 0.73684211 0.16       0.25
 0.84444444 0.72131148 0.28708134 0.64       0.65306122 0.27272727
 0.         0.9047619  0.         0.26086957 0.2        0.64197531
 0.09090909 0.68181818 0.3030303  0.46153846 0.12903226 0.56
 0.4        0.55       0.64516129 0.82352941 0.21052632 0.19512195
 0.4        0.72727273 0.54545455 0.73333333 0.10526316 0.82758621
 0.27272727 0.4        0.53658537 0.55555556 0.35555556 0.32432432
 0.60526316 0.44444444 0.         0.84       0.         0.55813953
 0.21621622 0.35294118 0.96969697 0.17391304 0.48       0.9375
 0.28571429 0.57142857 0.54054054 0.37735849 0.18604651 0.47058824
 0.23076923 0.65671642 0.61111111 0.53061224 0.74074074 0.77777778
 0.76923077 0.66666667 0.2        0.19047619 0.84210526 0.38461538
 0.52173913 0.41025641 0.875      0.         0.66666667 0.25
 0.0952381  0.94736842 0.4375     0.48       0.07692308 0.47619048
 0.7804878  0.09090909 0.68965517 0.32258065 0.61538462 0.71559633
 0.4        0.66666667 0.34782609 0.         0.19047619 0.6
 0.33333333 0.3        0.28571429 0.87804878 0.60150376 0.97959184
 0.87437186 0.32       0.33333333 0.39285714]
