mACC, mP, mR, mF1, ACC, P, R, F1
0.7376155878467635,0.7607708345218431,0.708104549714863,0.7092436973403231
,[ 15  15  27  16  25  11  13  37  16  15  54  43  15  14  23  14  12  15
  16  10  26  19  19  19   6   9  18  18  17  14  11  17  14  19  17  22
  21  11   1  22  13   6  14  24  10  25  15  11  21  16  19  11  14  19
  12  12  18   5   0   4  10  17  22  25  18  14  14  18   1   6  14  22
  13   9   6  12  17   8  10   9  12   9  12  16  18  14  12  10  18  40
  17  39  19  20  14  39  13  18  12  19  26   3  23  16  40  11  16   4
  23  15  13  14  18  21   5  17  17  14   4  17  16   3  23  11   3  22
  24  18  38  14  13  36  25  18   5  13  32  31  14  13  17  16  23   8
 160  10  29  25  18  14  20  18  15  21   9   8  21  20  17  10  19  11
   6  20   8  14  14  27  12  19  10  18   3  14  14  14  15  18  14  10
  19  21  18  17   4  16  16   3  19  20   7  13  27  17   5  21   6  15
  16  18  17  15  13  16  10  16  11  18   9  16   7  22  18  28  13  16
  21  13   5  16  20  10   2  15  16  12  26  17   4  19  13  67   5  13
  20  16  18  19  10  40   9  16  10  11   8  13  11  11  14  20 159  24
  80  14  16  12]
,[0.65217391 0.78947368 0.71052632 0.4        0.89285714 1.
 0.92857143 0.78723404 0.66666667 0.625      0.84375    0.91489362
 0.71428571 0.93333333 0.76666667 0.93333333 0.85714286 0.83333333
 0.84210526 0.90909091 0.76470588 0.82608696 0.86363636 0.65517241
 0.66666667 0.69230769 1.         0.66666667 0.85       0.34146341
 0.84615385 1.         0.56       0.95       0.36956522 0.84615385
 0.53846154 0.78571429 0.25       0.95652174 0.8125     0.75
 0.60869565 0.6        0.76923077 0.53191489 0.71428571 0.84615385
 1.         0.88888889 0.55882353 0.78571429 0.93333333 0.79166667
 0.85714286 0.85714286 0.69230769 0.55555556 0.         1.
 0.66666667 0.73913043 0.81481481 0.83333333 0.81818182 0.875
 0.63636364 0.64285714 0.5        0.31578947 0.7        0.88
 0.76470588 0.69230769 0.66666667 0.85714286 1.         0.88888889
 0.58823529 0.6        0.44444444 0.75       0.66666667 0.88888889
 0.62068966 0.77777778 1.         0.90909091 0.54545455 0.81632653
 0.94444444 0.88636364 0.9047619  1.         0.93333333 0.76470588
 0.86666667 0.62068966 0.92307692 0.57575758 0.59090909 0.75
 0.60526316 0.72727273 0.64516129 0.6875     0.88888889 1.
 0.92       0.9375     1.         0.93333333 1.         0.875
 1.         0.80952381 0.89473684 0.82352941 0.66666667 0.80952381
 0.88888889 1.         0.92       0.84615385 0.42857143 0.38596491
 0.64864865 0.75       1.         0.63636364 0.92857143 0.61016949
 0.71428571 0.9        0.71428571 1.         0.76190476 0.59615385
 0.66666667 1.         0.85       0.94117647 0.82142857 0.8
 0.87912088 0.5        0.6744186  0.80645161 0.51428571 0.875
 1.         0.9        0.88235294 0.77777778 0.64285714 0.8
 0.91304348 0.90909091 0.31481481 0.76923077 0.86363636 0.36666667
 0.75       0.8        0.8        0.60869565 0.56       0.9
 0.66666667 0.95       0.66666667 0.85714286 0.33333333 0.77777778
 0.93333333 0.93333333 0.75       1.         0.77777778 0.66666667
 0.54285714 0.91304348 0.75       0.56666667 0.36363636 0.94117647
 0.53333333 0.21428571 0.79166667 0.46511628 0.58333333 0.65
 1.         0.85       0.41666667 0.72413793 0.75       0.9375
 0.33333333 0.48648649 0.85       0.88235294 0.72222222 0.84210526
 0.90909091 0.8        0.73333333 0.7826087  0.69230769 0.5
 0.7        0.88       0.94736842 0.7        0.8125     0.84210526
 0.72413793 0.86666667 1.         0.94117647 0.83333333 1.
 1.         0.68181818 0.94117647 0.85714286 0.76470588 0.85
 0.8        0.79166667 0.8125     0.77906977 0.38461538 0.56521739
 0.66666667 0.8        0.75       0.76       0.90909091 0.88888889
 0.6        0.94117647 0.76923077 1.         0.88888889 0.86666667
 0.78571429 0.78571429 0.48275862 0.95238095 0.76442308 0.82758621
 0.625      0.77777778 0.48484848 0.63157895]
,[0.75       0.75       0.87096774 0.61538462 0.83333333 0.61111111
 0.59090909 0.78723404 0.76190476 0.78947368 0.96428571 0.97727273
 0.75       0.77777778 0.92       0.73684211 0.57142857 0.71428571
 0.64       0.58823529 0.89655172 0.95       0.86363636 0.82608696
 0.26086957 0.40909091 0.9        0.81818182 0.80952381 0.66666667
 0.61111111 0.80952381 0.66666667 0.95       0.94444444 1.
 0.875      0.5        0.05882353 0.88       0.72222222 0.33333333
 0.56       0.96       0.58823529 0.92592593 0.78947368 0.52380952
 0.95454545 0.8        0.82608696 0.64705882 0.82352941 0.79166667
 0.6        0.57142857 0.81818182 0.26315789 0.         0.22222222
 0.47619048 1.         0.88       0.92592593 0.85714286 0.82352941
 0.82352941 0.81818182 0.05       0.35294118 0.7        0.91666667
 0.65       0.39130435 0.35294118 0.70588235 0.89473684 0.44444444
 0.5        0.375      0.63157895 0.52941176 0.63157895 0.94117647
 0.7826087  0.875      0.63157895 0.5        0.81818182 0.93023256
 0.89473684 0.95121951 0.82608696 0.95238095 0.77777778 0.68421053
 0.72222222 0.9        0.75       1.         0.92857143 0.16666667
 1.         0.8        0.74074074 0.61111111 0.88888889 0.23529412
 0.71875    0.88235294 0.76470588 0.82352941 0.75       0.875
 0.27777778 0.77272727 0.68       0.63636364 0.22222222 0.65384615
 0.94117647 0.14285714 1.         0.57894737 0.14285714 0.44897959
 0.92307692 0.85714286 1.         0.73684211 0.68421053 0.94736842
 0.89285714 0.75       0.26315789 0.68421053 1.         0.79487179
 0.77777778 0.72222222 0.70833333 0.72727273 0.88461538 0.47058824
 1.         0.58823529 0.70731707 0.71428571 0.85714286 0.60869565
 0.90909091 0.75       0.78947368 1.         0.47368421 0.4
 1.         0.66666667 0.4047619  0.58823529 0.9047619  0.57894737
 0.33333333 0.95238095 0.44444444 0.73684211 0.77777778 0.96428571
 0.63157895 0.9047619  0.58823529 0.9        0.13636364 0.82352941
 0.82352941 0.63636364 0.75       0.9        0.875      0.47619048
 0.95       0.875      0.9        1.         0.19047619 0.94117647
 0.84210526 0.16666667 0.79166667 0.86956522 0.30434783 0.56521739
 0.77142857 0.73913043 0.27777778 1.         0.3        0.68181818
 0.76190476 0.9        1.         0.75       0.68421053 1.
 0.55555556 0.8        0.47826087 0.81818182 0.42857143 0.69565217
 0.36842105 0.78571429 0.85714286 1.         0.76470588 0.8
 1.         0.76470588 0.29411765 0.84210526 0.95238095 0.52631579
 0.125      0.68181818 0.88888889 0.6        0.86666667 0.89473684
 0.21052632 1.         0.56521739 0.93055556 0.25       0.52
 0.86956522 0.8        1.         0.95       0.58823529 0.97560976
 0.47368421 0.84210526 0.55555556 0.57894737 0.42105263 0.61904762
 0.57894737 0.64705882 0.7        1.         0.99375    1.
 0.91954023 0.73684211 0.76190476 0.54545455]
,[0.69767442 0.76923077 0.7826087  0.48484848 0.86206897 0.75862069
 0.72222222 0.78723404 0.71111111 0.69767442 0.9        0.94505495
 0.73170732 0.84848485 0.83636364 0.82352941 0.68571429 0.76923077
 0.72727273 0.71428571 0.82539683 0.88372093 0.86363636 0.73076923
 0.375      0.51428571 0.94736842 0.73469388 0.82926829 0.4516129
 0.70967742 0.89473684 0.60869565 0.95       0.53125    0.91666667
 0.66666667 0.61111111 0.0952381  0.91666667 0.76470588 0.46153846
 0.58333333 0.73846154 0.66666667 0.67567568 0.75       0.64705882
 0.97674419 0.84210526 0.66666667 0.70967742 0.875      0.79166667
 0.70588235 0.68571429 0.75       0.35714286 0.         0.36363636
 0.55555556 0.85       0.84615385 0.87719298 0.8372093  0.84848485
 0.71794872 0.72       0.09090909 0.33333333 0.7        0.89795918
 0.7027027  0.5        0.46153846 0.77419355 0.94444444 0.59259259
 0.54054054 0.46153846 0.52173913 0.62068966 0.64864865 0.91428571
 0.69230769 0.82352941 0.77419355 0.64516129 0.65454545 0.86956522
 0.91891892 0.91764706 0.86363636 0.97560976 0.84848485 0.72222222
 0.78787879 0.73469388 0.82758621 0.73076923 0.72222222 0.27272727
 0.75409836 0.76190476 0.68965517 0.64705882 0.88888889 0.38095238
 0.80701754 0.90909091 0.86666667 0.875      0.85714286 0.875
 0.43478261 0.79069767 0.77272727 0.71794872 0.33333333 0.72340426
 0.91428571 0.25       0.95833333 0.6875     0.21428571 0.41509434
 0.76190476 0.8        1.         0.68292683 0.78787879 0.74226804
 0.79365079 0.81818182 0.38461538 0.8125     0.86486486 0.68131868
 0.71794872 0.83870968 0.77272727 0.82051282 0.85185185 0.59259259
 0.93567251 0.54054054 0.69047619 0.75757576 0.64285714 0.71794872
 0.95238095 0.81818182 0.83333333 0.875      0.54545455 0.53333333
 0.95454545 0.76923077 0.35416667 0.66666667 0.88372093 0.44897959
 0.46153846 0.86956522 0.57142857 0.66666667 0.65116279 0.93103448
 0.64864865 0.92682927 0.625      0.87804878 0.19354839 0.8
 0.875      0.75675676 0.75       0.94736842 0.82352941 0.55555556
 0.69090909 0.89361702 0.81818182 0.72340426 0.25       0.94117647
 0.65306122 0.1875     0.79166667 0.60606061 0.4        0.60465116
 0.87096774 0.79069767 0.33333333 0.84       0.42857143 0.78947368
 0.46376812 0.63157895 0.91891892 0.81081081 0.7027027  0.91428571
 0.68965517 0.8        0.57894737 0.8        0.52941176 0.58181818
 0.48275862 0.83018868 0.9        0.82352941 0.78787879 0.82051282
 0.84       0.8125     0.45454545 0.88888889 0.88888889 0.68965517
 0.22222222 0.68181818 0.91428571 0.70588235 0.8125     0.87179487
 0.33333333 0.88372093 0.66666667 0.84810127 0.3030303  0.54166667
 0.75471698 0.8        0.85714286 0.84444444 0.71428571 0.93023256
 0.52941176 0.88888889 0.64516129 0.73333333 0.57142857 0.72222222
 0.66666667 0.70967742 0.57142857 0.97560976 0.86413043 0.90566038
 0.74418605 0.75675676 0.59259259 0.58536585]
