mACC, mP, mR, mF1, ACC, P, R, F1
0.745398773006135,0.28170155386129103,0.22144938587808466,0.2428049490615256
,[16 15 25  7 28  9 11 42 17 15 55 43 12 15 23 14 10 13 19 15 25 19 21 18
  8  4 19 21 18  7  9 18 12 19 13 21 19 14  1 21 14  4  0  0  0  0  0  0
  0  0  0  0  0  0  0  0  0  0  0  0  0  0  0  0  0  0  0  0  0  0  0  0
  0  0  0  0  0  0  0  0  0  0  0  0  0  0  0  0  0  0  0  0  0  0  0  0
  0  0  0  0  0  0  0  0  0  0  0  0  0  0  0  0  0  0  0  0  0  0  0  0
  0  0  0  0  0  0  0  0  0  0  0  0  0  0  0  0]
,[1.         0.9375     1.         0.63636364 0.875      1.
 1.         0.95454545 0.89473684 0.78947368 0.98214286 1.
 1.         1.         0.92       0.93333333 1.         0.86666667
 0.9047619  1.         1.         0.95       0.95454545 1.
 1.         0.8        1.         0.95454545 1.         0.7
 0.9        0.94736842 0.92307692 1.         0.92857143 0.80769231
 0.82608696 1.         0.25       1.         0.875      0.8
 0.         0.         0.         0.         0.         0.
 0.         0.         0.         0.         0.         0.
 0.         0.         0.         0.         0.         0.
 0.         0.         0.         0.         0.         0.
 0.         0.         0.         0.         0.         0.
 0.         0.         0.         0.         0.         0.
 0.         0.         0.         0.         0.         0.
 0.         0.         0.         0.         0.         0.
 0.         0.         0.         0.         0.         0.
 0.         0.         0.         0.         0.         0.
 0.         0.         0.         0.         0.         0.
 0.         0.         0.         0.         0.         0.
 0.         0.         0.         0.         0.         0.
 0.         0.         0.         0.         0.         0.
 0.         0.         0.         0.         0.         0.
 0.         0.         0.         0.        ]
,[0.8        0.75       0.80645161 0.26923077 0.93333333 0.5
 0.5        0.89361702 0.80952381 0.78947368 0.98214286 0.97727273
 0.6        0.83333333 0.92       0.73684211 0.47619048 0.61904762
 0.76       0.88235294 0.86206897 0.95       0.95454545 0.7826087
 0.34782609 0.18181818 0.95       0.95454545 0.85714286 0.33333333
 0.5        0.85714286 0.57142857 0.95       0.72222222 0.95454545
 0.79166667 0.63636364 0.05882353 0.84       0.77777778 0.44444444
 0.         0.         0.         0.         0.         0.
 0.         0.         0.         0.         0.         0.
 0.         0.         0.         0.         0.         0.
 0.         0.         0.         0.         0.         0.
 0.         0.         0.         0.         0.         0.
 0.         0.         0.         0.         0.         0.
 0.         0.         0.         0.         0.         0.
 0.         0.         0.         0.         0.         0.
 0.         0.         0.         0.         0.         0.
 0.         0.         0.         0.         0.         0.
 0.         0.         0.         0.         0.         0.
 0.         0.         0.         0.         0.         0.
 0.         0.         0.         0.         0.         0.
 0.         0.         0.         0.         0.         0.
 0.         0.         0.         0.         0.         0.
 0.         0.         0.         0.        ]
,[0.88888889 0.83333333 0.89285714 0.37837838 0.90322581 0.66666667
 0.66666667 0.92307692 0.85       0.78947368 0.98214286 0.98850575
 0.75       0.90909091 0.92       0.82352941 0.64516129 0.72222222
 0.82608696 0.9375     0.92592593 0.95       0.95454545 0.87804878
 0.51612903 0.2962963  0.97435897 0.95454545 0.92307692 0.4516129
 0.64285714 0.9        0.70588235 0.97435897 0.8125     0.875
 0.80851064 0.77777778 0.0952381  0.91304348 0.82352941 0.57142857
 0.         0.         0.         0.         0.         0.
 0.         0.         0.         0.         0.         0.
 0.         0.         0.         0.         0.         0.
 0.         0.         0.         0.         0.         0.
 0.         0.         0.         0.         0.         0.
 0.         0.         0.         0.         0.         0.
 0.         0.         0.         0.         0.         0.
 0.         0.         0.         0.         0.         0.
 0.         0.         0.         0.         0.         0.
 0.         0.         0.         0.         0.         0.
 0.         0.         0.         0.         0.         0.
 0.         0.         0.         0.         0.         0.
 0.         0.         0.         0.         0.         0.
 0.         0.         0.         0.         0.         0.
 0.         0.         0.         0.         0.         0.
 0.         0.         0.         0.        ]
