mACC, mP, mR, mF1, ACC, P, R, F1
0.2513210039630119,0.35870379869488067,0.16161939671552222,0.16080676476668798
,[  0   8  15   6  21   0   0  12   0   1  50  28   0   0   5   0   1   3
   0   3  20   3   0   0   0   0   0   0   0   0   2   3   2   8   2   2
   3   0   0   5   0   0   0   3   0  18   0   2   0   0   1   0   2   1
   5   0   0   2   0   1   1   5   1   9   0   3   1   3   0   0   0   2
   1   0   4   0  12   2   0   0   3   1   0   1   0   1   1   0   1  38
   1  39   0   4   0  31   0   0   0   1  10   0   7   0  42   1   6   0
   0   6   3   3   2   3   0   1   0   1   0   9   1   0   5   1   1  11
  23   0  37   2   2  32  22   1   0   0  28   6   0   1   0   2  14   0
 160   1  19   4   0   1   0   0   9   4   1   0   0  16  16   0   1   0
   0   3   0   3   0  21   0   0   0   0   0   0   0   0   1   0   0   2
   0   0   1   4   0  12   2   4   0   2   0   0  13   0   0   7   0   1
   2   0  11   1   0  13   1   1   0   3   0   6   0  19   0  15   0   6
   1   4   0   0   5   0   0   1   0   1  10   0   0   9   0  63   0   1
   1   0   8   2   5  39   5   2   0   0   0   1   0   1   0  14 158  21
  87   1   0   9]
,[0.         0.72727273 0.5        0.11111111 0.58333333 0.
 0.         0.12765957 0.         0.5        0.32467532 0.46666667
 0.         0.         0.13888889 0.         0.33333333 0.6
 0.         1.         0.35087719 1.         0.         0.
 0.         0.         0.         0.         0.         0.
 1.         0.3        1.         0.8        0.66666667 0.66666667
 1.         0.         0.         0.83333333 0.         0.
 0.         0.75       0.         0.69230769 0.         1.
 0.         0.         1.         0.         0.66666667 0.5
 1.         0.         0.         1.         0.         0.33333333
 1.         0.83333333 0.16666667 1.         0.         0.6
 1.         1.         0.         0.         0.         0.66666667
 1.         0.         0.21052632 0.         0.92307692 0.66666667
 0.         0.         0.375      0.2        0.         1.
 0.         0.2        1.         0.         0.2        0.25333333
 1.         0.23493976 0.         1.         0.         0.12062257
 0.         0.         0.         1.         0.3125     0.
 1.         0.         0.10194175 0.5        1.         0.
 0.         1.         0.6        1.         1.         0.27272727
 0.         1.         0.         0.33333333 0.         0.03529412
 0.2        0.         1.         0.5        0.1        0.11702128
 0.76666667 0.         0.33035714 1.         1.         0.26890756
 0.70967742 0.25       0.         0.         0.65116279 0.04255319
 0.         0.5        0.         0.5        0.36842105 0.
 0.17817372 0.09090909 0.2183908  0.13333333 0.         1.
 0.         0.         0.375      1.         1.         0.
 0.         0.53333333 0.24615385 0.         0.33333333 0.
 0.         0.6        0.         0.27272727 0.         0.63636364
 0.         0.         0.         0.         0.         0.
 0.         0.         1.         0.         0.         1.
 0.         0.         0.33333333 1.         0.         0.48
 1.         1.         0.         0.66666667 0.         0.
 0.40625    0.         0.         0.63636364 0.         0.5
 0.2        0.         1.         1.         0.         0.86666667
 1.         0.33333333 0.         1.         0.         0.66666667
 0.         0.39583333 0.         0.375      0.         1.
 1.         0.8        0.         0.         0.83333333 0.
 0.         0.1        0.         1.         0.45454545 0.
 0.         0.81818182 0.         0.0893617  0.         0.25
 1.         0.         0.8        1.         1.         0.15662651
 1.         0.66666667 0.         0.         0.         1.
 0.         1.         0.         0.82352941 0.25401929 1.
 0.69047619 1.         0.         0.52941176]
,[0.         0.4        0.48387097 0.23076923 0.7        0.
 0.         0.25531915 0.         0.05263158 0.89285714 0.63636364
 0.         0.         0.2        0.         0.04761905 0.14285714
 0.         0.17647059 0.68965517 0.15       0.         0.
 0.         0.         0.         0.         0.         0.
 0.11111111 0.14285714 0.0952381  0.4        0.11111111 0.09090909
 0.125      0.         0.         0.2        0.         0.
 0.         0.12       0.         0.66666667 0.         0.0952381
 0.         0.         0.04347826 0.         0.11764706 0.04166667
 0.25       0.         0.         0.10526316 0.         0.05555556
 0.04761905 0.29411765 0.04       0.33333333 0.         0.17647059
 0.05882353 0.13636364 0.         0.         0.         0.08333333
 0.05       0.         0.23529412 0.         0.63157895 0.11111111
 0.         0.         0.15789474 0.05882353 0.         0.05882353
 0.         0.0625     0.05263158 0.         0.04545455 0.88372093
 0.05263158 0.95121951 0.         0.19047619 0.         0.54385965
 0.         0.         0.         0.05263158 0.35714286 0.
 0.30434783 0.         0.77777778 0.05555556 0.33333333 0.
 0.         0.35294118 0.17647059 0.17647059 0.08333333 0.125
 0.         0.04545455 0.         0.04545455 0.         0.34615385
 0.05882353 0.         0.2173913  0.05263158 0.04761905 0.2244898
 0.88461538 0.         0.97368421 0.10526316 0.10526316 0.84210526
 0.78571429 0.04166667 0.         0.         0.875      0.15384615
 0.         0.05555556 0.         0.09090909 0.53846154 0.
 1.         0.05882353 0.46341463 0.11428571 0.         0.04347826
 0.         0.         0.47368421 0.19047619 0.05263158 0.
 0.         0.53333333 0.38095238 0.         0.04761905 0.
 0.         0.14285714 0.         0.15789474 0.         0.75
 0.         0.         0.         0.         0.         0.
 0.         0.         0.05       0.         0.         0.0952381
 0.         0.         0.05       0.23529412 0.         0.70588235
 0.10526316 0.22222222 0.         0.08695652 0.         0.
 0.37142857 0.         0.         0.33333333 0.         0.04545455
 0.0952381  0.         0.64705882 0.05       0.         0.8125
 0.05555556 0.05       0.         0.13636364 0.         0.26086957
 0.         0.67857143 0.         0.53571429 0.         0.3
 0.04761905 0.23529412 0.         0.         0.23809524 0.
 0.         0.04545455 0.         0.05       0.33333333 0.
 0.         0.47368421 0.         0.875      0.         0.04
 0.04347826 0.         0.44444444 0.1        0.29411765 0.95121951
 0.26315789 0.10526316 0.         0.         0.         0.04761905
 0.         0.05882353 0.         0.7        0.9875     0.875
 1.         0.05263158 0.         0.40909091]
,[0.         0.51612903 0.49180328 0.15       0.63636364 0.
 0.         0.17021277 0.         0.0952381  0.47619048 0.53846154
 0.         0.         0.16393443 0.         0.08333333 0.23076923
 0.         0.3        0.46511628 0.26086957 0.         0.
 0.         0.         0.         0.         0.         0.
 0.2        0.19354839 0.17391304 0.53333333 0.19047619 0.16
 0.22222222 0.         0.         0.32258065 0.         0.
 0.         0.20689655 0.         0.67924528 0.         0.17391304
 0.         0.         0.08333333 0.         0.2        0.07692308
 0.4        0.         0.         0.19047619 0.         0.0952381
 0.09090909 0.43478261 0.06451613 0.5        0.         0.27272727
 0.11111111 0.24       0.         0.         0.         0.14814815
 0.0952381  0.         0.22222222 0.         0.75       0.19047619
 0.         0.         0.22222222 0.09090909 0.         0.11111111
 0.         0.0952381  0.1        0.         0.07407407 0.39378238
 0.1        0.37681159 0.         0.32       0.         0.19745223
 0.         0.         0.         0.1        0.33333333 0.
 0.46666667 0.         0.18025751 0.1        0.5        0.
 0.         0.52173913 0.27272727 0.3        0.15384615 0.17142857
 0.         0.08695652 0.         0.08       0.         0.06405694
 0.09090909 0.         0.35714286 0.0952381  0.06451613 0.15384615
 0.82142857 0.         0.49333333 0.19047619 0.19047619 0.40764331
 0.74576271 0.07142857 0.         0.         0.74666667 0.06666667
 0.         0.1        0.         0.15384615 0.4375     0.
 0.30245747 0.07142857 0.296875   0.12307692 0.         0.08333333
 0.         0.         0.41860465 0.32       0.1        0.
 0.         0.53333333 0.29906542 0.         0.08333333 0.
 0.         0.23076923 0.         0.2        0.         0.68852459
 0.         0.         0.         0.         0.         0.
 0.         0.         0.0952381  0.         0.         0.17391304
 0.         0.         0.08695652 0.38095238 0.         0.57142857
 0.19047619 0.36363636 0.         0.15384615 0.         0.
 0.3880597  0.         0.         0.4375     0.         0.08333333
 0.12903226 0.         0.78571429 0.0952381  0.         0.83870968
 0.10526316 0.08695652 0.         0.24       0.         0.375
 0.         0.5        0.         0.44117647 0.         0.46153846
 0.09090909 0.36363636 0.         0.         0.37037037 0.
 0.         0.0625     0.         0.0952381  0.38461538 0.
 0.         0.6        0.         0.16216216 0.         0.06896552
 0.08333333 0.         0.57142857 0.18181818 0.45454545 0.26896552
 0.41666667 0.18181818 0.         0.         0.         0.09090909
 0.         0.11111111 0.         0.75675676 0.40409207 0.93333333
 0.81690141 0.1        0.         0.46153846]
