mACC, mP, mR, mF1, ACC, P, R, F1
0.281,0.3302290893677058,0.281,0.2746849521108683
,[ 2  3  4  7  2  5  0  4  2 13  6  0  4  1  0  0  2  8  0  1  4  9  4  1
  7 12 17  9  8  1  2  6  2  2  0 14  7  0  7  9  9  6  5  6  9 11  8  9
  0  5  3  9  7  8  3  7  4  4  8  9  5 12 13  0  0  1  1  0  2  2 15  5
  3 17  4  7  4  5  3  8  4 13  2 11  4  3  4 16  5 10 14  8  8  4  0  2
 15 11  5  1]
,[0.11111111 0.25       0.08163265 0.4375     0.28571429 0.12820513
 0.         0.8        0.2        0.76470588 0.11538462 0.
 0.5        0.16666667 0.         0.         0.11764706 0.36363636
 0.         0.125      0.8        0.69230769 0.21052632 1.
 0.63636364 0.48       0.94444444 0.42857143 0.5        0.03846154
 1.         0.16216216 0.1        0.13333333 0.         0.73684211
 0.4375     0.         0.36842105 0.69230769 0.6        0.14634146
 0.3125     0.35294118 0.64285714 0.42307692 0.36363636 0.20930233
 0.         0.29411765 0.6        0.5625     0.31818182 0.47058824
 0.375      0.36842105 0.12903226 0.44444444 0.27586207 0.17307692
 0.27777778 0.75       0.8125     0.         0.         0.1
 0.0625     0.         0.25       0.0952381  0.32608696 0.55555556
 0.27272727 0.80952381 0.44444444 0.58333333 0.06451613 0.26315789
 0.25       0.25806452 0.07692308 0.65       0.16666667 0.39285714
 1.         0.13636364 0.15384615 0.44444444 0.11111111 0.29411765
 0.5        0.25       0.1509434  0.12121212 0.         0.4
 0.31914894 0.39285714 0.33333333 0.08333333]
,[0.1  0.15 0.2  0.35 0.1  0.25 0.   0.2  0.1  0.65 0.3  0.   0.2  0.05
 0.   0.   0.1  0.4  0.   0.05 0.2  0.45 0.2  0.05 0.35 0.6  0.85 0.45
 0.4  0.05 0.1  0.3  0.1  0.1  0.   0.7  0.35 0.   0.35 0.45 0.45 0.3
 0.25 0.3  0.45 0.55 0.4  0.45 0.   0.25 0.15 0.45 0.35 0.4  0.15 0.35
 0.2  0.2  0.4  0.45 0.25 0.6  0.65 0.   0.   0.05 0.05 0.   0.1  0.1
 0.75 0.25 0.15 0.85 0.2  0.35 0.2  0.25 0.15 0.4  0.2  0.65 0.1  0.55
 0.2  0.15 0.2  0.8  0.25 0.5  0.7  0.4  0.4  0.2  0.   0.1  0.75 0.55
 0.25 0.05]
,[0.10526316 0.1875     0.11594203 0.38888889 0.14814815 0.16949153
 0.         0.32       0.13333333 0.7027027  0.16666667 0.
 0.28571429 0.07692308 0.         0.         0.10810811 0.38095238
 0.         0.07142857 0.32       0.54545455 0.20512821 0.0952381
 0.4516129  0.53333333 0.89473684 0.43902439 0.44444444 0.04347826
 0.18181818 0.21052632 0.1        0.11428571 0.         0.71794872
 0.38888889 0.         0.35897436 0.54545455 0.51428571 0.19672131
 0.27777778 0.32432432 0.52941176 0.47826087 0.38095238 0.28571429
 0.         0.27027027 0.24       0.5        0.33333333 0.43243243
 0.21428571 0.35897436 0.15686275 0.27586207 0.32653061 0.25
 0.26315789 0.66666667 0.72222222 0.         0.         0.06666667
 0.05555556 0.         0.14285714 0.09756098 0.45454545 0.34482759
 0.19354839 0.82926829 0.27586207 0.4375     0.09756098 0.25641026
 0.1875     0.31372549 0.11111111 0.65       0.125      0.45833333
 0.33333333 0.14285714 0.17391304 0.57142857 0.15384615 0.37037037
 0.58333333 0.30769231 0.21917808 0.1509434  0.         0.16
 0.44776119 0.45833333 0.28571429 0.0625    ]
