mACC, mP, mR, mF1, ACC, P, R, F1
0.6805,0.7148690858793297,0.6805,0.6770841059952986
,[ 7 17 17 16 16 13 16 13 12 17  5 11 16 12  6 15 17 15 14  4 14 14 16 15
 15 12 19 16 17 11 18 12 15 16 13 18 12  4 16 12 17  6 15 11 13 18  8 15
  9 18 15 18 14 16  6  6 18 20 11 13 15 19 17  5 12  9  4  8  8 11 18 17
 10 17 13 17 10 19  9 19 16 19 15 15  7  9 16 20 16 16 20 11  3 11 15 18
 19 17 17 13]
,[0.10294118 0.62962963 0.94444444 0.69565217 0.61538462 0.29545455
 0.66666667 0.86666667 0.8        0.94444444 0.71428571 0.84615385
 0.84210526 0.8        0.75       0.40540541 0.94444444 0.625
 0.73684211 0.5        0.56       0.875      0.8        0.625
 0.78947368 0.70588235 0.67857143 1.         0.44736842 0.78571429
 0.7826087  0.70588235 0.55555556 0.8        0.65       0.9
 0.63157895 0.8        0.76190476 0.92307692 0.5483871  0.54545455
 0.68181818 0.61111111 0.68421053 0.72       1.         0.78947368
 0.9        0.66666667 0.83333333 0.5625     0.63636364 0.76190476
 0.75       0.6        0.66666667 0.71428571 0.78571429 0.92857143
 0.68181818 0.82608696 0.94444444 0.38461538 0.75       0.45
 0.25       0.8        0.72727273 0.84615385 0.9        0.62962963
 0.52631579 0.80952381 0.61904762 0.89473684 0.41666667 0.67857143
 0.5        0.76       0.69565217 0.9047619  0.78947368 0.65217391
 0.63636364 0.52941176 0.66666667 0.76923077 0.64       0.94117647
 0.86956522 0.73333333 0.6        0.55       1.         0.85714286
 0.86363636 1.         0.73913043 0.76470588]
,[0.35 0.85 0.85 0.8  0.8  0.65 0.8  0.65 0.6  0.85 0.25 0.55 0.8  0.6
 0.3  0.75 0.85 0.75 0.7  0.2  0.7  0.7  0.8  0.75 0.75 0.6  0.95 0.8
 0.85 0.55 0.9  0.6  0.75 0.8  0.65 0.9  0.6  0.2  0.8  0.6  0.85 0.3
 0.75 0.55 0.65 0.9  0.4  0.75 0.45 0.9  0.75 0.9  0.7  0.8  0.3  0.3
 0.9  1.   0.55 0.65 0.75 0.95 0.85 0.25 0.6  0.45 0.2  0.4  0.4  0.55
 0.9  0.85 0.5  0.85 0.65 0.85 0.5  0.95 0.45 0.95 0.8  0.95 0.75 0.75
 0.35 0.45 0.8  1.   0.8  0.8  1.   0.55 0.15 0.55 0.75 0.9  0.95 0.85
 0.85 0.65]
,[0.15909091 0.72340426 0.89473684 0.74418605 0.69565217 0.40625
 0.72727273 0.74285714 0.68571429 0.89473684 0.37037037 0.66666667
 0.82051282 0.68571429 0.42857143 0.52631579 0.89473684 0.68181818
 0.71794872 0.28571429 0.62222222 0.77777778 0.8        0.68181818
 0.76923077 0.64864865 0.79166667 0.88888889 0.5862069  0.64705882
 0.8372093  0.64864865 0.63829787 0.8        0.65       0.9
 0.61538462 0.32       0.7804878  0.72727273 0.66666667 0.38709677
 0.71428571 0.57894737 0.66666667 0.8        0.57142857 0.76923077
 0.6        0.76595745 0.78947368 0.69230769 0.66666667 0.7804878
 0.42857143 0.4        0.76595745 0.83333333 0.64705882 0.76470588
 0.71428571 0.88372093 0.89473684 0.3030303  0.66666667 0.45
 0.22222222 0.53333333 0.51612903 0.66666667 0.9        0.72340426
 0.51282051 0.82926829 0.63414634 0.87179487 0.45454545 0.79166667
 0.47368421 0.84444444 0.74418605 0.92682927 0.76923077 0.69767442
 0.4516129  0.48648649 0.72727273 0.86956522 0.71111111 0.86486486
 0.93023256 0.62857143 0.24       0.55       0.85714286 0.87804878
 0.9047619  0.91891892 0.79069767 0.7027027 ]
