mACC, mP, mR, mF1, ACC, P, R, F1
0.4955,0.5415809361595568,0.4955,0.4845664928352082
,[ 5 17 15 17  2  0 13 15  3 16  4  0 16 14 11  1  6  9  0  3 14  1 15  8
  8  8 19 13  9 14 19  8  1  1 12 17 10  0  1 13 17  1 14 11 13 10  9 18
 17 14 10 15 13 17  9  9  1  0  7 14  2 17 18  1 12 12  8  0  7  9 17 11
  9 16 13 19  0 13  8  8  5 20 11  2  5  5 13 19  9 12 20 12  6  7 17 11
  6 19 15  0]
,[0.23809524 0.60714286 0.68181818 0.34       0.28571429 0.
 0.59090909 0.78947368 0.3        0.94117647 0.57142857 0.
 0.66666667 0.63636364 0.5        0.03125    0.66666667 0.47368421
 0.         0.23076923 0.2        0.04347826 0.625      0.26666667
 0.88888889 0.47058824 0.9047619  1.         0.5625     0.66666667
 0.21111111 0.25806452 0.05555556 0.07142857 0.17142857 0.89473684
 0.55555556 0.         1.         0.8125     0.77272727 0.07142857
 0.77777778 0.52380952 0.72222222 0.625      1.         0.52941176
 0.22368421 0.4516129  0.625      0.78947368 0.72222222 0.68
 0.6        0.5625     0.2        0.         0.7        0.77777778
 0.18181818 1.         0.9        0.2        0.54545455 0.28571429
 0.17391304 0.         0.46666667 0.64285714 0.85       0.55
 0.81818182 1.         0.68421053 0.9047619  0.         0.5
 0.44444444 0.88888889 0.5        1.         0.6875     1.
 0.83333333 0.25       0.86666667 0.82608696 0.64285714 1.
 0.83333333 0.75       0.25       0.35       0.43589744 1.
 1.         0.73076923 0.6        0.        ]
,[0.25 0.85 0.75 0.85 0.1  0.   0.65 0.75 0.15 0.8  0.2  0.   0.8  0.7
 0.55 0.05 0.3  0.45 0.   0.15 0.7  0.05 0.75 0.4  0.4  0.4  0.95 0.65
 0.45 0.7  0.95 0.4  0.05 0.05 0.6  0.85 0.5  0.   0.05 0.65 0.85 0.05
 0.7  0.55 0.65 0.5  0.45 0.9  0.85 0.7  0.5  0.75 0.65 0.85 0.45 0.45
 0.05 0.   0.35 0.7  0.1  0.85 0.9  0.05 0.6  0.6  0.4  0.   0.35 0.45
 0.85 0.55 0.45 0.8  0.65 0.95 0.   0.65 0.4  0.4  0.25 1.   0.55 0.1
 0.25 0.25 0.65 0.95 0.45 0.6  1.   0.6  0.3  0.35 0.85 0.55 0.3  0.95
 0.75 0.  ]
,[0.24390244 0.70833333 0.71428571 0.48571429 0.14814815 0.
 0.61904762 0.76923077 0.2        0.86486486 0.2962963  0.
 0.72727273 0.66666667 0.52380952 0.03846154 0.4137931  0.46153846
 0.         0.18181818 0.31111111 0.04651163 0.68181818 0.32
 0.55172414 0.43243243 0.92682927 0.78787879 0.5        0.68292683
 0.34545455 0.31372549 0.05263158 0.05882353 0.26666667 0.87179487
 0.52631579 0.         0.0952381  0.72222222 0.80952381 0.05882353
 0.73684211 0.53658537 0.68421053 0.55555556 0.62068966 0.66666667
 0.35416667 0.54901961 0.55555556 0.76923077 0.68421053 0.75555556
 0.51428571 0.5        0.08       0.         0.46666667 0.73684211
 0.12903226 0.91891892 0.9        0.08       0.57142857 0.38709677
 0.24242424 0.         0.4        0.52941176 0.85       0.55
 0.58064516 0.88888889 0.66666667 0.92682927 0.         0.56521739
 0.42105263 0.55172414 0.33333333 1.         0.61111111 0.18181818
 0.38461538 0.25       0.74285714 0.88372093 0.52941176 0.75
 0.90909091 0.66666667 0.27272727 0.35       0.57627119 0.70967742
 0.46153846 0.82608696 0.66666667 0.        ]
