mACC, mP, mR, mF1, ACC, P, R, F1
0.691,0.7185104544297165,0.6910000000000001,0.6802519103960988
,[ 7 17 16 18 13 14 17 16 10 18 10 12 18 19 10  5 15 18 18 11 17 13 15  3
 10 17 19 17 18 16 20 10 11 15 12 18 11  4 16 18 18  6 14 11 10 15 15 19
 11 17 17 16 17 19 12  8 17 20 12  8 14 17 17  3 11 14  1  7  7 11 18 12
  7 20 13 20  6 15  7 18 17 19 16 10  9 11 12 15 12 17 20 19 10 12 15 19
 18 15 18 16]
,[0.41176471 0.80952381 0.8        0.54545455 0.76470588 0.41176471
 0.60714286 0.66666667 0.90909091 0.9        0.43478261 0.63157895
 0.75       0.63333333 0.66666667 0.45454545 0.625      0.5625
 0.375      0.64705882 0.53125    0.92857143 0.78947368 0.75
 1.         0.60714286 1.         0.89473684 0.81818182 0.59259259
 0.90909091 0.71428571 0.73333333 0.75       0.70588235 0.94736842
 0.52380952 0.8        0.8        0.62068966 0.7826087  0.46153846
 0.73684211 0.61111111 0.625      0.51724138 0.71428571 0.63333333
 0.73333333 0.80952381 0.70833333 0.84210526 0.77272727 0.475
 0.5        0.42105263 0.85       0.8        0.92307692 0.66666667
 0.5        0.94444444 1.         1.         0.78571429 0.37837838
 0.33333333 0.63636364 0.875      0.78571429 0.75       0.92307692
 0.63636364 0.95238095 0.86666667 0.66666667 0.66666667 0.78947368
 0.63636364 0.85714286 0.73913043 0.82608696 0.64       0.55555556
 0.64285714 0.5        0.92307692 0.78947368 0.66666667 0.94444444
 0.86956522 0.46341463 0.47619048 0.70588235 1.         1.
 0.9        1.         0.81818182 0.8       ]
,[0.35 0.85 0.8  0.9  0.65 0.7  0.85 0.8  0.5  0.9  0.5  0.6  0.9  0.95
 0.5  0.25 0.75 0.9  0.9  0.55 0.85 0.65 0.75 0.15 0.5  0.85 0.95 0.85
 0.9  0.8  1.   0.5  0.55 0.75 0.6  0.9  0.55 0.2  0.8  0.9  0.9  0.3
 0.7  0.55 0.5  0.75 0.75 0.95 0.55 0.85 0.85 0.8  0.85 0.95 0.6  0.4
 0.85 1.   0.6  0.4  0.7  0.85 0.85 0.15 0.55 0.7  0.05 0.35 0.35 0.55
 0.9  0.6  0.35 1.   0.65 1.   0.3  0.75 0.35 0.9  0.85 0.95 0.8  0.5
 0.45 0.55 0.6  0.75 0.6  0.85 1.   0.95 0.5  0.6  0.75 0.95 0.9  0.75
 0.9  0.8 ]
,[0.37837838 0.82926829 0.8        0.67924528 0.7027027  0.51851852
 0.70833333 0.72727273 0.64516129 0.9        0.46511628 0.61538462
 0.81818182 0.76       0.57142857 0.32258065 0.68181818 0.69230769
 0.52941176 0.59459459 0.65384615 0.76470588 0.76923077 0.25
 0.66666667 0.70833333 0.97435897 0.87179487 0.85714286 0.68085106
 0.95238095 0.58823529 0.62857143 0.75       0.64864865 0.92307692
 0.53658537 0.32       0.8        0.73469388 0.8372093  0.36363636
 0.71794872 0.57894737 0.55555556 0.6122449  0.73170732 0.76
 0.62857143 0.82926829 0.77272727 0.82051282 0.80952381 0.63333333
 0.54545455 0.41025641 0.85       0.88888889 0.72727273 0.5
 0.58333333 0.89473684 0.91891892 0.26086957 0.64705882 0.49122807
 0.08695652 0.4516129  0.5        0.64705882 0.81818182 0.72727273
 0.4516129  0.97560976 0.74285714 0.8        0.4137931  0.76923077
 0.4516129  0.87804878 0.79069767 0.88372093 0.71111111 0.52631579
 0.52941176 0.52380952 0.72727273 0.76923077 0.63157895 0.89473684
 0.93023256 0.62295082 0.48780488 0.64864865 0.85714286 0.97435897
 0.9        0.85714286 0.85714286 0.8       ]
