mACC, mP, mR, mF1, ACC, P, R, F1
0.649,0.6644726698710123,0.6490000000000002,0.6408764373109364
,[ 5 18 13 18 14 12 17 14 17 16  6 13 16 15  8  1 14 14 15  8 12 19 13  8
 10 18 18 15 19 17 16 11 11 11  8 18 13  3 15 18 16  6 16 10  8 18  7 12
 12 15 12 17 14 17  6 15 17 19 11 12 12 18 16  4  9  5  9  8  7 10 16 14
 10 20 11 19  4 18  9 18 14 19 13 13  8  8 13 16  8 13 19 18 11  9 12 15
 17 17 18 13]
,[0.35714286 0.85714286 0.8125     0.62068966 0.77777778 0.44444444
 0.68       0.63636364 0.65384615 0.88888889 0.66666667 0.54166667
 0.57142857 0.75       0.44444444 0.11111111 0.82352941 0.42424242
 0.625      0.88888889 0.35294118 0.76       0.54166667 0.57142857
 0.83333333 0.51428571 0.9        0.88235294 0.55882353 0.53125
 0.94117647 0.57894737 0.6875     0.55       0.61538462 1.
 0.86666667 0.6        0.71428571 0.69230769 0.72727273 0.4
 0.69565217 0.5        0.72727273 0.66666667 0.7        0.66666667
 0.70588235 0.65217391 0.66666667 0.80952381 0.56       0.62962963
 0.46153846 0.34090909 0.77272727 0.63333333 0.84615385 0.44444444
 0.5        0.9        0.94117647 0.36363636 0.5        0.35714286
 0.375      0.66666667 0.5        0.71428571 0.84210526 0.875
 0.41666667 0.83333333 0.64705882 0.9047619  0.21052632 0.69230769
 0.64285714 0.9        0.7        0.86363636 0.72222222 0.54166667
 0.66666667 0.53333333 0.86666667 0.76190476 0.57142857 0.92857143
 0.95       0.5        0.42307692 0.81818182 0.85714286 0.9375
 0.73913043 0.85       0.69230769 0.86666667]
,[0.25 0.9  0.65 0.9  0.7  0.6  0.85 0.7  0.85 0.8  0.3  0.65 0.8  0.75
 0.4  0.05 0.7  0.7  0.75 0.4  0.6  0.95 0.65 0.4  0.5  0.9  0.9  0.75
 0.95 0.85 0.8  0.55 0.55 0.55 0.4  0.9  0.65 0.15 0.75 0.9  0.8  0.3
 0.8  0.5  0.4  0.9  0.35 0.6  0.6  0.75 0.6  0.85 0.7  0.85 0.3  0.75
 0.85 0.95 0.55 0.6  0.6  0.9  0.8  0.2  0.45 0.25 0.45 0.4  0.35 0.5
 0.8  0.7  0.5  1.   0.55 0.95 0.2  0.9  0.45 0.9  0.7  0.95 0.65 0.65
 0.4  0.4  0.65 0.8  0.4  0.65 0.95 0.9  0.55 0.45 0.6  0.75 0.85 0.85
 0.9  0.65]
,[0.29411765 0.87804878 0.72222222 0.73469388 0.73684211 0.5106383
 0.75555556 0.66666667 0.73913043 0.84210526 0.4137931  0.59090909
 0.66666667 0.75       0.42105263 0.06896552 0.75675676 0.52830189
 0.68181818 0.55172414 0.44444444 0.84444444 0.59090909 0.47058824
 0.625      0.65454545 0.9        0.81081081 0.7037037  0.65384615
 0.86486486 0.56410256 0.61111111 0.55       0.48484848 0.94736842
 0.74285714 0.24       0.73170732 0.7826087  0.76190476 0.34285714
 0.74418605 0.5        0.51612903 0.76595745 0.46666667 0.63157895
 0.64864865 0.69767442 0.63157895 0.82926829 0.62222222 0.72340426
 0.36363636 0.46875    0.80952381 0.76       0.66666667 0.5106383
 0.54545455 0.9        0.86486486 0.25806452 0.47368421 0.29411765
 0.40909091 0.5        0.41176471 0.58823529 0.82051282 0.77777778
 0.45454545 0.90909091 0.59459459 0.92682927 0.20512821 0.7826087
 0.52941176 0.9        0.7        0.9047619  0.68421053 0.59090909
 0.5        0.45714286 0.74285714 0.7804878  0.47058824 0.76470588
 0.95       0.64285714 0.47826087 0.58064516 0.70588235 0.83333333
 0.79069767 0.85       0.7826087  0.74285714]
