mACC, mP, mR, mF1, ACC, P, R, F1
0.6325,0.6610529040349299,0.6325,0.6147640875027932
,[ 7 17 16 18 14  6 19  3 12 18  7 14 19 16  3  5 12 18 11 12 16 17 12  7
  9 13 19 16 16 14 17 12  6 17  3 16 12  1 13 17 18  2 15 10 15 18 15 16
  8 17 17 18 18 17 11 13  8 18 12 13 16 18 15  1 16  5  1  1  4 15 14 11
  9 18  7 19  5 17  9 20 14 17 17  8  7 16 14 13 11 14 20  9  4 11 13 18
 15 17 11 16]
,[0.38888889 0.80952381 0.76190476 0.48648649 0.42424242 0.6
 0.42222222 0.75       0.8        0.69230769 0.63636364 0.5
 0.63333333 0.69565217 0.23076923 0.35714286 0.57142857 0.51428571
 1.         0.6        0.55172414 0.5        0.92307692 0.36842105
 0.75       0.76470588 0.9047619  0.84210526 0.72727273 0.77777778
 0.85       0.44444444 0.24       0.56666667 0.5        0.94117647
 0.42857143 0.5        0.8125     0.5862069  0.75       0.2
 0.88235294 0.58823529 0.6        0.72       0.71428571 0.43243243
 0.88888889 0.85       0.62962963 0.75       0.69230769 0.5862069
 0.55       0.325      0.8        0.75       0.75       0.54166667
 0.44444444 0.66666667 1.         1.         0.64       0.3125
 0.14285714 1.         0.23529412 0.68181818 0.875      0.78571429
 0.47368421 0.81818182 0.77777778 0.475      0.625      0.77272727
 0.40909091 0.8        0.82352941 1.         0.56666667 0.44444444
 0.63636364 0.69565217 1.         0.8125     0.55       0.93333333
 0.86956522 0.69230769 0.28571429 0.84615385 1.         0.9
 0.83333333 0.70833333 0.91666667 0.8       ]
,[0.35 0.85 0.8  0.9  0.7  0.3  0.95 0.15 0.6  0.9  0.35 0.7  0.95 0.8
 0.15 0.25 0.6  0.9  0.55 0.6  0.8  0.85 0.6  0.35 0.45 0.65 0.95 0.8
 0.8  0.7  0.85 0.6  0.3  0.85 0.15 0.8  0.6  0.05 0.65 0.85 0.9  0.1
 0.75 0.5  0.75 0.9  0.75 0.8  0.4  0.85 0.85 0.9  0.9  0.85 0.55 0.65
 0.4  0.9  0.6  0.65 0.8  0.9  0.75 0.05 0.8  0.25 0.05 0.05 0.2  0.75
 0.7  0.55 0.45 0.9  0.35 0.95 0.25 0.85 0.45 1.   0.7  0.85 0.85 0.4
 0.35 0.8  0.7  0.65 0.55 0.7  1.   0.45 0.2  0.55 0.65 0.9  0.75 0.85
 0.55 0.8 ]
,[0.36842105 0.82926829 0.7804878  0.63157895 0.52830189 0.4
 0.58461538 0.25       0.68571429 0.7826087  0.4516129  0.58333333
 0.76       0.74418605 0.18181818 0.29411765 0.58536585 0.65454545
 0.70967742 0.6        0.65306122 0.62962963 0.72727273 0.35897436
 0.5625     0.7027027  0.92682927 0.82051282 0.76190476 0.73684211
 0.85       0.5106383  0.26666667 0.68       0.23076923 0.86486486
 0.5        0.09090909 0.72222222 0.69387755 0.81818182 0.13333333
 0.81081081 0.54054054 0.66666667 0.8        0.73170732 0.56140351
 0.55172414 0.85       0.72340426 0.81818182 0.7826087  0.69387755
 0.55       0.43333333 0.53333333 0.81818182 0.66666667 0.59090909
 0.57142857 0.76595745 0.85714286 0.0952381  0.71111111 0.27777778
 0.07407407 0.0952381  0.21621622 0.71428571 0.77777778 0.64705882
 0.46153846 0.85714286 0.48275862 0.63333333 0.35714286 0.80952381
 0.42857143 0.88888889 0.75675676 0.91891892 0.68       0.42105263
 0.4516129  0.74418605 0.82352941 0.72222222 0.55       0.8
 0.93023256 0.54545455 0.23529412 0.66666667 0.78787879 0.9
 0.78947368 0.77272727 0.6875     0.8       ]
