mACC, mP, mR, mF1, ACC, P, R, F1
0.5525,0.5877724802249131,0.5524999999999999,0.5437800382509991
,[ 9 19  7 15 15  8 10  9  8 17  8  9  8 13  4  2  8 18 10  7  8  9 11  8
  9 16 19 13 12 12 16 11 12 11  6 16 12  2 11 16 14  6 11  5 10 14  4 13
 13 16 12 16 13 14  9 15 16 15  6 16 12 14 15  3  8  2  1  5  3  5 16 13
  8 20 15 16  6 18  9 16 14 19 12  9  8 10 10 17  7  8 20 14  2  3  7 11
 18 16 11 12]
,[0.225      0.7037037  1.         0.55555556 0.83333333 0.61538462
 0.71428571 0.64285714 0.57142857 0.85       0.5        0.64285714
 0.44444444 0.65       0.57142857 0.125      0.53333333 0.39130435
 0.83333333 0.77777778 0.36363636 0.69230769 0.57894737 0.36363636
 0.64285714 0.61538462 0.9047619  0.8125     0.34285714 0.66666667
 0.94117647 0.73333333 0.33333333 0.52380952 0.66666667 0.8
 0.42857143 0.11111111 0.57894737 0.48484848 0.73684211 0.33333333
 0.6875     0.625      0.71428571 0.77777778 0.8        0.65
 0.68421053 0.61538462 0.5        0.64       0.46428571 0.60869565
 0.29032258 0.3125     0.51612903 0.65217391 0.66666667 0.42105263
 0.35294118 0.93333333 1.         0.2        0.4        0.28571429
 0.08333333 0.55555556 0.3        0.41666667 0.8        0.59090909
 0.47058824 0.64516129 0.44117647 0.84210526 0.3        0.5
 0.33333333 0.84210526 0.63636364 0.86363636 0.75       0.75
 0.47058824 0.35714286 0.90909091 0.73913043 0.38888889 0.8
 0.86956522 0.3255814  0.22222222 1.         0.7        0.6875
 0.58064516 0.66666667 0.73333333 0.57142857]
,[0.45 0.95 0.35 0.75 0.75 0.4  0.5  0.45 0.4  0.85 0.4  0.45 0.4  0.65
 0.2  0.1  0.4  0.9  0.5  0.35 0.4  0.45 0.55 0.4  0.45 0.8  0.95 0.65
 0.6  0.6  0.8  0.55 0.6  0.55 0.3  0.8  0.6  0.1  0.55 0.8  0.7  0.3
 0.55 0.25 0.5  0.7  0.2  0.65 0.65 0.8  0.6  0.8  0.65 0.7  0.45 0.75
 0.8  0.75 0.3  0.8  0.6  0.7  0.75 0.15 0.4  0.1  0.05 0.25 0.15 0.25
 0.8  0.65 0.4  1.   0.75 0.8  0.3  0.9  0.45 0.8  0.7  0.95 0.6  0.45
 0.4  0.5  0.5  0.85 0.35 0.4  1.   0.7  0.1  0.15 0.35 0.55 0.9  0.8
 0.55 0.6 ]
,[0.3        0.80851064 0.51851852 0.63829787 0.78947368 0.48484848
 0.58823529 0.52941176 0.47058824 0.85       0.44444444 0.52941176
 0.42105263 0.65       0.2962963  0.11111111 0.45714286 0.54545455
 0.625      0.48275862 0.38095238 0.54545455 0.56410256 0.38095238
 0.52941176 0.69565217 0.92682927 0.72222222 0.43636364 0.63157895
 0.86486486 0.62857143 0.42857143 0.53658537 0.4137931  0.8
 0.5        0.10526316 0.56410256 0.60377358 0.71794872 0.31578947
 0.61111111 0.35714286 0.58823529 0.73684211 0.32       0.65
 0.66666667 0.69565217 0.54545455 0.71111111 0.54166667 0.65116279
 0.35294118 0.44117647 0.62745098 0.69767442 0.4137931  0.55172414
 0.44444444 0.8        0.85714286 0.17142857 0.4        0.14814815
 0.0625     0.34482759 0.2        0.3125     0.8        0.61904762
 0.43243243 0.78431373 0.55555556 0.82051282 0.3        0.64285714
 0.38297872 0.82051282 0.66666667 0.9047619  0.66666667 0.5625
 0.43243243 0.41666667 0.64516129 0.79069767 0.36842105 0.53333333
 0.93023256 0.44444444 0.13793103 0.26086957 0.46666667 0.61111111
 0.70588235 0.72727273 0.62857143 0.58536585]
