mACC, mP, mR, mF1, ACC, P, R, F1
0.663,0.6956264641010145,0.6629999999999999,0.6578036128301109
,[ 7 14 16 19 14  7 18 17 12 18  4 16 13 16  7 14 15  9 12 12 15 10 10  5
 14 18 19 15 19 14 19 13  7  6 14 16 12  0 15 12 17  7 16 11 10 17 10 17
 17 18 16 14 15 15 10  1  9 19 13 13 13 14 18 12 11  7  9  7 13 16 18 14
 11 14 15 18  9 19 12 17 17 20 15  8  6 10 16 17 13 12 20 18  3  7 15 18
 18 18 15 15]
,[0.17948718 0.875      0.72727273 0.32758621 0.77777778 0.77777778
 0.48648649 0.70833333 0.52173913 0.94736842 0.4        0.72727273
 0.8125     0.84210526 1.         0.31818182 0.65217391 0.75
 0.70588235 0.6        0.68181818 0.83333333 0.90909091 0.71428571
 0.7        0.66666667 0.95       1.         0.5        0.82352941
 0.61290323 0.37142857 0.7        0.46153846 0.4516129  0.94117647
 0.63157895 0.         0.88235294 0.92307692 0.68       0.875
 0.76190476 0.64705882 0.90909091 0.77272727 0.66666667 0.65384615
 0.80952381 0.54545455 0.8        0.7        0.71428571 0.83333333
 0.625      0.25       0.75       0.67857143 0.68421053 0.68421053
 0.56521739 1.         0.9        0.44444444 0.6875     0.38888889
 0.32142857 0.5        0.59090909 0.76190476 1.         0.56
 0.55       0.875      0.78947368 0.9        0.25714286 0.54285714
 0.46153846 0.85       0.5862069  1.         0.78947368 0.88888889
 0.46153846 0.83333333 0.64       0.85       0.8125     0.75
 0.90909091 0.66666667 0.42857143 0.63636364 1.         0.9
 0.85714286 0.94736842 0.9375     0.78947368]
,[0.35 0.7  0.8  0.95 0.7  0.35 0.9  0.85 0.6  0.9  0.2  0.8  0.65 0.8
 0.35 0.7  0.75 0.45 0.6  0.6  0.75 0.5  0.5  0.25 0.7  0.9  0.95 0.75
 0.95 0.7  0.95 0.65 0.35 0.3  0.7  0.8  0.6  0.   0.75 0.6  0.85 0.35
 0.8  0.55 0.5  0.85 0.5  0.85 0.85 0.9  0.8  0.7  0.75 0.75 0.5  0.05
 0.45 0.95 0.65 0.65 0.65 0.7  0.9  0.6  0.55 0.35 0.45 0.35 0.65 0.8
 0.9  0.7  0.55 0.7  0.75 0.9  0.45 0.95 0.6  0.85 0.85 1.   0.75 0.4
 0.3  0.5  0.8  0.85 0.65 0.6  1.   0.9  0.15 0.35 0.75 0.9  0.9  0.9
 0.75 0.75]
,[0.23728814 0.77777778 0.76190476 0.48717949 0.73684211 0.48275862
 0.63157895 0.77272727 0.55813953 0.92307692 0.26666667 0.76190476
 0.72222222 0.82051282 0.51851852 0.4375     0.69767442 0.5625
 0.64864865 0.6        0.71428571 0.625      0.64516129 0.37037037
 0.7        0.76595745 0.95       0.85714286 0.65517241 0.75675676
 0.74509804 0.47272727 0.46666667 0.36363636 0.54901961 0.86486486
 0.61538462 0.         0.81081081 0.72727273 0.75555556 0.5
 0.7804878  0.59459459 0.64516129 0.80952381 0.57142857 0.73913043
 0.82926829 0.67924528 0.8        0.7        0.73170732 0.78947368
 0.55555556 0.08333333 0.5625     0.79166667 0.66666667 0.66666667
 0.60465116 0.82352941 0.9        0.5106383  0.61111111 0.36842105
 0.375      0.41176471 0.61904762 0.7804878  0.94736842 0.62222222
 0.55       0.77777778 0.76923077 0.9        0.32727273 0.69090909
 0.52173913 0.85       0.69387755 1.         0.76923077 0.55172414
 0.36363636 0.625      0.71111111 0.85       0.72222222 0.66666667
 0.95238095 0.76595745 0.22222222 0.4516129  0.85714286 0.9
 0.87804878 0.92307692 0.83333333 0.76923077]
