mACC, mP, mR, mF1, ACC, P, R, F1
0.5599619289340102,0.5862564892877337,0.45277035354096545,0.4498044878995083
,[ 61   1  20  65  77  27 108  54  35  13  84   1  30   1  21  23  10  12
   4  42   1   7   2  14   0  19  16   1  21  17  34  33   0   8  89   0
   7 111   0  43   0  93   3  14   6  25  18   0  17   0   5  68  32   8
  70   1   2  17  14  79  50   5   5   1   1  88  31]
,[0.45522388 0.25       0.40816327 0.47101449 0.55395683 0.72972973
 0.5320197  0.55670103 0.58333333 0.86666667 0.73684211 0.25
 0.63829787 1.         0.72413793 0.88461538 0.90909091 0.75
 0.33333333 0.60869565 0.1        0.4375     1.         0.60869565
 0.         0.65517241 0.69565217 1.         0.80769231 0.5483871
 0.82926829 0.55932203 0.         1.         0.60958904 0.
 0.7        0.58115183 0.         0.86       0.         0.33574007
 0.6        0.38888889 0.75       0.43859649 0.6        0.
 0.85       0.         0.71428571 0.77272727 0.88888889 0.88888889
 0.38251366 1.         0.66666667 0.85       0.63636364 0.55633803
 0.390625   0.71428571 0.83333333 0.33333333 1.         0.56774194
 0.88571429]
,[0.5        0.03571429 0.55555556 0.80246914 0.63636364 0.675
 0.81203008 0.71052632 0.81395349 0.56521739 0.81553398 0.04347826
 0.83333333 0.04347826 0.875      0.85185185 0.45454545 0.52173913
 0.19047619 0.6        0.01923077 0.25925926 0.03636364 0.66666667
 0.         0.9047619  0.61538462 0.04761905 1.         0.39534884
 0.72340426 0.6875     0.         0.38095238 0.9673913  0.
 0.26923077 0.75510204 0.         0.76785714 0.         0.65492958
 0.14285714 0.28       0.16666667 0.53191489 0.51428571 0.
 0.5862069  0.         0.18518519 0.88311688 0.91428571 0.38095238
 0.67961165 0.04545455 0.08333333 0.5483871  0.63636364 0.73148148
 0.71428571 0.16129032 0.14705882 0.04545455 0.03333333 0.8627451
 0.57407407]
,[0.4765625  0.0625     0.47058824 0.59360731 0.59230769 0.7012987
 0.64285714 0.62427746 0.67961165 0.68421053 0.77419355 0.07407407
 0.72289157 0.08333333 0.79245283 0.86792453 0.60606061 0.61538462
 0.24242424 0.60431655 0.03225806 0.3255814  0.07017544 0.63636364
 0.         0.76       0.65306122 0.09090909 0.89361702 0.45945946
 0.77272727 0.61682243 0.         0.55172414 0.74789916 0.
 0.38888889 0.65680473 0.         0.81132075 0.         0.44391408
 0.23076923 0.3255814  0.27272727 0.48076923 0.55384615 0.
 0.69387755 0.         0.29411765 0.82424242 0.90140845 0.53333333
 0.48951049 0.08695652 0.14814815 0.66666667 0.63636364 0.632
 0.50505051 0.26315789 0.25       0.08       0.06451613 0.6848249
 0.69662921]
