mACC, mP, mR, mF1, ACC, P, R, F1
0.5517131979695431,0.5464042574052487,0.43197028534199183,0.4363868279118836
,[ 55   0  13  70  57  27 117  61  35   0  95   2  29   5  22  20   9   6
   1  52   3   3  11  12   0  11  15   0  20  12  31  24   1   5  85   7
   8 117   0  49   1  73   3  19  18  29  20   0  17   0   2  70  29   3
  70   5   0  20   5  82  37   4  10   2   8  90  32]
,[0.41353383 0.         0.43333333 0.44025157 0.59375    0.84375
 0.45348837 0.49593496 0.79545455 0.         0.67857143 0.4
 0.80555556 0.83333333 0.78571429 0.71428571 0.81818182 0.85714286
 0.5        0.55319149 0.21428571 0.33333333 0.57894737 0.66666667
 0.         0.73333333 0.78947368 0.         0.625      0.52173913
 0.65957447 0.57142857 0.5        0.83333333 0.57432432 0.20588235
 0.66666667 0.66477273 0.         0.84482759 0.33333333 0.33181818
 1.         0.36538462 0.58064516 0.54716981 0.48780488 0.
 0.80952381 0.         0.18181818 0.77777778 0.87878788 1.
 0.42944785 0.71428571 0.         0.86956522 1.         0.45555556
 0.60655738 0.33333333 0.5        1.         0.5        0.56603774
 0.94117647]
,[0.45081967 0.         0.36111111 0.86419753 0.47107438 0.675
 0.87969925 0.80263158 0.81395349 0.         0.9223301  0.08695652
 0.80555556 0.2173913  0.91666667 0.74074074 0.40909091 0.26086957
 0.04761905 0.74285714 0.05769231 0.11111111 0.2        0.57142857
 0.         0.52380952 0.57692308 0.         0.95238095 0.27906977
 0.65957447 0.5        0.04761905 0.23809524 0.92391304 0.21875
 0.30769231 0.79591837 0.         0.875      0.04545455 0.51408451
 0.14285714 0.38       0.5        0.61702128 0.57142857 0.
 0.5862069  0.         0.07407407 0.90909091 0.82857143 0.14285714
 0.67961165 0.22727273 0.         0.64516129 0.22727273 0.75925926
 0.52857143 0.12903226 0.29411765 0.09090909 0.26666667 0.88235294
 0.59259259]
,[0.43137255 0.         0.39393939 0.58333333 0.52534562 0.75
 0.59846547 0.61306533 0.8045977  0.         0.781893   0.14285714
 0.80555556 0.34482759 0.84615385 0.72727273 0.54545455 0.4
 0.08695652 0.63414634 0.09090909 0.16666667 0.2972973  0.61538462
 0.         0.61111111 0.66666667 0.         0.75471698 0.36363636
 0.65957447 0.53333333 0.08695652 0.37037037 0.70833333 0.21212121
 0.42105263 0.7244582  0.         0.85964912 0.08       0.40331492
 0.25       0.37254902 0.53731343 0.58       0.52631579 0.
 0.68       0.         0.10526316 0.83832335 0.85294118 0.25
 0.52631579 0.34482759 0.         0.74074074 0.37037037 0.56944444
 0.5648855  0.18604651 0.37037037 0.16666667 0.34782609 0.68965517
 0.72727273]
