mACC, mP, mR, mF1, ACC, P, R, F1
0.48064720812182743,0.4259338264411963,0.3619940951113688,0.3584923551051455
,[ 53   4  14  63  60  19 100  61  34  13  84   0  14   0   2  20   8   0
   8  29   5   8   0   9   0  16  16   0  19  18  32  20   0   4  75   0
  13 124   0  37   0  71   0   1   4  16  19   0  16   1   0  63  20  10
  67   1   0  18   0  78  45   0   0   0   0  82  21]
,[0.33757962 0.5        0.53846154 0.47014925 0.48780488 0.9047619
 0.44444444 0.46564885 0.43589744 0.61904762 0.58333333 0.
 0.73684211 0.         1.         0.8        0.88888889 0.
 0.66666667 0.36708861 0.20833333 0.27586207 0.         0.34615385
 0.         0.72727273 0.88888889 0.         0.86363636 0.85714286
 0.94117647 0.52631579 0.         1.         0.63559322 0.
 0.8125     0.51028807 0.         0.97368421 0.         0.25266904
 0.         0.05882353 0.16       0.53333333 0.17757009 0.
 0.69565217 1.         0.         0.79746835 0.8        0.83333333
 0.335      0.07692308 0.         0.58064516 0.         0.609375
 0.50561798 0.         0.         0.         0.         0.5
 0.80769231]
,[0.43442623 0.14285714 0.38888889 0.77777778 0.49586777 0.475
 0.7518797  0.80263158 0.79069767 0.56521739 0.81553398 0.
 0.38888889 0.         0.08333333 0.74074074 0.36363636 0.
 0.38095238 0.41428571 0.09615385 0.2962963  0.         0.42857143
 0.         0.76190476 0.61538462 0.         0.9047619  0.41860465
 0.68085106 0.41666667 0.         0.19047619 0.81521739 0.
 0.5        0.84353741 0.         0.66071429 0.         0.5
 0.         0.02       0.11111111 0.34042553 0.54285714 0.
 0.55172414 0.04545455 0.         0.81818182 0.57142857 0.47619048
 0.65048544 0.04545455 0.         0.58064516 0.         0.72222222
 0.64285714 0.         0.         0.         0.         0.80392157
 0.38888889]
,[0.37992832 0.22222222 0.4516129  0.58604651 0.49180328 0.62295082
 0.55865922 0.58937198 0.56198347 0.59090909 0.68016194 0.
 0.50909091 0.         0.15384615 0.76923077 0.51612903 0.
 0.48484848 0.38926174 0.13157895 0.28571429 0.         0.38297872
 0.         0.74418605 0.72727273 0.         0.88372093 0.5625
 0.79012346 0.46511628 0.         0.32       0.71428571 0.
 0.61904762 0.63589744 0.         0.78723404 0.         0.3356974
 0.         0.02985075 0.13114754 0.41558442 0.26760563 0.
 0.61538462 0.08695652 0.         0.80769231 0.66666667 0.60606061
 0.44224422 0.05714286 0.         0.58064516 0.         0.66101695
 0.56603774 0.         0.         0.         0.         0.61654135
 0.525     ]
