mACC, mP, mR, mF1, ACC, P, R, F1
0.6094543147208121,0.5862169946529197,0.5346677561179964,0.5402918733562343
,[ 80  12  15  60  74  29 110  52  34  13  98   0  24  14  20  23   3   9
  14  46  10  17  25  10   3  19  10   2  17  27  37  35   5  11  80  11
  19 117  16  46   0  80   2  22  10  25  16   3  20   5  12  68  31   8
  55   5   6  21   9  62  49  11  19   7  13  80  35]
,[0.50955414 0.34285714 0.5        0.57692308 0.55639098 0.65909091
 0.59139785 0.56521739 0.77272727 0.56521739 0.65333333 0.
 0.85714286 0.56       0.74074074 0.65714286 0.75       0.69230769
 0.46666667 0.67647059 0.43478261 0.70833333 0.51020408 0.5
 0.375      0.73076923 0.76923077 0.28571429 1.         0.61363636
 0.88095238 0.63636364 0.625      0.78571429 0.74766355 0.23913043
 0.63333333 0.69642857 0.4        0.86792453 0.         0.61068702
 0.28571429 0.48888889 0.55555556 0.80645161 0.51612903 0.27272727
 0.68965517 0.41666667 0.63157895 0.89473684 0.81578947 0.38095238
 0.56122449 0.3125     0.66666667 0.75       0.45       0.62626263
 0.34507042 0.91666667 0.59375    0.46666667 0.65       0.6779661
 0.76086957]
,[0.6557377  0.42857143 0.41666667 0.74074074 0.61157025 0.725
 0.82706767 0.68421053 0.79069767 0.56521739 0.95145631 0.
 0.66666667 0.60869565 0.83333333 0.85185185 0.13636364 0.39130435
 0.66666667 0.65714286 0.19230769 0.62962963 0.45454545 0.47619048
 0.125      0.9047619  0.38461538 0.0952381  0.80952381 0.62790698
 0.78723404 0.72916667 0.23809524 0.52380952 0.86956522 0.34375
 0.73076923 0.79591837 0.64       0.82142857 0.         0.56338028
 0.0952381  0.44       0.27777778 0.53191489 0.45714286 0.08823529
 0.68965517 0.22727273 0.44444444 0.88311688 0.88571429 0.38095238
 0.53398058 0.22727273 0.25       0.67741935 0.40909091 0.57407407
 0.7        0.35483871 0.55882353 0.31818182 0.43333333 0.78431373
 0.64814815]
,[0.5734767  0.38095238 0.45454545 0.64864865 0.58267717 0.69047619
 0.68965517 0.61904762 0.7816092  0.56521739 0.77470356 0.
 0.75       0.58333333 0.78431373 0.74193548 0.23076923 0.5
 0.54901961 0.66666667 0.26666667 0.66666667 0.48076923 0.48780488
 0.1875     0.80851064 0.51282051 0.14285714 0.89473684 0.62068966
 0.83146067 0.67961165 0.34482759 0.62857143 0.8040201  0.28205128
 0.67857143 0.74285714 0.49230769 0.8440367  0.         0.58608059
 0.14285714 0.46315789 0.37037037 0.64102564 0.48484848 0.13333333
 0.68965517 0.29411765 0.52173913 0.88888889 0.84931507 0.38095238
 0.54726368 0.26315789 0.36363636 0.71186441 0.42857143 0.59903382
 0.46226415 0.51162791 0.57575758 0.37837838 0.52       0.72727273
 0.7       ]
