mACC, mP, mR, mF1, ACC, P, R, F1
0.4676395939086294,0.4174905526181514,0.35181645968976505,0.34990558307676606
,[ 50   3  10  57  62  15  43  47  19   0  96   0  25   3   8  23   0   0
   4  49   6   3  22   1   0  13  14   0  12  27  25  25   0   1  89   3
  17 113   2  42   1  95   2  14   1  19  12   0  17   0   9  72  18   6
  48   0   0  13   2  61  28   6  13   0   9  74  25]
,[0.40322581 0.12       0.35714286 0.40140845 0.41891892 0.625
 0.38392857 0.58024691 0.82608696 0.         0.43243243 0.
 0.71428571 0.375      0.72727273 0.71875    0.         0.
 0.8        0.42608696 0.17647059 0.42857143 0.275      1.
 0.         0.52       0.48275862 0.         0.92307692 0.45762712
 0.71428571 0.37313433 0.         0.125      0.54601227 0.11111111
 0.22972973 0.60752688 0.4        0.89361702 0.14285714 0.35315985
 0.16666667 0.31818182 0.0625     0.43181818 0.54545455 0.
 0.80952381 0.         0.39130435 0.72727273 1.         1.
 0.52747253 0.         0.         0.61904762 0.28571429 0.40397351
 0.38888889 0.66666667 0.92857143 0.         0.52941176 0.54411765
 0.55555556]
,[0.40983607 0.10714286 0.27777778 0.7037037  0.51239669 0.375
 0.32330827 0.61842105 0.44186047 0.         0.93203883 0.
 0.69444444 0.13043478 0.33333333 0.85185185 0.         0.
 0.19047619 0.7        0.11538462 0.11111111 0.4        0.04761905
 0.         0.61904762 0.53846154 0.         0.57142857 0.62790698
 0.53191489 0.52083333 0.         0.04761905 0.9673913  0.09375
 0.65384615 0.76870748 0.08       0.75       0.04545455 0.66901408
 0.0952381  0.28       0.02777778 0.40425532 0.34285714 0.
 0.5862069  0.         0.33333333 0.93506494 0.51428571 0.28571429
 0.46601942 0.         0.         0.41935484 0.09090909 0.56481481
 0.4        0.19354839 0.38235294 0.         0.3        0.7254902
 0.46296296]
,[0.40650407 0.11320755 0.3125     0.51121076 0.46096654 0.46875
 0.35102041 0.59872611 0.57575758 0.         0.59076923 0.
 0.70422535 0.19354839 0.45714286 0.77966102 0.         0.
 0.30769231 0.52972973 0.13953488 0.17647059 0.32592593 0.09090909
 0.         0.56521739 0.50909091 0.         0.70588235 0.52941176
 0.6097561  0.43478261 0.         0.06896552 0.69803922 0.10169492
 0.34       0.67867868 0.13333333 0.81553398 0.06896552 0.4622871
 0.12121212 0.29787234 0.03846154 0.41758242 0.42105263 0.
 0.68       0.         0.36       0.81818182 0.67924528 0.44444444
 0.49484536 0.         0.         0.5        0.13793103 0.47104247
 0.3943662  0.3        0.54166667 0.         0.38297872 0.62184874
 0.50505051]
