mACC, mP, mR, mF1, ACC, P, R, F1
0.30171319796954316,0.22788866684865003,0.1501569700527141,0.13064925769991395
,[ 55   0   1  41  52   2  91  49   2   0  56   0   2   0   0   3   0   0
   0  40   1   0   0   0   0   0   0   0   0  12  12   1   0   0  78   0
   0 112   0  31   0  82   0   1   0   1   0   0   1   0   0  55   2   0
  36   0   0   0   0  48  16   0   0   0   0  58  10]
,[0.21153846 0.         1.         0.42268041 0.19847328 0.66666667
 0.22524752 0.4537037  1.         0.         0.3943662  0.
 0.66666667 0.         0.         1.         0.         0.
 0.         0.54794521 0.09090909 0.         0.         0.
 0.         0.         0.         0.         0.         0.57142857
 0.85714286 0.33333333 0.         0.         0.43333333 0.
 0.         0.26168224 0.         0.96875    0.         0.19902913
 0.         0.25       0.         0.2        0.         0.
 1.         0.         0.         0.69620253 1.         0.
 0.24161074 0.         0.         0.         0.         0.26519337
 0.41025641 0.         0.         0.         0.         0.28571429
 0.41666667]
,[0.45081967 0.         0.02777778 0.50617284 0.42975207 0.05
 0.68421053 0.64473684 0.04651163 0.         0.54368932 0.
 0.05555556 0.         0.         0.11111111 0.         0.
 0.         0.57142857 0.01923077 0.         0.         0.
 0.         0.         0.         0.         0.         0.27906977
 0.25531915 0.02083333 0.         0.         0.84782609 0.
 0.         0.76190476 0.         0.55357143 0.         0.57746479
 0.         0.02       0.         0.0212766  0.         0.
 0.03448276 0.         0.         0.71428571 0.05714286 0.
 0.34951456 0.         0.         0.         0.         0.44444444
 0.22857143 0.         0.         0.         0.         0.56862745
 0.18518519]
,[0.28795812 0.         0.05405405 0.46067416 0.27154047 0.09302326
 0.33891993 0.5326087  0.08888889 0.         0.45714286 0.
 0.1025641  0.         0.         0.2        0.         0.
 0.         0.55944056 0.03174603 0.         0.         0.
 0.         0.         0.         0.         0.         0.375
 0.39344262 0.03921569 0.         0.         0.57352941 0.
 0.         0.38956522 0.         0.70454545 0.         0.29602888
 0.         0.03703704 0.         0.03846154 0.         0.
 0.06666667 0.         0.         0.70512821 0.10810811 0.
 0.28571429 0.         0.         0.         0.         0.33217993
 0.29357798 0.         0.         0.         0.         0.38032787
 0.25641026]
