mACC, mP, mR, mF1, ACC, P, R, F1
0.5767766497461929,0.5895835357432905,0.4729376981658951,0.4760746344763494
,[ 69   0  22  60  69  27  95  57  34   3  93   0  29   3  16  22   4  16
  11  46   6   9   5  11   0  16  15   0  16  20  40  21  11  11  85   0
  11 125   2  46   0  88   0  27   8  37  10   1  20   1  11  70  28  11
  63   4   5  24   9  82  51   3  15   2   4  90  28]
,[0.52671756 0.         0.41509434 0.625      0.575      0.71052632
 0.72519084 0.55339806 0.85       0.42857143 0.73228346 0.
 0.6744186  0.5        0.84210526 0.70967742 0.66666667 0.66666667
 0.45833333 0.4742268  0.24       0.375      0.83333333 0.44
 0.         0.72727273 0.83333333 0.         0.88888889 0.625
 0.63492063 0.84       0.55       0.78571429 0.63432836 0.
 0.84615385 0.47528517 1.         0.88461538 0.         0.3776824
 0.         0.38571429 0.8        0.34579439 0.66666667 0.25
 0.86956522 1.         0.52380952 0.875      1.         0.78571429
 0.45652174 0.4        0.625      0.8        0.75       0.6259542
 0.35416667 1.         0.88235294 0.66666667 1.         0.57692308
 0.73684211]
,[0.56557377 0.         0.61111111 0.74074074 0.57024793 0.675
 0.71428571 0.75       0.79069767 0.13043478 0.90291262 0.
 0.80555556 0.13043478 0.66666667 0.81481481 0.18181818 0.69565217
 0.52380952 0.65714286 0.11538462 0.33333333 0.09090909 0.52380952
 0.         0.76190476 0.57692308 0.         0.76190476 0.46511628
 0.85106383 0.4375     0.52380952 0.52380952 0.92391304 0.
 0.42307692 0.85034014 0.08       0.82142857 0.         0.61971831
 0.         0.54       0.22222222 0.78723404 0.28571429 0.02941176
 0.68965517 0.04545455 0.40740741 0.90909091 0.8        0.52380952
 0.61165049 0.18181818 0.20833333 0.77419355 0.40909091 0.75925926
 0.72857143 0.09677419 0.44117647 0.09090909 0.13333333 0.88235294
 0.51851852]
,[0.54545455 0.         0.49438202 0.6779661  0.57261411 0.69230769
 0.71969697 0.63687151 0.81927711 0.2        0.80869565 0.
 0.73417722 0.20689655 0.74418605 0.75862069 0.28571429 0.68085106
 0.48888889 0.5508982  0.15584416 0.35294118 0.16393443 0.47826087
 0.         0.74418605 0.68181818 0.         0.82051282 0.53333333
 0.72727273 0.57534247 0.53658537 0.62857143 0.75221239 0.
 0.56410256 0.6097561  0.14814815 0.85185185 0.         0.46933333
 0.         0.45       0.34782609 0.48051948 0.4        0.05263158
 0.76923077 0.08695652 0.45833333 0.89171975 0.88888889 0.62857143
 0.52282158 0.25       0.3125     0.78688525 0.52941176 0.68619247
 0.47663551 0.17647059 0.58823529 0.16       0.23529412 0.69767442
 0.60869565]
