mACC, mP, mR, mF1, ACC, P, R, F1
0.43781725888324874,0.48462972567349505,0.28347562237673174,0.29118848491773713
,[ 64   0  10  54  78   9  87  47  12   1  78   1  25   0   2   9   0   2
   0  36   5   7   5   2   1  11   1   0   8  19  32  15   0   0  85   0
  12 125   1  38   0 108   0  11   3  15   6   0   6   0   1  68  13   0
  38   0   0   4   5  69  34   1   4   1   7  72  32]
,[0.36781609 0.         0.37037037 0.42519685 0.27083333 0.9
 0.435      0.47959184 0.8        1.         0.40625    0.5
 0.53191489 0.         1.         1.         0.         0.4
 0.         0.65454545 0.26315789 0.58333333 0.71428571 1.
 1.         0.6875     1.         0.         1.         0.67857143
 0.64       0.46875    0.         0.         0.56291391 0.
 1.         0.33244681 0.5        0.92682927 0.         0.31395349
 0.         0.42307692 0.27272727 0.41666667 0.6        0.
 1.         0.         1.         0.68       0.92857143 0.
 0.34862385 0.         0.         0.8        0.71428571 0.42073171
 0.45333333 0.11111111 0.8        0.5        0.63636364 0.47058824
 0.68085106]
,[0.52459016 0.         0.27777778 0.66666667 0.6446281  0.225
 0.65413534 0.61842105 0.27906977 0.04347826 0.75728155 0.04347826
 0.69444444 0.         0.08333333 0.33333333 0.         0.08695652
 0.         0.51428571 0.09615385 0.25925926 0.09090909 0.0952381
 0.04166667 0.52380952 0.03846154 0.         0.38095238 0.44186047
 0.68085106 0.3125     0.         0.         0.92391304 0.
 0.46153846 0.85034014 0.04       0.67857143 0.         0.76056338
 0.         0.22       0.08333333 0.31914894 0.17142857 0.
 0.20689655 0.         0.03703704 0.88311688 0.37142857 0.
 0.36893204 0.         0.         0.12903226 0.22727273 0.63888889
 0.48571429 0.03225806 0.11764706 0.04545455 0.23333333 0.70588235
 0.59259259]
,[0.43243243 0.         0.31746032 0.51923077 0.38141809 0.36
 0.52252252 0.54022989 0.4137931  0.08333333 0.52881356 0.08
 0.60240964 0.         0.15384615 0.5        0.         0.14285714
 0.         0.576      0.14084507 0.35897436 0.16129032 0.17391304
 0.08       0.59459459 0.07407407 0.         0.55172414 0.53521127
 0.65979381 0.375      0.         0.         0.69958848 0.
 0.63157895 0.47801147 0.07407407 0.78350515 0.         0.44444444
 0.         0.28947368 0.12765957 0.36144578 0.26666667 0.
 0.34285714 0.         0.07142857 0.76836158 0.53061224 0.
 0.35849057 0.         0.         0.22222222 0.34482759 0.50735294
 0.46896552 0.05       0.20512821 0.08333333 0.34146341 0.56470588
 0.63366337]
