mACC, mP, mR, mF1, ACC, P, R, F1
0.5739213197969543,0.5611104881467158,0.46696693935810846,0.4793334289296378
,[ 67   9  15  63  90  24  76  56  24   1  91   2  22   7  18  21   2  17
   8  48   8  10  22   4   6  19  11   1  13  27  34  29   1   8  88   0
  15 118   4  48   2 109   3  23   9  32  14   1  19   2   4  70  32   8
  62   6   7  16   5  72  35   6  15   1  13  80  36]
,[0.47183099 0.375      0.375      0.43448276 0.46153846 0.82758621
 0.67256637 0.48275862 0.96       0.25       0.71653543 0.5
 0.75862069 0.53846154 0.81818182 0.65625    0.5        0.70833333
 0.5        0.63157895 0.30769231 0.47619048 0.46808511 0.4
 0.27272727 0.41304348 0.91666667 0.33333333 0.76470588 0.51923077
 0.89473684 0.59183673 0.33333333 0.8        0.63309353 0.
 0.55555556 0.62433862 0.5        0.94117647 0.4        0.45228216
 0.6        0.44230769 0.6        0.66666667 0.53846154 0.1
 0.86363636 0.28571429 0.44444444 0.8045977  0.94117647 0.88888889
 0.5        0.28571429 0.77777778 0.76190476 0.71428571 0.5625
 0.49295775 0.4        0.65217391 0.2        0.46428571 0.62015504
 0.75      ]
,[0.54918033 0.32142857 0.41666667 0.77777778 0.74380165 0.6
 0.57142857 0.73684211 0.55813953 0.04347826 0.88349515 0.08695652
 0.61111111 0.30434783 0.75       0.77777778 0.09090909 0.73913043
 0.38095238 0.68571429 0.15384615 0.37037037 0.4        0.19047619
 0.25       0.9047619  0.42307692 0.04761905 0.61904762 0.62790698
 0.72340426 0.60416667 0.04761905 0.38095238 0.95652174 0.
 0.57692308 0.80272109 0.16       0.85714286 0.09090909 0.76760563
 0.14285714 0.46       0.25       0.68085106 0.4        0.02941176
 0.65517241 0.09090909 0.14814815 0.90909091 0.91428571 0.38095238
 0.60194175 0.27272727 0.29166667 0.51612903 0.22727273 0.66666667
 0.5        0.19354839 0.44117647 0.04545455 0.43333333 0.78431373
 0.66666667]
,[0.50757576 0.34615385 0.39473684 0.55752212 0.56962025 0.69565217
 0.61788618 0.58333333 0.70588235 0.07407407 0.79130435 0.14814815
 0.67692308 0.38888889 0.7826087  0.71186441 0.15384615 0.72340426
 0.43243243 0.65753425 0.20512821 0.41666667 0.43137255 0.25806452
 0.26086957 0.56716418 0.57894737 0.08333333 0.68421053 0.56842105
 0.8        0.59793814 0.08333333 0.51612903 0.76190476 0.
 0.56603774 0.70238095 0.24242424 0.89719626 0.14814815 0.5691906
 0.23076923 0.45098039 0.35294118 0.67368421 0.45901639 0.04545455
 0.74509804 0.13793103 0.22222222 0.85365854 0.92753623 0.53333333
 0.54625551 0.27906977 0.42424242 0.61538462 0.34482759 0.61016949
 0.4964539  0.26086957 0.52631579 0.07407407 0.44827586 0.69264069
 0.70588235]
