mACC, mP, mR, mF1, ACC, P, R, F1
0.5628172588832487,0.6317969803537821,0.4429461068999714,0.46588371987341887
,[ 83   5  16  49  82  18 104  53  22  10  89   1  21   8  20  17   4  16
   3  46  14   7  21   3   2  10   9   1  19  24  35  36   3   4  87   0
  17 121   3  41   1  96   0  25  10  26  11   1  16   4   5  70  19   5
  53   6   3  18  11  77  42   2   9   1  11  87  41]
,[0.46629213 0.25       0.43243243 0.56976744 0.38317757 0.75
 0.57777778 0.43442623 0.95652174 0.76923077 0.65441176 1.
 0.58333333 0.72727273 0.54054054 0.70833333 1.         0.72727273
 1.         0.65714286 0.46666667 0.36842105 0.84       0.6
 0.4        0.90909091 0.75       0.25       0.86363636 0.6
 0.68627451 0.62068966 0.75       1.         0.62589928 0.
 0.77272727 0.50627615 0.375      0.95348837 0.33333333 0.48241206
 0.         0.40322581 0.83333333 0.74285714 0.61111111 0.14285714
 0.88888889 1.         0.625      0.70707071 0.95       0.55555556
 0.46491228 0.6        1.         0.69230769 0.84615385 0.54225352
 0.40776699 0.28571429 0.81818182 1.         0.61111111 0.5147929
 0.74545455]
,[0.68032787 0.17857143 0.44444444 0.60493827 0.67768595 0.45
 0.78195489 0.69736842 0.51162791 0.43478261 0.86407767 0.04347826
 0.58333333 0.34782609 0.83333333 0.62962963 0.18181818 0.69565217
 0.14285714 0.65714286 0.26923077 0.25925926 0.38181818 0.14285714
 0.08333333 0.47619048 0.34615385 0.04761905 0.9047619  0.55813953
 0.74468085 0.75       0.14285714 0.19047619 0.94565217 0.
 0.65384615 0.82312925 0.12       0.73214286 0.04545455 0.67605634
 0.         0.5        0.27777778 0.55319149 0.31428571 0.02941176
 0.55172414 0.18181818 0.18518519 0.90909091 0.54285714 0.23809524
 0.51456311 0.27272727 0.125      0.58064516 0.5        0.71296296
 0.6        0.06451613 0.26470588 0.04545455 0.36666667 0.85294118
 0.75925926]
,[0.55333333 0.20833333 0.43835616 0.58682635 0.48955224 0.5625
 0.66453674 0.53535354 0.66666667 0.55555556 0.74476987 0.08333333
 0.58333333 0.47058824 0.6557377  0.66666667 0.30769231 0.71111111
 0.25       0.65714286 0.34146341 0.30434783 0.525      0.23076923
 0.13793103 0.625      0.47368421 0.08       0.88372093 0.57831325
 0.71428571 0.67924528 0.24       0.32       0.75324675 0.
 0.70833333 0.62694301 0.18181818 0.82828283 0.08       0.56304985
 0.         0.44642857 0.41666667 0.63414634 0.41509434 0.04878049
 0.68085106 0.30769231 0.28571429 0.79545455 0.69090909 0.33333333
 0.48847926 0.375      0.22222222 0.63157895 0.62857143 0.616
 0.48554913 0.10526316 0.4        0.08695652 0.45833333 0.64206642
 0.75229358]
