mACC, mP, mR, mF1, ACC, P, R, F1
0.5939086294416244,0.6137699393359296,0.4975314250864959,0.49682460710491216
,[ 81   1  23  62  76  21 104  60  35  14  72   0  33   4  18  23   4  16
   9  37   1  11  23   8   0  15  18   2  18  25  40  29   7  11  89   0
   8 127   3  46   0  86   0  37   6  26   8   0  23   2   7  73  31  11
  68   7  11  23  13  74  46   4  12   2  11  82  35]
,[0.39512195 1.         0.43396226 0.52542373 0.53146853 0.91304348
 0.67096774 0.52173913 0.71428571 0.7        0.92307692 0.
 0.54098361 1.         0.81818182 0.62162162 0.66666667 0.64
 0.69230769 0.71153846 0.16666667 0.37931034 0.575      0.38095238
 0.         0.71428571 0.54545455 0.66666667 0.94736842 0.83333333
 0.63492063 0.76315789 0.46666667 0.57894737 0.52662722 0.
 0.72727273 0.58525346 1.         0.90196078 0.         0.47777778
 0.         0.42528736 0.75       0.46428571 0.88888889 0.
 0.71875    1.         0.5        0.60833333 0.73809524 1.
 0.544      0.46666667 0.47826087 0.74193548 0.68421053 0.7047619
 0.37704918 0.8        0.85714286 1.         0.91666667 0.78846154
 0.77777778]
,[0.66393443 0.03571429 0.63888889 0.7654321  0.62809917 0.525
 0.78195489 0.78947368 0.81395349 0.60869565 0.69902913 0.
 0.91666667 0.17391304 0.75       0.85185185 0.18181818 0.69565217
 0.42857143 0.52857143 0.01923077 0.40740741 0.41818182 0.38095238
 0.         0.71428571 0.69230769 0.0952381  0.85714286 0.58139535
 0.85106383 0.60416667 0.33333333 0.52380952 0.9673913  0.
 0.30769231 0.86394558 0.12       0.82142857 0.         0.6056338
 0.         0.74       0.16666667 0.55319149 0.22857143 0.
 0.79310345 0.09090909 0.25925926 0.94805195 0.88571429 0.52380952
 0.66019417 0.31818182 0.45833333 0.74193548 0.59090909 0.68518519
 0.65714286 0.12903226 0.35294118 0.09090909 0.36666667 0.80392157
 0.64814815]
,[0.49541284 0.06896552 0.51685393 0.62311558 0.57575758 0.66666667
 0.72222222 0.62827225 0.76086957 0.65116279 0.79558011 0.
 0.68041237 0.2962963  0.7826087  0.71875    0.28571429 0.66666667
 0.52941176 0.60655738 0.03448276 0.39285714 0.48421053 0.38095238
 0.         0.71428571 0.61016949 0.16666667 0.9        0.68493151
 0.72727273 0.6744186  0.38888889 0.55       0.68199234 0.
 0.43243243 0.6978022  0.21428571 0.85981308 0.         0.53416149
 0.         0.54014599 0.27272727 0.50485437 0.36363636 0.
 0.75409836 0.16666667 0.34146341 0.74111675 0.80519481 0.6875
 0.59649123 0.37837838 0.46808511 0.74193548 0.63414634 0.69483568
 0.47916667 0.22222222 0.5        0.16666667 0.52380952 0.7961165
 0.70707071]
