mACC, mP, mR, mF1, ACC, P, R, F1
0.49968274111675126,0.46409820047231537,0.3880404522417982,0.381707808234638
,[ 67   0  18  65  69  25  31  60  14   0  90   0  20   1  14  20   3   0
  13  41   2   5   8   8   0  16  15   0  16  21  39  17   0   0  87   0
   6 136   0  45   0  92   0  14   0  35  11   0  21   0  13  73  25   9
  61   0   1  20  14  38  47   3  15   0   1  91  19]
,[0.45890411 0.         0.41860465 0.53719008 0.44230769 0.86206897
 0.91176471 0.52631579 0.875      0.         0.69767442 0.
 0.83333333 0.33333333 0.4516129  0.74074074 0.75       0.
 0.59090909 0.52564103 0.1        0.5        0.66666667 0.61538462
 0.         0.72727273 0.6        0.         0.88888889 0.65625
 0.65       0.80952381 0.         0.         0.48603352 0.
 1.         0.43312102 0.         0.95744681 0.         0.34848485
 0.         0.5        0.         0.30701754 0.5        0.
 0.84       0.         0.5        0.8902439  0.89285714 0.9
 0.43262411 0.         0.5        0.83333333 0.5        0.59375
 0.43925234 0.375      0.78947368 0.         1.         0.25138122
 0.65517241]
,[0.54918033 0.         0.5        0.80246914 0.57024793 0.625
 0.23308271 0.78947368 0.3255814  0.         0.87378641 0.
 0.55555556 0.04347826 0.58333333 0.74074074 0.13636364 0.
 0.61904762 0.58571429 0.03846154 0.18518519 0.14545455 0.38095238
 0.         0.76190476 0.57692308 0.         0.76190476 0.48837209
 0.82978723 0.35416667 0.         0.         0.94565217 0.
 0.23076923 0.92517007 0.         0.80357143 0.         0.64788732
 0.         0.28       0.         0.74468085 0.31428571 0.
 0.72413793 0.         0.48148148 0.94805195 0.71428571 0.42857143
 0.59223301 0.         0.04166667 0.64516129 0.63636364 0.35185185
 0.67142857 0.09677419 0.44117647 0.         0.03333333 0.89215686
 0.35185185]
,[0.5        0.         0.4556962  0.64356436 0.49819495 0.72463768
 0.37125749 0.63157895 0.47457627 0.         0.77586207 0.
 0.66666667 0.07692308 0.50909091 0.74074074 0.23076923 0.
 0.60465116 0.55405405 0.05555556 0.27027027 0.23880597 0.47058824
 0.         0.74418605 0.58823529 0.         0.82051282 0.56
 0.72897196 0.49275362 0.         0.         0.64206642 0.
 0.375      0.59002169 0.         0.87378641 0.         0.45320197
 0.         0.35897436 0.         0.43478261 0.38596491 0.
 0.77777778 0.         0.49056604 0.91823899 0.79365079 0.58064516
 0.5        0.         0.07692308 0.72727273 0.56       0.44186047
 0.53107345 0.15384615 0.56603774 0.         0.06451613 0.39224138
 0.45783133]
