mACC, mP, mR, mF1, ACC, P, R, F1
0.21598414795244386,0.2623929293218321,0.12258097205232679,0.10785009063279939
,[  1   5  12   2  15   0   0   5   0   0  48  29   0   0   2   0   0   2
   2   1  18   2   0   0   0   0   1   0   0   0   0   3   1   2   0   2
   3   0   0   0   0   0   0   0   0  18   0   0   1   0   0   4   1   0
   2   0   0   0   0   0   1   6   0   1   0   1   0   3   0   0   0   0
   0   0   0   0   3   0   6   1   2   6   0   0   0   0   1   0   2  36
   1  38   3   0   0  28   0   0   0   0  14   0   4   0  40   0   1   0
   0   3   0   3   0   0   0   0   0   1   1   4   2   0   1   0   0  17
  20   1  36   4   0  13  24   1   0   0  30  22   0   0   0   6  19   0
 160   0  30   3   0   0   0   0   2   2   1   0   0   5  19   0   0   0
   0   3   0   2   0  20   0   0   0   0   1   0   0   1   0   0   0   0
   0   0   0   1   0   4   1   0   0   0   0   0   2   0   0   8   0   1
   0   0   9   2   0  11   1   0   0   0   0   0   0  13   0  12   0   4
   1   3   0   0   2   0   0   0   2   0   6   0   0   2   0  68   0   4
   0   0   0   1   8  39   0   1   0   0   0   1   0   1   1  12 160   0
  87   3   0   0]
,[1.         1.         0.14117647 0.05128205 0.55555556 0.
 0.         0.09615385 0.         0.         0.20869565 0.29292929
 0.         0.         0.66666667 0.         0.         0.15384615
 1.         1.         0.08910891 0.66666667 0.         0.
 0.         0.         0.5        0.         0.         0.
 0.         0.75       1.         1.         0.         0.66666667
 1.         0.         0.         0.         0.         0.
 0.         0.         0.         0.64285714 0.         0.
 1.         0.         0.         0.57142857 0.5        0.
 1.         0.         0.         0.         0.         0.
 1.         1.         0.         0.07692308 0.         1.
 0.         0.75       0.         0.         0.         0.
 0.         0.         0.         0.         1.         0.
 0.75       0.5        0.4        0.28571429 0.         0.
 0.         0.         1.         0.         0.66666667 0.29032258
 1.         0.296875   0.33333333 0.         0.         0.14285714
 0.         0.         0.         0.         0.4375     0.
 1.         0.         0.15151515 0.         1.         0.
 0.         1.         0.         1.         0.         0.
 0.         0.         0.         1.         0.11111111 0.0952381
 1.         0.         1.         0.         0.         0.17
 0.47619048 0.2        0.46753247 1.         0.         0.22033898
 0.5106383  0.2        0.         0.         0.32608696 0.08730159
 0.         0.         0.         0.6        0.33333333 0.
 0.20278834 0.         0.05217391 0.11538462 0.         0.
 0.         0.         0.33333333 0.66666667 1.         0.
 0.         0.26315789 0.19191919 0.         0.         0.
 0.         1.         0.         0.66666667 0.         0.5
 0.         0.         0.         0.         1.         0.
 0.         1.         0.         0.         0.         0.
 0.         0.         0.         1.         0.         0.8
 1.         0.         0.         0.         0.         0.
 0.08695652 0.         0.         0.4        0.         0.5
 0.         0.         1.         0.66666667 0.         0.78571429
 1.         0.         0.         0.         0.         0.
 0.         0.34210526 0.         0.375      0.         1.
 1.         0.75       0.         0.         0.4        0.
 0.         0.         1.         0.         0.4        0.
 0.         1.         0.         0.23529412 0.         0.8
 0.         0.         0.         1.         0.88888889 0.26712329
 0.         0.25       0.         0.         0.         1.
 0.         1.         0.25       1.         0.1455869  0.
 0.40465116 1.         0.         0.        ]
,[0.05       0.25       0.38709677 0.07692308 0.5        0.
 0.         0.10638298 0.         0.         0.85714286 0.65909091
 0.         0.         0.08       0.         0.         0.0952381
 0.08       0.05882353 0.62068966 0.1        0.         0.
 0.         0.         0.05       0.         0.         0.
 0.         0.14285714 0.04761905 0.1        0.         0.09090909
 0.125      0.         0.         0.         0.         0.
 0.         0.         0.         0.66666667 0.         0.
 0.04545455 0.         0.         0.23529412 0.05882353 0.
 0.1        0.         0.         0.         0.         0.
 0.04761905 0.35294118 0.         0.03703704 0.         0.05882353
 0.         0.13636364 0.         0.         0.         0.
 0.         0.         0.         0.         0.15789474 0.
 0.3        0.04166667 0.10526316 0.35294118 0.         0.
 0.         0.         0.05263158 0.         0.09090909 0.8372093
 0.05263158 0.92682927 0.13043478 0.         0.         0.49122807
 0.         0.         0.         0.         0.5        0.
 0.17391304 0.         0.74074074 0.         0.05555556 0.
 0.         0.17647059 0.         0.17647059 0.         0.
 0.         0.         0.         0.04545455 0.05555556 0.15384615
 0.11764706 0.         0.04347826 0.         0.         0.34693878
 0.76923077 0.04761905 0.94736842 0.21052632 0.         0.34210526
 0.85714286 0.04166667 0.         0.         0.9375     0.56410256
 0.         0.         0.         0.27272727 0.73076923 0.
 1.         0.         0.73170732 0.08571429 0.         0.
 0.         0.         0.10526316 0.0952381  0.05263158 0.
 0.         0.16666667 0.45238095 0.         0.         0.
 0.         0.14285714 0.         0.10526316 0.         0.71428571
 0.         0.         0.         0.         0.04545455 0.
 0.         0.04545455 0.         0.         0.         0.
 0.         0.         0.         0.05882353 0.         0.23529412
 0.05263158 0.         0.         0.         0.         0.
 0.05714286 0.         0.         0.38095238 0.         0.04545455
 0.         0.         0.52941176 0.1        0.         0.6875
 0.05555556 0.         0.         0.         0.         0.
 0.         0.46428571 0.         0.42857143 0.         0.2
 0.04761905 0.17647059 0.         0.         0.0952381  0.
 0.         0.         0.11111111 0.         0.2        0.
 0.         0.10526316 0.         0.94444444 0.         0.16
 0.         0.         0.         0.05       0.47058824 0.95121951
 0.         0.05263158 0.         0.         0.         0.04761905
 0.         0.05882353 0.05       0.6        1.         0.
 1.         0.15789474 0.         0.        ]
,[0.0952381  0.4        0.20689655 0.06153846 0.52631579 0.
 0.         0.1010101  0.         0.         0.33566434 0.40559441
 0.         0.         0.14285714 0.         0.         0.11764706
 0.14814815 0.11111111 0.15584416 0.17391304 0.         0.
 0.         0.         0.09090909 0.         0.         0.
 0.         0.24       0.09090909 0.18181818 0.         0.16
 0.22222222 0.         0.         0.         0.         0.
 0.         0.         0.         0.65454545 0.         0.
 0.08695652 0.         0.         0.33333333 0.10526316 0.
 0.18181818 0.         0.         0.         0.         0.
 0.09090909 0.52173913 0.         0.05       0.         0.11111111
 0.         0.23076923 0.         0.         0.         0.
 0.         0.         0.         0.         0.27272727 0.
 0.42857143 0.07692308 0.16666667 0.31578947 0.         0.
 0.         0.         0.1        0.         0.16       0.43113772
 0.1        0.44970414 0.1875     0.         0.         0.22134387
 0.         0.         0.         0.         0.46666667 0.
 0.2962963  0.         0.25157233 0.         0.10526316 0.
 0.         0.3        0.         0.3        0.         0.
 0.         0.         0.         0.08695652 0.07407407 0.11764706
 0.21052632 0.         0.08333333 0.         0.         0.22818792
 0.58823529 0.07692308 0.62608696 0.34782609 0.         0.26804124
 0.64       0.06896552 0.         0.         0.48387097 0.15120275
 0.         0.         0.         0.375      0.45783133 0.
 0.33719705 0.         0.0974026  0.09836066 0.         0.
 0.         0.         0.16       0.16666667 0.1        0.
 0.         0.20408163 0.26950355 0.         0.         0.
 0.         0.25       0.         0.18181818 0.         0.58823529
 0.         0.         0.         0.         0.08695652 0.
 0.         0.08695652 0.         0.         0.         0.
 0.         0.         0.         0.11111111 0.         0.36363636
 0.1        0.         0.         0.         0.         0.
 0.06896552 0.         0.         0.3902439  0.         0.08333333
 0.         0.         0.69230769 0.17391304 0.         0.73333333
 0.10526316 0.         0.         0.         0.         0.
 0.         0.39393939 0.         0.4        0.         0.33333333
 0.09090909 0.28571429 0.         0.         0.15384615 0.
 0.         0.         0.2        0.         0.26666667 0.
 0.         0.19047619 0.         0.3767313  0.         0.26666667
 0.         0.         0.         0.0952381  0.61538462 0.4171123
 0.         0.08695652 0.         0.         0.         0.09090909
 0.         0.11111111 0.08333333 0.75       0.25416998 0.
 0.57615894 0.27272727 0.         0.        ]
