mACC, mP, mR, mF1, ACC, P, R, F1
0.5880118890356671,0.5870078506215153,0.543556810399537,0.5339159105603425
,[  5  15  23  16  23   0   1  32  11  12  51  40  15  15  23  13  13  14
  17  11  19  15   0  18   4   0   0   2  10   0   9  18  16  19  13  17
  14   7   0  19  16   4  15   7   0  23  12  13  14  18  14   9   5  20
  14   9  17  12   0   6   4  16  19  25  18  14   4  14   3   9  10  23
  14   0   5  14  17  12   3  15  10  12   9   6   3   9  12  13  20  41
  14  13  18  21   0  44  11  15   7  16  25   1  11  16  45   6  15   6
  24  14  15  10  18  15   0  19  10  15   0  17  13   5  22   3   0  12
  17   7  38  15  14  28  23  15   0   5  24  29   0  14   4  15  23   8
 157   3  29  19   0  20   0  18   6  12   9   0  16  23  14   0  20   0
   5  19   7  16   0  26  10   3   1  18   0  12  13  17  11  18  16  10
   3  22  15  16   0  16  12  10  17  16   0   0  25  21   0  19   8   9
   3  10  17   7   1  15  10   9  12  18   0  17   5  24  15  25   1  16
  19  11   3  10  17   0   0  19   4   0  16   9   5  18  16  67   2  12
  15   6  17  16  10  39   0   9   6   0   0  12   2  11  10  20 157  24
  55  13  19   3]
,[0.71428571 0.78947368 0.79310345 0.29090909 0.92       0.
 0.125      0.22068966 0.61111111 0.6        0.80952381 0.66666667
 0.34090909 0.78947368 0.6969697  0.8125     0.65       0.7
 0.94444444 1.         0.43181818 0.68181818 0.         0.39130435
 0.21052632 0.         0.         0.0952381  0.66666667 0.
 0.9        0.85714286 0.45714286 0.95       0.61904762 0.80952381
 0.56       1.         0.         1.         0.37209302 0.8
 0.65217391 0.31818182 0.         0.6969697  0.92307692 0.56521739
 0.93333333 0.5625     0.7        0.52941176 0.45454545 0.8
 0.77777778 0.81818182 0.4047619  0.70588235 0.         0.75
 0.08510638 1.         0.67857143 0.86206897 0.85714286 0.93333333
 0.18181818 0.77777778 0.42857143 0.36       0.71428571 0.74193548
 0.66666667 0.         0.45454545 0.73684211 0.80952381 0.63157895
 0.27272727 0.40540541 0.71428571 0.28571429 0.32142857 0.5
 1.         0.9        1.         0.65       0.54054054 0.67213115
 0.77777778 0.65       0.9        0.67741935 0.         0.28571429
 0.39285714 1.         0.63636364 0.72727273 0.55555556 0.5
 0.91666667 0.48484848 0.40909091 0.75       0.88235294 0.11111111
 0.66666667 0.82352941 0.9375     0.71428571 1.         0.9375
 0.         0.7037037  0.5        0.6        0.         0.73913043
 0.92857143 0.38461538 0.88       0.75       0.         0.32432432
 0.48571429 0.58333333 0.97435897 0.78947368 0.875      0.82352941
 0.56097561 0.88235294 0.         1.         0.8        0.453125
 0.         0.4516129  0.5        0.78947368 0.575      0.53333333
 0.8134715  0.6        0.38666667 0.67857143 0.         0.68965517
 0.         0.9        1.         0.70588235 0.9        0.
 0.4        1.         0.1627907  0.         0.71428571 0.
 0.41666667 0.79166667 0.25       0.69565217 0.         0.66666667
 0.625      0.75       0.2        0.46153846 0.         0.85714286
 0.92857143 0.89473684 0.84615385 0.7826087  0.76190476 0.34482759
 0.75       1.         0.5        0.4        0.         0.8
 0.5        0.71428571 0.89473684 0.94117647 0.         0.
 0.92592593 0.7        0.         0.7037037  0.66666667 0.69230769
 0.375      0.66666667 1.         0.77777778 1.         0.71428571
 0.5        0.75       0.75       0.9        0.         0.47222222
 0.71428571 0.82758621 0.65217391 0.92592593 1.         0.88888889
 0.73076923 0.78571429 1.         0.58823529 0.94444444 0.
 0.         0.52777778 0.66666667 0.         0.76190476 0.9
 0.33333333 1.         0.51612903 0.46527778 0.06896552 0.63157895
 0.78947368 0.54545455 0.80952381 0.88888889 0.90909091 0.76470588
 0.         0.75       1.         0.         0.         0.70588235
 0.2        0.47826087 0.3125     0.95238095 0.80102041 0.92307692
 0.70512821 0.68421053 0.38       0.75      ]
,[0.25       0.75       0.74193548 0.61538462 0.76666667 0.
 0.04545455 0.68085106 0.52380952 0.63157895 0.91071429 0.90909091
 0.75       0.83333333 0.92       0.68421053 0.61904762 0.66666667
 0.68       0.64705882 0.65517241 0.75       0.         0.7826087
 0.17391304 0.         0.         0.09090909 0.47619048 0.
 0.5        0.85714286 0.76190476 0.95       0.72222222 0.77272727
 0.58333333 0.31818182 0.         0.76       0.88888889 0.22222222
 0.6        0.28       0.         0.85185185 0.63157895 0.61904762
 0.63636364 0.9        0.60869565 0.52941176 0.29411765 0.83333333
 0.7        0.42857143 0.77272727 0.63157895 0.         0.33333333
 0.19047619 0.94117647 0.76       0.92592593 0.85714286 0.82352941
 0.23529412 0.63636364 0.15       0.52941176 0.5        0.95833333
 0.7        0.         0.29411765 0.82352941 0.89473684 0.66666667
 0.15       0.625      0.52631579 0.70588235 0.47368421 0.35294118
 0.13043478 0.5625     0.63157895 0.65       0.90909091 0.95348837
 0.73684211 0.31707317 0.7826087  1.         0.         0.77192982
 0.61111111 0.75       0.4375     0.84210526 0.89285714 0.05555556
 0.47826087 0.8        0.83333333 0.33333333 0.83333333 0.35294118
 0.75       0.82352941 0.88235294 0.58823529 0.75       0.625
 0.         0.86363636 0.4        0.68181818 0.         0.65384615
 0.76470588 0.23809524 0.95652174 0.15789474 0.         0.24489796
 0.65384615 0.33333333 1.         0.78947368 0.73684211 0.73684211
 0.82142857 0.625      0.         0.26315789 0.75       0.74358974
 0.         0.77777778 0.16666667 0.68181818 0.88461538 0.47058824
 0.98125    0.17647059 0.70731707 0.54285714 0.         0.86956522
 0.         0.75       0.31578947 0.57142857 0.47368421 0.
 0.76190476 0.76666667 0.33333333 0.         0.95238095 0.
 0.27777778 0.9047619  0.38888889 0.84210526 0.         0.92857143
 0.52631579 0.14285714 0.05882353 0.9        0.         0.70588235
 0.76470588 0.77272727 0.55       0.9        1.         0.47619048
 0.15       0.91666667 0.75       0.94117647 0.         0.94117647
 0.63157895 0.55555556 0.70833333 0.69565217 0.         0.
 0.71428571 0.91304348 0.         0.9047619  0.4        0.40909091
 0.14285714 0.5        1.         0.35       0.05263158 0.9375
 0.55555556 0.45       0.52173913 0.81818182 0.         0.73913043
 0.26315789 0.85714286 0.71428571 0.89285714 0.05882353 0.8
 0.9047619  0.64705882 0.17647059 0.52631579 0.80952381 0.
 0.         0.86363636 0.22222222 0.         0.53333333 0.47368421
 0.26315789 0.94736842 0.69565217 0.93055556 0.1        0.48
 0.65217391 0.3        0.94444444 0.8        0.58823529 0.95121951
 0.         0.47368421 0.33333333 0.         0.         0.57142857
 0.10526316 0.64705882 0.5        1.         0.98125    1.
 0.63218391 0.68421053 0.9047619  0.13636364]
,[0.37037037 0.76923077 0.76666667 0.39506173 0.83636364 0.
 0.06666667 0.33333333 0.56410256 0.61538462 0.85714286 0.76923077
 0.46875    0.81081081 0.79310345 0.74285714 0.63414634 0.68292683
 0.79069767 0.78571429 0.52054795 0.71428571 0.         0.52173913
 0.19047619 0.         0.         0.09302326 0.55555556 0.
 0.64285714 0.85714286 0.57142857 0.95       0.66666667 0.79069767
 0.57142857 0.48275862 0.         0.86363636 0.52459016 0.34782609
 0.625      0.29787234 0.         0.76666667 0.75       0.59090909
 0.75675676 0.69230769 0.65116279 0.52941176 0.35714286 0.81632653
 0.73684211 0.5625     0.53125    0.66666667 0.         0.46153846
 0.11764706 0.96969697 0.71698113 0.89285714 0.85714286 0.875
 0.20512821 0.7        0.22222222 0.42857143 0.58823529 0.83636364
 0.68292683 0.         0.35714286 0.77777778 0.85       0.64864865
 0.19354839 0.49180328 0.60606061 0.40677966 0.38297872 0.4137931
 0.23076923 0.69230769 0.77419355 0.65       0.6779661  0.78846154
 0.75675676 0.42622951 0.8372093  0.80769231 0.         0.41706161
 0.47826087 0.85714286 0.51851852 0.7804878  0.68493151 0.1
 0.62857143 0.60377358 0.54878049 0.46153846 0.85714286 0.16901408
 0.70588235 0.82352941 0.90909091 0.64516129 0.85714286 0.75
 0.         0.7755102  0.44444444 0.63829787 0.         0.69387755
 0.83870968 0.29411765 0.91666667 0.26086957 0.         0.27906977
 0.55737705 0.42424242 0.98701299 0.78947368 0.8        0.77777778
 0.66666667 0.73170732 0.         0.41666667 0.77419355 0.5631068
 0.         0.57142857 0.25       0.73170732 0.6969697  0.5
 0.88951841 0.27272727 0.5        0.6031746  0.         0.76923077
 0.         0.81818182 0.48       0.63157895 0.62068966 0.
 0.52459016 0.86792453 0.21875    0.         0.81632653 0.
 0.33333333 0.84444444 0.30434783 0.76190476 0.         0.7761194
 0.57142857 0.24       0.09090909 0.61016949 0.         0.77419355
 0.83870968 0.82926829 0.66666667 0.8372093  0.86486486 0.4
 0.25       0.95652174 0.6        0.56140351 0.         0.86486486
 0.55813953 0.625      0.79069767 0.8        0.         0.
 0.80645161 0.79245283 0.         0.79166667 0.5        0.51428571
 0.20689655 0.57142857 1.         0.48275862 0.1        0.81081081
 0.52631579 0.5625     0.61538462 0.85714286 0.         0.57627119
 0.38461538 0.84210526 0.68181818 0.90909091 0.11111111 0.84210526
 0.80851064 0.70967742 0.3        0.55555556 0.87179487 0.
 0.         0.65517241 0.33333333 0.         0.62745098 0.62068966
 0.29411765 0.97297297 0.59259259 0.62037037 0.08163265 0.54545455
 0.71428571 0.38709677 0.87179487 0.84210526 0.71428571 0.84782609
 0.         0.58064516 0.5        0.         0.         0.63157895
 0.13793103 0.55       0.38461538 0.97560976 0.88202247 0.96
 0.66666667 0.68421053 0.53521127 0.23076923]
