mACC, mP, mR, mF1, ACC, P, R, F1
0.7613936591809776,0.7705666574987171,0.7307547588330172,0.7332120465607445
,[ 17  15  24   7  26  11  13  42  14  17  55  42  14  13  23  14  11  14
  19  15  26  17  21  19  10   8  17  16  17   6   9  20  11  18   8  20
  21  14   3  23  15   4  19  25   8  25  12  10  20  13  20  12  17  21
  12  17  16  10   0   7  11  17  20  23  17  14  15  13  11   5  11  22
  17  13   9  15  17  12   2  15  14   8  13  16  19  14  13  14  18  40
  17  39  19  20  14  42  15  17  15  18  26  13  23  17  44   9  15   6
  23  13  12   8  19  22   7  22  16  16   4  20  17  13  23  15   6  27
  25  18  38  16  13  37  23  17   5  13  27  35  15  16  21  16  23  10
 160   9  32  27  12  18  21  24  14  19   6   7  21  27  27  14  18  16
   5  20  10  15   8  28  13  18  12  18   3  14  14  16  17  19  16  11
  18  23  18  13  11  16  14   6  20  18   8  20  29  16   1  21   8  15
  10  17  17  16  12  15  10  16  15  20   7  18   7  24  16  27  13  15
  20  13   3  14  19  12   6  16  18  16  27  17   9  19  17  68   7  23
  18  12  17  17  10  40  13  15   7  12   7  14  12  12   9  20 155  24
  87  16  13  17]
,[0.77272727 0.88235294 0.75       0.7        0.83870968 0.78571429
 1.         0.64615385 0.93333333 0.65384615 0.75342466 0.89361702
 0.82352941 1.         0.62162162 0.73684211 0.6875     0.77777778
 0.86363636 0.88235294 0.60465116 0.70833333 0.72413793 0.79166667
 0.47619048 0.8        0.85       0.84210526 0.85       0.42857143
 0.9        0.66666667 0.6875     1.         0.5        0.90909091
 0.91304348 0.93333333 0.42857143 0.76666667 0.9375     0.8
 0.67857143 0.625      0.8        0.83333333 0.92307692 0.90909091
 0.83333333 0.92857143 0.5        0.8        0.68       0.875
 0.85714286 0.65384615 0.84210526 0.625      0.         0.77777778
 0.64705882 0.77272727 0.86956522 0.95833333 1.         0.93333333
 0.9375     0.72222222 0.5        0.45454545 0.84615385 0.84615385
 0.70833333 0.92857143 0.64285714 0.83333333 1.         0.8
 0.5        0.48387097 0.93333333 1.         1.         0.8
 0.73076923 0.82352941 0.86666667 0.93333333 0.6        0.81632653
 1.         0.76470588 1.         1.         0.82352941 0.80769231
 0.9375     1.         0.71428571 0.85714286 0.72222222 0.61904762
 0.82142857 0.73913043 0.54320988 0.9        1.         0.6
 0.82142857 0.92857143 1.         1.         0.95       0.84615385
 0.7        0.78571429 0.66666667 0.72727273 0.66666667 0.95238095
 0.85       0.52       0.95833333 0.83333333 0.26086957 0.48214286
 0.83333333 0.64285714 1.         0.76190476 0.72222222 0.78723404
 0.76666667 0.85       0.71428571 0.72222222 1.         0.77777778
 0.83333333 0.88888889 0.56756757 1.         0.65714286 0.625
 0.94674556 0.75       0.8        0.57446809 0.63157895 0.81818182
 0.95454545 0.75       0.93333333 0.79166667 0.54545455 0.63636364
 0.84       0.87096774 0.31395349 0.73684211 0.7826087  0.51612903
 0.41666667 0.90909091 0.66666667 0.78947368 0.72727273 0.96551724
 0.56521739 0.62068966 0.70588235 1.         0.75       0.875
 0.875      0.84210526 0.77272727 1.         0.66666667 0.5
 0.6        0.95833333 0.6        0.68421053 0.39285714 1.
 0.77777778 0.66666667 0.95238095 0.64285714 0.38095238 0.76923077
 0.93548387 0.64       0.5        0.91304348 0.88888889 1.
 0.38461538 0.36956522 0.89473684 0.76190476 0.70588235 1.
 0.90909091 0.57142857 1.         0.71428571 0.4375     0.75
 0.4375     0.88888889 1.         0.81818182 0.92857143 0.9375
 0.86956522 0.92857143 1.         0.82352941 0.76       0.8
 0.85714286 0.69565217 1.         0.84210526 0.87096774 0.60714286
 0.75       0.9047619  0.62962963 0.77272727 0.36842105 0.63888889
 0.9        0.66666667 0.77272727 0.73913043 0.83333333 0.95238095
 0.61904762 0.9375     0.77777778 0.63157895 0.63636364 0.63636364
 0.70588235 0.8        0.42857143 0.95238095 0.82887701 0.96
 0.89690722 0.94117647 0.56521739 0.80952381]
,[0.85       0.75       0.77419355 0.26923077 0.86666667 0.61111111
 0.59090909 0.89361702 0.66666667 0.89473684 0.98214286 0.95454545
 0.7        0.72222222 0.92       0.73684211 0.52380952 0.66666667
 0.76       0.88235294 0.89655172 0.85       0.95454545 0.82608696
 0.43478261 0.36363636 0.85       0.72727273 0.80952381 0.28571429
 0.5        0.95238095 0.52380952 0.9        0.44444444 0.90909091
 0.875      0.63636364 0.17647059 0.92       0.83333333 0.22222222
 0.76       1.         0.47058824 0.92592593 0.63157895 0.47619048
 0.90909091 0.65       0.86956522 0.70588235 1.         0.875
 0.6        0.80952381 0.72727273 0.52631579 0.         0.38888889
 0.52380952 1.         0.8        0.85185185 0.80952381 0.82352941
 0.88235294 0.59090909 0.55       0.29411765 0.55       0.91666667
 0.85       0.56521739 0.52941176 0.88235294 0.89473684 0.66666667
 0.1        0.625      0.73684211 0.47058824 0.68421053 0.94117647
 0.82608696 0.875      0.68421053 0.7        0.81818182 0.93023256
 0.89473684 0.95121951 0.82608696 0.95238095 0.77777778 0.73684211
 0.83333333 0.85       0.9375     0.94736842 0.92857143 0.72222222
 1.         0.85       0.81481481 0.5        0.83333333 0.35294118
 0.71875    0.76470588 0.70588235 0.47058824 0.79166667 0.91666667
 0.38888889 1.         0.64       0.72727273 0.22222222 0.76923077
 1.         0.61904762 1.         0.78947368 0.28571429 0.55102041
 0.96153846 0.85714286 1.         0.84210526 0.68421053 0.97368421
 0.82142857 0.70833333 0.26315789 0.68421053 0.84375    0.8974359
 0.83333333 0.88888889 0.875      0.72727273 0.88461538 0.58823529
 1.         0.52941176 0.7804878  0.77142857 0.57142857 0.7826087
 0.95454545 1.         0.73684211 0.9047619  0.31578947 0.35
 1.         0.9        0.64285714 0.82352941 0.85714286 0.84210526
 0.27777778 0.95238095 0.55555556 0.78947368 0.44444444 1.
 0.68421053 0.85714286 0.70588235 0.9        0.13636364 0.82352941
 0.82352941 0.72727273 0.85       0.95       1.         0.52380952
 0.9        0.95833333 0.9        0.76470588 0.52380952 0.94117647
 0.73684211 0.33333333 0.83333333 0.7826087  0.34782609 0.86956522
 0.82857143 0.69565217 0.05555556 1.         0.4        0.68181818
 0.47619048 0.85       1.         0.8        0.63157895 0.9375
 0.55555556 0.8        0.65217391 0.90909091 0.33333333 0.7826087
 0.36842105 0.85714286 0.76190476 0.96428571 0.76470588 0.75
 0.95238095 0.76470588 0.17647059 0.73684211 0.9047619  0.63157895
 0.375      0.72727273 1.         0.8        0.9        0.89473684
 0.47368421 1.         0.73913043 0.94444444 0.35       0.92
 0.7826087  0.6        0.94444444 0.85       0.58823529 0.97560976
 0.68421053 0.78947368 0.38888889 0.63157895 0.36842105 0.66666667
 0.63157895 0.70588235 0.45       1.         0.96875    1.
 1.         0.84210526 0.61904762 0.77272727]
,[0.80952381 0.81081081 0.76190476 0.38888889 0.85245902 0.6875
 0.74285714 0.75       0.77777778 0.75555556 0.85271318 0.92307692
 0.75675676 0.83870968 0.74193548 0.73684211 0.59459459 0.71794872
 0.80851064 0.88235294 0.72222222 0.77272727 0.82352941 0.80851064
 0.45454545 0.5        0.85       0.7804878  0.82926829 0.34285714
 0.64285714 0.78431373 0.59459459 0.94736842 0.47058824 0.90909091
 0.89361702 0.75675676 0.25       0.83636364 0.88235294 0.34782609
 0.71698113 0.76923077 0.59259259 0.87719298 0.75       0.625
 0.86956522 0.76470588 0.63492063 0.75       0.80952381 0.875
 0.70588235 0.72340426 0.7804878  0.57142857 0.         0.51851852
 0.57894737 0.87179487 0.83333333 0.90196078 0.89473684 0.875
 0.90909091 0.65       0.52380952 0.35714286 0.66666667 0.88
 0.77272727 0.7027027  0.58064516 0.85714286 0.94444444 0.72727273
 0.16666667 0.54545455 0.82352941 0.64       0.8125     0.86486486
 0.7755102  0.84848485 0.76470588 0.8        0.69230769 0.86956522
 0.94444444 0.84782609 0.9047619  0.97560976 0.8        0.7706422
 0.88235294 0.91891892 0.81081081 0.9        0.8125     0.66666667
 0.90196078 0.79069767 0.65185185 0.64285714 0.90909091 0.44444444
 0.76666667 0.83870968 0.82758621 0.64       0.86363636 0.88
 0.5        0.88       0.65306122 0.72727273 0.33333333 0.85106383
 0.91891892 0.56521739 0.9787234  0.81081081 0.27272727 0.51428571
 0.89285714 0.73469388 1.         0.8        0.7027027  0.87058824
 0.79310345 0.77272727 0.38461538 0.7027027  0.91525424 0.83333333
 0.83333333 0.88888889 0.68852459 0.84210526 0.75409836 0.60606061
 0.97264438 0.62068966 0.79012346 0.65853659 0.6        0.8
 0.95454545 0.85714286 0.82352941 0.84444444 0.4        0.4516129
 0.91304348 0.8852459  0.421875   0.77777778 0.81818182 0.64
 0.33333333 0.93023256 0.60606061 0.78947368 0.55172414 0.98245614
 0.61904762 0.72       0.70588235 0.94736842 0.23076923 0.84848485
 0.84848485 0.7804878  0.80952381 0.97435897 0.8        0.51162791
 0.72       0.95833333 0.72       0.72222222 0.44897959 0.96969697
 0.75675676 0.44444444 0.88888889 0.70588235 0.36363636 0.81632653
 0.87878788 0.66666667 0.1        0.95454545 0.55172414 0.81081081
 0.42553191 0.51515152 0.94444444 0.7804878  0.66666667 0.96774194
 0.68965517 0.66666667 0.78947368 0.8        0.37837838 0.76595745
 0.4        0.87272727 0.86486486 0.8852459  0.83870968 0.83333333
 0.90909091 0.83870968 0.3        0.77777778 0.82608696 0.70588235
 0.52173913 0.71111111 1.         0.82051282 0.8852459  0.72340426
 0.58064516 0.95       0.68       0.85       0.35897436 0.75409836
 0.8372093  0.63157895 0.85       0.79069767 0.68965517 0.96385542
 0.65       0.85714286 0.51851852 0.63157895 0.46666667 0.65116279
 0.66666667 0.75       0.43902439 0.97560976 0.89337176 0.97959184
 0.94565217 0.88888889 0.59090909 0.79069767]
