mACC, mP, mR, mF1, ACC, P, R, F1
0.7462021136063408,0.7655198589367627,0.715005968696765,0.7168244142218377
,[ 17  17  27  19  25   9  13  37  14  14  56  41  15  17  21   9   7  15
  19  16  26  17  20  17   4  11  16  16  16   6  10  18  13  20  11  20
  21  12   2  23  16  10  20  22  10  23  12  15  21  15  19  13  17  22
  13  15  18   8   0   3   9  17  21  24  19  13  14  17   2   6  11  23
  17   8   5  15  17   8  15   9  12  10  15  16  19  15  13  14  19  39
  15  39  18  21  13  45  11  17  15  16  25   6  21  17  44  12  17   5
  23  15  14  15  18  20   5  20  21  19   2  18  15   6  21  17   2  18
  25  11  38  18  15  36  25  12   7  14  32  34  13  15  17  18  23   7
 160   8  31  23  15  18  22  22  14  19  10  11  21  26  16  12  18   9
   3  19   7  16  10  27  11  17   9  18   6  12  14  19  15  18  15  10
  17  22  16  15   1  16  16   8  21  19   5  16  28  19   0  21   8  13
  13  12  17  15   8  15  13  18  18  17   6  18   7  23  16  27  14  16
  13  10   6  14  21  12   0  12  17  15  27  16   8  18  18  70   5  20
  17  14  16  19  11  38  14  16  10  12  11  13   9  12   6  20 159  24
  87  12  18  17]
,[0.62962963 0.85       0.65853659 0.43181818 0.96153846 0.81818182
 0.59090909 0.86046512 1.         0.93333333 0.75675676 0.78846154
 0.83333333 0.77272727 0.72413793 0.69230769 0.7        0.83333333
 0.86363636 0.84210526 0.78787879 0.65384615 0.86956522 0.77272727
 0.57142857 0.55       1.         0.8        0.8        0.3
 0.76923077 0.7826087  0.76470588 1.         0.73333333 0.86956522
 0.75       0.92307692 0.66666667 0.95833333 0.84210526 0.66666667
 0.68965517 0.70967742 0.625      0.82142857 0.63157895 0.71428571
 0.875      0.88235294 0.59375    0.52       0.77272727 0.73333333
 1.         0.75       0.85714286 0.47058824 0.         1.
 0.45       0.85       0.61764706 0.82758621 0.82608696 1.
 0.73684211 0.73913043 1.         0.85714286 0.78571429 0.71875
 0.85       0.72727273 0.625      1.         0.94444444 0.88888889
 0.55555556 0.9        0.75       0.90909091 0.88235294 0.61538462
 0.7037037  1.         0.8125     0.77777778 0.63333333 0.79591837
 0.9375     0.78       0.94736842 0.91304348 0.86666667 0.38793103
 0.91666667 0.94444444 0.78947368 0.76190476 0.71428571 1.
 0.875      0.5862069  0.50574713 0.85714286 0.89473684 0.83333333
 0.95833333 0.9375     1.         1.         0.94736842 0.90909091
 0.5        0.90909091 0.72413793 0.73076923 1.         0.7826087
 0.88235294 0.66666667 1.         0.89473684 1.         0.62068966
 0.69444444 0.78571429 0.97435897 0.54545455 0.9375     0.85714286
 0.80645161 1.         0.46666667 0.875      0.76190476 0.72340426
 0.59090909 0.88235294 0.77272727 0.81818182 0.58974359 0.875
 0.9039548  0.44444444 0.775      0.88461538 0.65217391 0.75
 1.         1.         0.93333333 0.7037037  0.90909091 0.61111111
 0.77777778 0.89655172 0.23529412 0.85714286 0.64285714 0.9
 0.5        0.82608696 1.         0.66666667 0.76923077 0.93103448
 0.84615385 0.77272727 0.52941176 0.81818182 0.6        0.8
 0.875      0.63333333 0.71428571 0.9        0.71428571 0.55555556
 0.89473684 0.95652174 0.72727273 0.46875    0.25       0.94117647
 0.59259259 0.44444444 1.         0.79166667 0.83333333 0.84210526
 0.82352941 0.67857143 0.         0.75       0.53333333 0.92857143
 0.52       0.33333333 0.85       0.75       0.38095238 0.88235294
 0.61904762 0.5625     0.81818182 0.94444444 0.75       0.52941176
 0.875      0.95833333 0.84210526 0.9        0.82352941 0.88888889
 0.61904762 0.83333333 0.85714286 0.875      0.875      0.92307692
 0.         0.66666667 0.94444444 0.88235294 0.75       0.84210526
 0.72727273 0.85714286 0.64285714 0.63636364 0.35714286 0.5
 0.89473684 0.875      0.88888889 0.57575758 1.         0.86363636
 0.73684211 0.94117647 0.90909091 0.85714286 0.84615385 0.76470588
 0.69230769 0.85714286 0.54545455 0.90909091 0.79104478 0.82758621
 0.63970588 0.85714286 0.48648649 0.68      ]
,[0.85       0.85       0.87096774 0.73076923 0.83333333 0.5
 0.59090909 0.78723404 0.66666667 0.73684211 1.         0.93181818
 0.75       0.94444444 0.84       0.47368421 0.33333333 0.71428571
 0.76       0.94117647 0.89655172 0.85       0.90909091 0.73913043
 0.17391304 0.5        0.8        0.72727273 0.76190476 0.28571429
 0.55555556 0.85714286 0.61904762 1.         0.61111111 0.90909091
 0.875      0.54545455 0.11764706 0.92       0.88888889 0.55555556
 0.8        0.88       0.58823529 0.85185185 0.63157895 0.71428571
 0.95454545 0.75       0.82608696 0.76470588 1.         0.91666667
 0.65       0.71428571 0.81818182 0.42105263 0.         0.16666667
 0.42857143 1.         0.84       0.88888889 0.9047619  0.76470588
 0.82352941 0.77272727 0.1        0.35294118 0.55       0.95833333
 0.85       0.34782609 0.29411765 0.88235294 0.89473684 0.44444444
 0.75       0.375      0.63157895 0.58823529 0.78947368 0.94117647
 0.82608696 0.9375     0.68421053 0.7        0.86363636 0.90697674
 0.78947368 0.95121951 0.7826087  1.         0.72222222 0.78947368
 0.61111111 0.85       0.9375     0.84210526 0.89285714 0.33333333
 0.91304348 0.85       0.81481481 0.66666667 0.94444444 0.29411765
 0.71875    0.88235294 0.82352941 0.88235294 0.75       0.83333333
 0.27777778 0.90909091 0.84       0.86363636 0.11111111 0.69230769
 0.88235294 0.28571429 0.91304348 0.89473684 0.0952381  0.36734694
 0.96153846 0.52380952 1.         0.94736842 0.78947368 0.94736842
 0.89285714 0.5        0.36842105 0.73684211 1.         0.87179487
 0.72222222 0.83333333 0.70833333 0.81818182 0.88461538 0.41176471
 1.         0.47058824 0.75609756 0.65714286 0.71428571 0.7826087
 1.         0.91666667 0.73684211 0.9047619  0.52631579 0.55
 1.         0.86666667 0.38095238 0.70588235 0.85714286 0.47368421
 0.16666667 0.9047619  0.38888889 0.84210526 0.55555556 0.96428571
 0.57894737 0.80952381 0.52941176 0.9        0.27272727 0.70588235
 0.82352941 0.86363636 0.75       0.9        0.9375     0.47619048
 0.85       0.91666667 0.8        0.88235294 0.04761905 0.94117647
 0.84210526 0.44444444 0.875      0.82608696 0.2173913  0.69565217
 0.8        0.82608696 0.         1.         0.4        0.59090909
 0.61904762 0.6        1.         0.75       0.42105263 0.9375
 0.72222222 0.9        0.7826087  0.77272727 0.28571429 0.7826087
 0.36842105 0.82142857 0.76190476 0.96428571 0.82352941 0.8
 0.61904762 0.58823529 0.35294118 0.73684211 1.         0.63157895
 0.         0.54545455 0.94444444 0.75       0.9        0.84210526
 0.42105263 0.94736842 0.7826087  0.97222222 0.25       0.8
 0.73913043 0.7        0.88888889 0.95       0.64705882 0.92682927
 0.73684211 0.84210526 0.55555556 0.63157895 0.57894737 0.61904762
 0.47368421 0.70588235 0.3        1.         0.99375    1.
 1.         0.63157895 0.85714286 0.77272727]
,[0.72340426 0.85       0.75       0.54285714 0.89285714 0.62068966
 0.59090909 0.82222222 0.8        0.82352941 0.86153846 0.85416667
 0.78947368 0.85       0.77777778 0.5625     0.4516129  0.76923077
 0.80851064 0.88888889 0.83870968 0.73913043 0.88888889 0.75555556
 0.26666667 0.52380952 0.88888889 0.76190476 0.7804878  0.29268293
 0.64516129 0.81818182 0.68421053 1.         0.66666667 0.88888889
 0.80769231 0.68571429 0.2        0.93877551 0.86486486 0.60606061
 0.74074074 0.78571429 0.60606061 0.83636364 0.63157895 0.71428571
 0.91304348 0.81081081 0.69090909 0.61904762 0.87179487 0.81481481
 0.78787879 0.73170732 0.8372093  0.44444444 0.         0.28571429
 0.43902439 0.91891892 0.71186441 0.85714286 0.86363636 0.86666667
 0.77777778 0.75555556 0.18181818 0.5        0.64705882 0.82142857
 0.85       0.47058824 0.4        0.9375     0.91891892 0.59259259
 0.63829787 0.52941176 0.68571429 0.71428571 0.83333333 0.74418605
 0.76       0.96774194 0.74285714 0.73684211 0.73076923 0.84782609
 0.85714286 0.85714286 0.85714286 0.95454545 0.78787879 0.52023121
 0.73333333 0.89473684 0.85714286 0.8        0.79365079 0.5
 0.89361702 0.69387755 0.62411348 0.75       0.91891892 0.43478261
 0.82142857 0.90909091 0.90322581 0.9375     0.8372093  0.86956522
 0.35714286 0.90909091 0.77777778 0.79166667 0.2        0.73469388
 0.88235294 0.4        0.95454545 0.89473684 0.17391304 0.46153846
 0.80645161 0.62857143 0.98701299 0.69230769 0.85714286 0.9
 0.84745763 0.66666667 0.41176471 0.8        0.86486486 0.79069767
 0.65       0.85714286 0.73913043 0.81818182 0.70769231 0.56
 0.9495549  0.45714286 0.7654321  0.75409836 0.68181818 0.76595745
 1.         0.95652174 0.82352941 0.79166667 0.66666667 0.57894737
 0.875      0.88135593 0.29090909 0.77419355 0.73469388 0.62068966
 0.25       0.86363636 0.56       0.74418605 0.64516129 0.94736842
 0.6875     0.79069767 0.52941176 0.85714286 0.375      0.75
 0.84848485 0.73076923 0.73170732 0.9        0.81081081 0.51282051
 0.87179487 0.93617021 0.76190476 0.6122449  0.08       0.94117647
 0.69565217 0.44444444 0.93333333 0.80851064 0.34482759 0.76190476
 0.8115942  0.74509804 0.         0.85714286 0.45714286 0.72222222
 0.56521739 0.42857143 0.91891892 0.75       0.4        0.90909091
 0.66666667 0.69230769 0.8        0.85       0.4137931  0.63157895
 0.51851852 0.88461538 0.8        0.93103448 0.82352941 0.84210526
 0.61904762 0.68965517 0.5        0.8        0.93333333 0.75
 0.         0.6        0.94444444 0.81081081 0.81818182 0.84210526
 0.53333333 0.9        0.70588235 0.76923077 0.29411765 0.61538462
 0.80952381 0.77777778 0.88888889 0.71698113 0.78571429 0.89411765
 0.73684211 0.88888889 0.68965517 0.72727273 0.6875     0.68421053
 0.5625     0.77419355 0.38709677 0.95238095 0.88088643 0.90566038
 0.78026906 0.72727273 0.62068966 0.72340426]
