mACC, mP, mR, mF1, ACC, P, R, F1
0.5255944517833554,0.5625201227575061,0.46111302760679107,0.46747071751018443
,[ 10  12  18   4  24   0   1  35  11   8  49  38   1   8  18   5  14   7
  14   8  22   8  17   7   8   3  14   2  11   2   6  15   9  18   5  14
  11   2   1  17   9   2  16  19   1  21   0   4  19   4   9   6  11   8
   6  13  17   1   1   0   2  16  15  15   9   8   9  16   4   1   3  18
  13   4   6   9  14   7   4   4   6   8   1   4   4   6   9   1  12  40
  14  39  14  20   5  34   2  14   6  12  21   0  21  11  48   3   9   3
  16   9   2   6  14  14   2  13  17  14   2  12   8   8  20   1   1  26
  24   7  38  14   8  21  23   3   0   3  26  29   3   9  11  12  21   6
 160   3  26  25   3  14   6  17  12  14   1   3  19  17  30   4  15   7
   0  16   0   9   3  24   5  18   6   6   3  10   6  10  13  18  10   3
  10  15  13  12   3  14   3   6  13   5  10   6  24   7   0  21   3  10
   3   6  15   5   5  15   4  10   8  10   1  13   5  22  10  21   9  12
  17  11   0   3  14   3   7   8  15   1  20   1   1  18   9  67   1  12
  14   1  16  10   7  35   9  14   4   0   5  12   6   2  12  20 159  24
  87   6   6  10]
,[1.         0.70588235 0.43902439 0.10526316 0.75       0.
 0.05263158 0.546875   0.44       0.44444444 0.67123288 0.59375
 0.33333333 1.         0.54545455 0.45454545 0.41176471 0.7
 0.7        0.8        0.5        0.66666667 0.45945946 0.63636364
 0.4        0.42857143 0.41176471 0.4        0.78571429 0.4
 0.75       0.65217391 0.69230769 0.75       0.71428571 0.51851852
 0.73333333 0.5        0.09090909 0.53125    0.81818182 0.33333333
 0.51612903 0.475      0.25       0.77777778 0.         0.36363636
 0.7037037  0.66666667 0.40909091 0.6        0.84615385 0.36363636
 0.75       0.8125     0.36170213 0.5        0.11111111 0.
 0.25       0.69565217 0.46875    0.68181818 0.5625     0.8
 0.5625     0.51612903 0.57142857 0.2        0.75       0.85714286
 0.48148148 0.21052632 0.75       0.69230769 0.77777778 0.7
 0.8        0.28571429 0.75       0.4        0.33333333 0.4
 0.44444444 1.         0.9        0.25       0.48       0.63492063
 0.77777778 0.59090909 0.73684211 0.625      1.         0.43589744
 0.33333333 0.77777778 0.5        1.         0.5        0.
 0.91304348 0.55       0.24870466 0.3        1.         0.375
 0.32       1.         0.25       0.54545455 0.93333333 0.73684211
 0.25       0.86666667 0.62962963 0.77777778 0.4        0.5
 0.57142857 0.25806452 0.83333333 0.5        0.02380952 0.18705036
 0.66666667 0.4375     0.61290323 0.77777778 1.         0.5
 0.46938776 0.33333333 0.         0.42857143 0.57777778 0.3625
 1.         0.81818182 0.42307692 0.32432432 0.42857143 0.42857143
 0.50632911 0.25       0.35616438 0.51020408 0.15       0.29166667
 0.85714286 0.73913043 0.8        0.63636364 1.         0.42857143
 0.7037037  0.62962963 0.25641026 0.66666667 0.48387097 0.875
 0.         0.66666667 0.         0.75       1.         0.68571429
 0.625      0.64285714 0.31578947 1.         0.2        0.90909091
 0.6        0.625      0.52       0.94736842 0.66666667 0.12
 0.37037037 1.         0.52       1.         0.17647059 0.93333333
 0.42857143 0.6        0.59090909 0.19230769 0.45454545 0.4
 0.72727273 0.53846154 0.         0.525      0.75       0.55555556
 0.13043478 0.4        0.9375     1.         0.71428571 0.9375
 0.8        0.66666667 0.66666667 0.5        0.07142857 0.40625
 1.         0.44       0.76923077 0.80769231 0.81818182 1.
 0.77272727 0.84615385 0.         0.75       0.73684211 0.6
 0.77777778 0.44444444 0.88235294 0.2        0.52631579 0.33333333
 1.         0.85714286 0.64285714 0.66336634 0.06666667 0.4
 0.77777778 1.         0.64       0.58823529 0.58333333 0.50724638
 0.36       0.82352941 0.8        0.         0.3125     0.31578947
 0.66666667 0.4        0.25531915 1.         0.54827586 1.
 0.81308411 0.66666667 0.28571429 0.5       ]
,[0.5        0.6        0.58064516 0.15384615 0.8        0.
 0.04545455 0.74468085 0.52380952 0.42105263 0.875      0.86363636
 0.05       0.44444444 0.72       0.26315789 0.66666667 0.33333333
 0.56       0.47058824 0.75862069 0.4        0.77272727 0.30434783
 0.34782609 0.13636364 0.7        0.09090909 0.52380952 0.0952381
 0.33333333 0.71428571 0.42857143 0.9        0.27777778 0.63636364
 0.45833333 0.09090909 0.05882353 0.68       0.5        0.11111111
 0.64       0.76       0.05882353 0.77777778 0.         0.19047619
 0.86363636 0.2        0.39130435 0.35294118 0.64705882 0.33333333
 0.3        0.61904762 0.77272727 0.05263158 0.05882353 0.
 0.0952381  0.94117647 0.6        0.55555556 0.42857143 0.47058824
 0.52941176 0.72727273 0.2        0.05882353 0.15       0.75
 0.65       0.17391304 0.35294118 0.52941176 0.73684211 0.38888889
 0.2        0.16666667 0.31578947 0.47058824 0.05263158 0.23529412
 0.17391304 0.375      0.47368421 0.05       0.54545455 0.93023256
 0.73684211 0.95121951 0.60869565 0.95238095 0.27777778 0.59649123
 0.11111111 0.7        0.375      0.63157895 0.75       0.
 0.91304348 0.55       0.88888889 0.16666667 0.5        0.17647059
 0.5        0.52941176 0.11764706 0.35294118 0.58333333 0.58333333
 0.11111111 0.59090909 0.68       0.63636364 0.11111111 0.46153846
 0.47058824 0.38095238 0.86956522 0.05263158 0.04761905 0.53061224
 0.92307692 0.33333333 1.         0.73684211 0.42105263 0.55263158
 0.82142857 0.125      0.         0.15789474 0.8125     0.74358974
 0.16666667 0.5        0.45833333 0.54545455 0.80769231 0.35294118
 1.         0.17647059 0.63414634 0.71428571 0.14285714 0.60869565
 0.27272727 0.70833333 0.63157895 0.66666667 0.05263158 0.15
 0.9047619  0.56666667 0.71428571 0.23529412 0.71428571 0.36842105
 0.         0.76190476 0.         0.47368421 0.16666667 0.85714286
 0.26315789 0.85714286 0.35294118 0.3        0.13636364 0.58823529
 0.35294118 0.45454545 0.65       0.9        0.625      0.14285714
 0.5        0.625      0.65       0.70588235 0.14285714 0.82352941
 0.15789474 0.33333333 0.54166667 0.2173913  0.43478261 0.26086957
 0.68571429 0.30434783 0.         1.         0.15       0.45454545
 0.14285714 0.3        0.88235294 0.25       0.26315789 0.9375
 0.22222222 0.5        0.34782609 0.45454545 0.04761905 0.56521739
 0.26315789 0.78571429 0.47619048 0.75       0.52941176 0.6
 0.80952381 0.64705882 0.         0.15789474 0.66666667 0.15789474
 0.4375     0.36363636 0.83333333 0.05       0.66666667 0.05263158
 0.05263158 0.94736842 0.39130435 0.93055556 0.05       0.48
 0.60869565 0.05       0.88888889 0.5        0.41176471 0.85365854
 0.47368421 0.73684211 0.22222222 0.         0.26315789 0.57142857
 0.31578947 0.11764706 0.6        1.         0.99375    1.
 1.         0.31578947 0.28571429 0.45454545]
,[0.66666667 0.64864865 0.5        0.125      0.77419355 0.
 0.04878049 0.63063063 0.47826087 0.43243243 0.75968992 0.7037037
 0.08695652 0.61538462 0.62068966 0.33333333 0.50909091 0.4516129
 0.62222222 0.59259259 0.60273973 0.5        0.57627119 0.41176471
 0.37209302 0.20689655 0.51851852 0.14814815 0.62857143 0.15384615
 0.46153846 0.68181818 0.52941176 0.81818182 0.4        0.57142857
 0.56410256 0.15384615 0.07142857 0.59649123 0.62068966 0.16666667
 0.57142857 0.58461538 0.0952381  0.77777778 0.         0.25
 0.7755102  0.30769231 0.4        0.44444444 0.73333333 0.34782609
 0.42857143 0.7027027  0.49275362 0.0952381  0.07692308 0.
 0.13793103 0.8        0.52631579 0.6122449  0.48648649 0.59259259
 0.54545455 0.60377358 0.2962963  0.09090909 0.25       0.8
 0.55319149 0.19047619 0.48       0.6        0.75675676 0.5
 0.32       0.21052632 0.44444444 0.43243243 0.09090909 0.2962963
 0.25       0.54545455 0.62068966 0.08333333 0.5106383  0.75471698
 0.75675676 0.72897196 0.66666667 0.75471698 0.43478261 0.5037037
 0.16666667 0.73684211 0.42857143 0.77419355 0.6        0.
 0.91304348 0.55       0.38866397 0.21428571 0.66666667 0.24
 0.3902439  0.69230769 0.16       0.42857143 0.71794872 0.65116279
 0.15384615 0.7027027  0.65384615 0.7        0.17391304 0.48
 0.51612903 0.30769231 0.85106383 0.0952381  0.03174603 0.27659574
 0.77419355 0.37837838 0.76       0.75675676 0.59259259 0.525
 0.5974026  0.18181818 0.         0.23076923 0.67532468 0.48739496
 0.28571429 0.62068966 0.44       0.40677966 0.56       0.38709677
 0.67226891 0.20689655 0.45614035 0.5952381  0.14634146 0.3943662
 0.4137931  0.72340426 0.70588235 0.65116279 0.1        0.22222222
 0.79166667 0.59649123 0.37735849 0.34782609 0.57692308 0.51851852
 0.         0.71111111 0.         0.58064516 0.28571429 0.76190476
 0.37037037 0.73469388 0.33333333 0.46153846 0.16216216 0.71428571
 0.44444444 0.52631579 0.57777778 0.92307692 0.64516129 0.13043478
 0.42553191 0.76923077 0.57777778 0.82758621 0.15789474 0.875
 0.23076923 0.42857143 0.56521739 0.20408163 0.44444444 0.31578947
 0.70588235 0.38888889 0.         0.68852459 0.25       0.5
 0.13636364 0.34285714 0.90909091 0.4        0.38461538 0.9375
 0.34782609 0.57142857 0.45714286 0.47619048 0.05714286 0.47272727
 0.41666667 0.56410256 0.58823529 0.77777778 0.64285714 0.75
 0.79069767 0.73333333 0.         0.26086957 0.7        0.25
 0.56       0.4        0.85714286 0.08       0.58823529 0.09090909
 0.1        0.9        0.48648649 0.77456647 0.05714286 0.43636364
 0.68292683 0.0952381  0.74418605 0.54054054 0.48275862 0.63636364
 0.40909091 0.77777778 0.34782609 0.         0.28571429 0.40677966
 0.42857143 0.18181818 0.35820896 1.         0.70666667 1.
 0.89690722 0.42857143 0.28571429 0.47619048]
