mACC, mP, mR, mF1, ACC, P, R, F1
0.6760237780713342,0.6699065095291246,0.6329494434948484,0.6184436106115603
,[ 17  14  24   0  22   2   6  40  16  15  53  40   6  10  20  16  10  14
  15  14  24  17  19  17   0   3  18  10  18   2  10  14  12  16   9  17
  18  11   1  25  12   1  20   3   1  23  12   6  16  15  16   6  15  18
  14  14  19   7   0   0  12  17  23  19  17  17  13   8  12   3   4  22
   7   0   9  16  17  13  13   7  12   9   0  15  13  16  15   0  14  38
  16  39  19  20  10  51  12  17  11  17  27   7  19  18  45   8  16   5
  24  15  12   6  22  20   4  22  18  19   1  19  15   8  23   7   2  29
  25  16  37  15  14  34  27  18   0   8  25  27  11  12  18  15  24  11
 160   9  31  27   5  15  19  15  13  18   5   2  21  22  16   4  17   7
   0  20   0  15   5  28  12  14   8  15   3  14  14  15  15  19  16   4
  12  22  15  17   0  15   6   5  21  16  15  21  27  14   0  21  13  17
   6   8  17  10   1  14  10  16  16  17   5  17   5  22  16  28  14  18
  19  14   0  10  18   0  11   9  17  13  27  15   8  18  19  68   1  22
  16   4  18  14   7  41  11  16   2  12   5  14  12   7   5  20 155  24
  87  14  10  17]
,[0.85       0.875      0.53333333 0.         0.84615385 1.
 0.85714286 0.5        0.88888889 0.6        0.73611111 0.88888889
 0.75       1.         0.57142857 0.59259259 0.66666667 0.56
 0.83333333 0.93333333 0.58536585 0.62962963 0.73076923 0.77272727
 0.         0.42857143 0.58064516 0.58823529 0.72       0.16666667
 0.90909091 0.93333333 0.75       1.         0.5        0.77272727
 0.75       0.61111111 0.16666667 0.86206897 1.         1.
 0.54054054 0.27272727 0.5        0.82142857 0.8        1.
 0.69565217 0.75       0.69565217 0.85714286 0.78947368 0.52941176
 0.82352941 0.63636364 0.55882353 0.7        0.         0.
 0.52173913 0.65384615 0.62162162 1.         0.80952381 0.89473684
 0.61904762 0.72727273 0.46153846 0.6        0.57142857 0.78571429
 0.63636364 0.         0.5        0.94117647 0.89473684 0.8125
 0.76470588 0.36842105 0.85714286 0.34615385 0.         0.78947368
 0.86666667 0.53333333 0.71428571 0.         0.56       0.7755102
 0.8        0.609375   1.         0.74074074 0.90909091 0.51515152
 0.8        0.94444444 0.78571429 0.94444444 0.52941176 0.875
 1.         0.54545455 0.42056075 0.66666667 0.8        0.45454545
 0.53333333 0.9375     0.6        1.         0.88       0.74074074
 0.66666667 0.75862069 0.7826087  0.67857143 0.5        0.67857143
 0.75       0.72727273 0.88461538 0.875      0.25       0.3452381
 0.80645161 0.51612903 1.         0.5        1.         0.87179487
 0.40909091 0.66666667 0.         0.88888889 0.69444444 0.52941176
 0.73333333 0.85714286 0.46153846 0.78947368 0.55813953 0.55
 0.90909091 0.45       0.57407407 0.50943396 0.3125     0.78947368
 0.76       0.9375     0.8125     0.54545455 0.625      0.66666667
 0.63636364 0.75862069 0.27586207 0.8        0.5483871  0.53846154
 0.         0.68965517 0.         0.83333333 1.         0.73684211
 0.8        0.46666667 0.88888889 0.88235294 0.6        0.93333333
 0.60869565 0.5        0.78947368 1.         0.55172414 0.57142857
 0.70588235 0.91666667 0.57692308 0.62962963 0.         1.
 0.66666667 0.5        0.7        0.59259259 0.45454545 0.525
 0.77142857 0.5        0.         0.91304348 0.52       0.80952381
 0.27272727 0.33333333 0.89473684 0.66666667 1.         0.93333333
 0.71428571 0.53333333 0.88888889 0.33333333 0.3125     0.47222222
 0.27777778 0.91666667 0.72727273 0.82352941 0.73684211 0.7826087
 0.79166667 1.         0.         0.90909091 0.9        0.
 0.78571429 0.64285714 0.77272727 1.         0.46551724 0.75
 1.         0.81818182 0.48717949 0.66666667 0.5        0.38596491
 0.94117647 1.         0.81818182 0.77777778 0.875      0.85416667
 0.84615385 1.         1.         0.66666667 0.625      0.56
 0.75       0.58333333 0.83333333 0.95238095 0.85635359 0.92307692
 0.8877551  0.82352941 0.47619048 0.56666667]
,[0.85       0.7        0.77419355 0.         0.73333333 0.11111111
 0.27272727 0.85106383 0.76190476 0.78947368 0.94642857 0.90909091
 0.3        0.55555556 0.8        0.84210526 0.47619048 0.66666667
 0.6        0.82352941 0.82758621 0.85       0.86363636 0.73913043
 0.         0.13636364 0.9        0.45454545 0.85714286 0.0952381
 0.55555556 0.66666667 0.57142857 0.8        0.5        0.77272727
 0.75       0.5        0.05882353 1.         0.66666667 0.05555556
 0.8        0.12       0.05882353 0.85185185 0.63157895 0.28571429
 0.72727273 0.75       0.69565217 0.35294118 0.88235294 0.75
 0.7        0.66666667 0.86363636 0.36842105 0.         0.
 0.57142857 1.         0.92       0.7037037  0.80952381 1.
 0.76470588 0.36363636 0.6        0.17647059 0.2        0.91666667
 0.35       0.         0.52941176 0.94117647 0.89473684 0.72222222
 0.65       0.29166667 0.63157895 0.52941176 0.         0.88235294
 0.56521739 1.         0.78947368 0.         0.63636364 0.88372093
 0.84210526 0.95121951 0.82608696 0.95238095 0.55555556 0.89473684
 0.66666667 0.85       0.6875     0.89473684 0.96428571 0.38888889
 0.82608696 0.9        0.83333333 0.44444444 0.88888889 0.29411765
 0.75       0.88235294 0.70588235 0.35294118 0.91666667 0.83333333
 0.22222222 1.         0.72       0.86363636 0.05555556 0.73076923
 0.88235294 0.38095238 1.         0.36842105 0.0952381  0.59183673
 0.96153846 0.76190476 0.97368421 0.78947368 0.73684211 0.89473684
 0.96428571 0.75       0.         0.42105263 0.78125    0.69230769
 0.61111111 0.66666667 0.75       0.68181818 0.92307692 0.64705882
 1.         0.52941176 0.75609756 0.77142857 0.23809524 0.65217391
 0.86363636 0.625      0.68421053 0.85714286 0.26315789 0.1
 1.         0.73333333 0.38095238 0.23529412 0.80952381 0.36842105
 0.         0.95238095 0.         0.78947368 0.27777778 1.
 0.63157895 0.66666667 0.47058824 0.75       0.13636364 0.82352941
 0.82352941 0.68181818 0.75       0.95       1.         0.19047619
 0.6        0.91666667 0.75       1.         0.         0.88235294
 0.31578947 0.27777778 0.875      0.69565217 0.65217391 0.91304348
 0.77142857 0.60869565 0.         1.         0.65       0.77272727
 0.28571429 0.4        1.         0.5        0.05263158 0.875
 0.55555556 0.8        0.69565217 0.77272727 0.23809524 0.73913043
 0.26315789 0.78571429 0.76190476 1.         0.82352941 0.9
 0.9047619  0.82352941 0.         0.52631579 0.85714286 0.
 0.6875     0.40909091 0.94444444 0.65       0.9        0.78947368
 0.42105263 0.94736842 0.82608696 0.94444444 0.05       0.88
 0.69565217 0.2        1.         0.7        0.41176471 1.
 0.57894737 0.84210526 0.11111111 0.63157895 0.26315789 0.66666667
 0.63157895 0.41176471 0.25       1.         0.96875    1.
 1.         0.73684211 0.47619048 0.77272727]
,[0.85       0.77777778 0.63157895 0.         0.78571429 0.2
 0.4137931  0.62992126 0.82051282 0.68181818 0.828125   0.8988764
 0.42857143 0.71428571 0.66666667 0.69565217 0.55555556 0.60869565
 0.69767442 0.875      0.68571429 0.72340426 0.79166667 0.75555556
 0.         0.20689655 0.70588235 0.51282051 0.7826087  0.12121212
 0.68965517 0.77777778 0.64864865 0.88888889 0.5        0.77272727
 0.75       0.55       0.08695652 0.92592593 0.8        0.10526316
 0.64516129 0.16666667 0.10526316 0.83636364 0.70588235 0.44444444
 0.71111111 0.75       0.69565217 0.5        0.83333333 0.62068966
 0.75675676 0.65116279 0.67857143 0.48275862 0.         0.
 0.54545455 0.79069767 0.74193548 0.82608696 0.80952381 0.94444444
 0.68421053 0.48484848 0.52173913 0.27272727 0.2962963  0.84615385
 0.4516129  0.         0.51428571 0.94117647 0.89473684 0.76470588
 0.7027027  0.3255814  0.72727273 0.41860465 0.         0.83333333
 0.68421053 0.69565217 0.75       0.         0.59574468 0.82608696
 0.82051282 0.74285714 0.9047619  0.83333333 0.68965517 0.65384615
 0.72727273 0.89473684 0.73333333 0.91891892 0.6835443  0.53846154
 0.9047619  0.67924528 0.55900621 0.53333333 0.84210526 0.35714286
 0.62337662 0.90909091 0.64864865 0.52173913 0.89795918 0.78431373
 0.33333333 0.8627451  0.75       0.76       0.1        0.7037037
 0.81081081 0.5        0.93877551 0.51851852 0.13793103 0.43609023
 0.87719298 0.61538462 0.98666667 0.6122449  0.84848485 0.88311688
 0.57446809 0.70588235 0.         0.57142857 0.73529412 0.6
 0.66666667 0.75       0.57142857 0.73170732 0.69565217 0.59459459
 0.95238095 0.48648649 0.65263158 0.61363636 0.27027027 0.71428571
 0.80851064 0.75       0.74285714 0.66666667 0.37037037 0.17391304
 0.77777778 0.74576271 0.32       0.36363636 0.65384615 0.4375
 0.         0.8        0.         0.81081081 0.43478261 0.84848485
 0.70588235 0.54901961 0.61538462 0.81081081 0.22222222 0.875
 0.7        0.57692308 0.76923077 0.97435897 0.71111111 0.28571429
 0.64864865 0.91666667 0.65217391 0.77272727 0.         0.9375
 0.42857143 0.35714286 0.77777778 0.64       0.53571429 0.66666667
 0.77142857 0.54901961 0.         0.95454545 0.57777778 0.79069767
 0.27906977 0.36363636 0.94444444 0.57142857 0.1        0.90322581
 0.625      0.64       0.7804878  0.46575342 0.27027027 0.57627119
 0.27027027 0.84615385 0.74418605 0.90322581 0.77777778 0.8372093
 0.84444444 0.90322581 0.         0.66666667 0.87804878 0.
 0.73333333 0.5        0.85       0.78787879 0.61363636 0.76923077
 0.59259259 0.87804878 0.61290323 0.7816092  0.09090909 0.53658537
 0.8        0.33333333 0.9        0.73684211 0.56       0.92134831
 0.6875     0.91428571 0.2        0.64864865 0.37037037 0.60869565
 0.68571429 0.48275862 0.38461538 0.97560976 0.90909091 0.96
 0.94054054 0.77777778 0.47619048 0.65384615]
