mACC, mP, mR, mF1, ACC, P, R, F1
0.7097093791281374,0.7083892989443343,0.6785700314874318,0.6736215837916775
,[ 17  12  26  17  25   9  13  37  15  10  52  39  15  15  22  11  14  15
  16  12  25  18  21  17   5   6  17  12  11   6  11  18  12  19  12  20
  20  16   0  20  16   4  16   1   9  26  15  13  22  12  19  15  16  20
  16  13  16   6   0   4  10  17  22  25  20  16  13  12   1   7  13  23
  16   4   5  14  18   9  12   3  13  15   9  16  15  14  11  15  13  35
  17  39  20  20  11  46  14  17   9  18  25   9  11  19  38  10  16   6
  26  15  12   9  19  21   4  17  15  19   4  18  16   7  23  12   1  16
  25  15  38  15  14  37  22  17   1  14  31  25  11  14  19  14  18   6
 160   5  26  23  17  18  20  19  12  20   9   7  20  23  14  10  17   0
   0  20   2  14   9  27  10  12   8  18   5  13  14  18  15  19  15   9
  18  22  15  16   0  14  14   5  19  20   0  15  26  16   0  21   9  13
  12  10  17  17   7  16  11  19  18  19   8  17   6  25  15  26  14  15
  19  13   5  11  17  12   8  14  16  13  27  17   7  19  17  67   2  22
  19   9  17  18  10  39  10  16   9  10   6  13  12  14   6  20 157  24
  82  15  18  17]
,[0.60714286 0.92307692 0.74285714 0.26153846 0.89285714 0.9
 0.52       0.80434783 0.68181818 0.625      0.85245902 0.78
 0.88235294 0.71428571 0.88       0.84615385 0.82352941 0.83333333
 0.94117647 1.         0.69444444 0.58064516 0.875      0.77272727
 0.45454545 0.4        0.85       0.63157895 0.78571429 0.375
 0.84615385 0.85714286 0.63157895 0.9047619  0.70588235 0.86956522
 0.83333333 0.61538462 0.         0.90909091 0.72727273 0.8
 0.64       0.09090909 0.75       0.43333333 0.71428571 0.46428571
 0.81481481 0.70588235 0.61290323 0.48387097 0.72727273 0.76923077
 0.59259259 0.86666667 0.72727273 0.35294118 0.         0.66666667
 0.66666667 0.89473684 0.84615385 0.92592593 0.76923077 0.94117647
 0.76470588 0.75       0.5        0.25925926 0.65       0.88461538
 0.72727273 0.66666667 0.5        0.93333333 0.9        0.9
 0.6        0.75       0.72222222 0.36585366 0.6        0.88888889
 0.88235294 0.93333333 0.78571429 0.9375     0.65       0.8974359
 0.80952381 0.76470588 1.         0.90909091 1.         0.38333333
 0.60869565 0.62962963 0.69230769 0.81818182 0.64102564 0.69230769
 1.         0.475      0.6440678  0.83333333 0.94117647 0.54545455
 0.66666667 0.88235294 0.8        0.9        0.9047619  0.84
 0.57142857 1.         0.9375     0.57575758 0.8        0.9
 0.88888889 0.58333333 0.92       0.92307692 0.1        0.55172414
 0.71428571 0.9375     0.97435897 0.57692308 0.93333333 0.69811321
 0.75862069 0.94444444 0.33333333 0.875      0.73809524 0.75757576
 0.61111111 1.         0.65517241 0.56       0.72       0.85714286
 0.92485549 0.35714286 0.86666667 0.76666667 0.5483871  0.9
 0.95238095 0.73076923 0.92307692 0.64516129 0.6        0.46666667
 0.68965517 0.92       0.4516129  0.52631579 0.70833333 0.
 0.         0.90909091 0.5        0.77777778 0.64285714 0.79411765
 0.71428571 0.75       0.72727273 1.         0.45454545 1.
 0.875      0.72       0.9375     0.82608696 0.9375     0.34615385
 0.51428571 0.88       0.78947368 0.43243243 0.         1.
 0.73684211 0.71428571 0.82608696 0.51282051 0.         0.78947368
 0.76470588 0.66666667 0.         0.72413793 0.52941176 0.8125
 0.66666667 0.43478261 0.85       0.80952381 0.58333333 0.88888889
 0.61111111 0.79166667 0.64285714 0.46341463 0.53333333 0.70833333
 0.75       1.         0.88235294 0.8125     0.93333333 0.9375
 0.65517241 0.92857143 0.71428571 0.6875     0.80952381 0.63157895
 0.5        0.48275862 0.8        0.59090909 0.79411765 0.68
 0.77777778 1.         0.56666667 0.73626374 0.5        0.5
 0.82608696 1.         0.89473684 0.7826087  0.90909091 0.79591837
 0.66666667 0.94117647 0.69230769 0.66666667 0.54545455 0.68421053
 0.66666667 0.77777778 0.31578947 0.95238095 0.74407583 0.88888889
 0.55405405 0.55555556 0.46153846 0.47222222]
,[0.85       0.6        0.83870968 0.65384615 0.83333333 0.5
 0.59090909 0.78723404 0.71428571 0.52631579 0.92857143 0.88636364
 0.75       0.83333333 0.88       0.57894737 0.66666667 0.71428571
 0.64       0.70588235 0.86206897 0.9        0.95454545 0.73913043
 0.2173913  0.27272727 0.85       0.54545455 0.52380952 0.28571429
 0.61111111 0.85714286 0.57142857 0.95       0.66666667 0.90909091
 0.83333333 0.72727273 0.         0.8        0.88888889 0.22222222
 0.64       0.04       0.52941176 0.96296296 0.78947368 0.61904762
 1.         0.6        0.82608696 0.88235294 0.94117647 0.83333333
 0.8        0.61904762 0.72727273 0.31578947 0.         0.22222222
 0.47619048 1.         0.88       0.92592593 0.95238095 0.94117647
 0.76470588 0.54545455 0.05       0.41176471 0.65       0.95833333
 0.8        0.17391304 0.29411765 0.82352941 0.94736842 0.5
 0.6        0.125      0.68421053 0.88235294 0.47368421 0.94117647
 0.65217391 0.875      0.57894737 0.75       0.59090909 0.81395349
 0.89473684 0.95121951 0.86956522 0.95238095 0.61111111 0.80701754
 0.77777778 0.85       0.5625     0.94736842 0.89285714 0.5
 0.47826087 0.95       0.7037037  0.55555556 0.88888889 0.35294118
 0.8125     0.88235294 0.70588235 0.52941176 0.79166667 0.875
 0.22222222 0.77272727 0.6        0.86363636 0.22222222 0.69230769
 0.94117647 0.33333333 1.         0.63157895 0.04761905 0.32653061
 0.96153846 0.71428571 1.         0.78947368 0.73684211 0.97368421
 0.78571429 0.70833333 0.05263158 0.73684211 0.96875    0.64102564
 0.61111111 0.77777778 0.79166667 0.63636364 0.69230769 0.35294118
 1.         0.29411765 0.63414634 0.65714286 0.80952381 0.7826087
 0.90909091 0.79166667 0.63157895 0.95238095 0.47368421 0.35
 0.95238095 0.76666667 0.33333333 0.58823529 0.80952381 0.
 0.         0.95238095 0.11111111 0.73684211 0.5        0.96428571
 0.52631579 0.57142857 0.47058824 0.9        0.22727273 0.76470588
 0.82352941 0.81818182 0.75       0.95       0.9375     0.42857143
 0.9        0.91666667 0.75       0.94117647 0.         0.82352941
 0.73684211 0.27777778 0.79166667 0.86956522 0.         0.65217391
 0.74285714 0.69565217 0.         1.         0.45       0.59090909
 0.57142857 0.5        1.         0.85       0.36842105 1.
 0.61111111 0.95       0.7826087  0.86363636 0.38095238 0.73913043
 0.31578947 0.89285714 0.71428571 0.92857143 0.82352941 0.75
 0.9047619  0.76470588 0.29411765 0.57894737 0.80952381 0.63157895
 0.5        0.63636364 0.88888889 0.65       0.9        0.89473684
 0.36842105 1.         0.73913043 0.93055556 0.1        0.88
 0.82608696 0.45       0.94444444 0.9        0.58823529 0.95121951
 0.52631579 0.84210526 0.5        0.52631579 0.31578947 0.61904762
 0.63157895 0.82352941 0.3        1.         0.98125    1.
 0.94252874 0.78947368 0.85714286 0.77272727]
,[0.70833333 0.72727273 0.78787879 0.37362637 0.86206897 0.64285714
 0.55319149 0.79569892 0.69767442 0.57142857 0.88888889 0.82978723
 0.81081081 0.76923077 0.88       0.6875     0.73684211 0.76923077
 0.76190476 0.82758621 0.76923077 0.70588235 0.91304348 0.75555556
 0.29411765 0.32432432 0.85       0.58536585 0.62857143 0.32432432
 0.70967742 0.85714286 0.6        0.92682927 0.68571429 0.88888889
 0.83333333 0.66666667 0.         0.85106383 0.8        0.34782609
 0.64       0.05555556 0.62068966 0.59770115 0.75       0.53061224
 0.89795918 0.64864865 0.7037037  0.625      0.82051282 0.8
 0.68085106 0.72222222 0.72727273 0.33333333 0.         0.33333333
 0.55555556 0.94444444 0.8627451  0.92592593 0.85106383 0.94117647
 0.76470588 0.63157895 0.09090909 0.31818182 0.65       0.92
 0.76190476 0.27586207 0.37037037 0.875      0.92307692 0.64285714
 0.6        0.21428571 0.7027027  0.51724138 0.52941176 0.91428571
 0.75       0.90322581 0.66666667 0.83333333 0.61904762 0.85365854
 0.85       0.84782609 0.93023256 0.93023256 0.75862069 0.51977401
 0.68292683 0.72340426 0.62068966 0.87804878 0.74626866 0.58064516
 0.64705882 0.63333333 0.67256637 0.66666667 0.91428571 0.42857143
 0.73239437 0.88235294 0.75       0.66666667 0.84444444 0.85714286
 0.32       0.87179487 0.73170732 0.69090909 0.34782609 0.7826087
 0.91428571 0.42424242 0.95833333 0.75       0.06451613 0.41025641
 0.81967213 0.81081081 0.98701299 0.66666667 0.82352941 0.81318681
 0.77192982 0.80952381 0.09090909 0.8        0.83783784 0.69444444
 0.61111111 0.875      0.71698113 0.59574468 0.70588235 0.5
 0.96096096 0.32258065 0.73239437 0.70769231 0.65384615 0.8372093
 0.93023256 0.76       0.75       0.76923077 0.52941176 0.4
 0.8        0.83636364 0.38356164 0.55555556 0.75555556 0.
 0.         0.93023256 0.18181818 0.75675676 0.5625     0.87096774
 0.60606061 0.64864865 0.57142857 0.94736842 0.3030303  0.86666667
 0.84848485 0.76595745 0.83333333 0.88372093 0.9375     0.38297872
 0.65454545 0.89795918 0.76923077 0.59259259 0.         0.90322581
 0.73684211 0.4        0.80851064 0.64516129 0.         0.71428571
 0.75362319 0.68085106 0.         0.84       0.48648649 0.68421053
 0.61538462 0.46511628 0.91891892 0.82926829 0.4516129  0.94117647
 0.61111111 0.86363636 0.70588235 0.6031746  0.44444444 0.72340426
 0.44444444 0.94339623 0.78947368 0.86666667 0.875      0.83333333
 0.76       0.83870968 0.41666667 0.62857143 0.80952381 0.63157895
 0.5        0.54901961 0.84210526 0.61904762 0.84375    0.77272727
 0.5        1.         0.64150943 0.82208589 0.16666667 0.63768116
 0.82608696 0.62068966 0.91891892 0.8372093  0.71428571 0.86666667
 0.58823529 0.88888889 0.58064516 0.58823529 0.4        0.65
 0.64864865 0.8        0.30769231 0.97560976 0.84636119 0.94117647
 0.69787234 0.65217391 0.6        0.5862069 ]
