mACC, mP, mR, mF1, ACC, P, R, F1
0.6555482166446499,0.6572268961028216,0.6093885093382995,0.6150722249838363
,[ 14  13  25   9  25   7   9  39  12   8  51  42   6  13  21  11  13  14
  15  11  24  13  16  16  10   3  14   8  14   0   8  19  12  18   7  19
  19   9   1  16   9   6  17  25   7  22   5   9  17   7  14   7  14  15
  10  11  15   7   2   1   6  16  19  23  17   9  10  14   4   6   7  22
  14   5   9  13  17   8  11   9  12   2  12  15   6  12  11  10  11  42
  16  39  17  21  11  38  10  15  10  17  26   6  20  16  44   5  13   3
  23  12   6  10  17  19   4  18  15  18   6  18  11   9  22  13   3  26
  25  16  36  15  13  34  23  16   7  14  26  25  11   9  21  15  21   4
 160   5  25  23   6  15  17  15  14  16   7  10  21  20  34  10  19  15
   3  15   3  11   7  26  10  20   9  18   2   9  13  19  14  18  16   6
  14  22  11  12   5  16  12   9  16  10  11   9  25  11   1  20   6  13
   8  15  15  14  10  15   5  13  15  18   2  13   6  23  13  26  11  16
  19   8   1   9  15   8   1  16  17   8  22   6   4  19  10  67   5  15
  15   9  16  13   8  38  12  13   7   4   8  12   9   5   9  20 160  24
  87  13   8  14]
,[0.93333333 0.8125     0.80645161 0.24324324 0.80645161 0.77777778
 0.42857143 0.6        0.63157895 0.44444444 0.73913043 0.77777778
 0.42857143 0.86666667 0.65625    0.61111111 0.43333333 0.77777778
 0.83333333 0.78571429 0.61538462 1.         0.64       0.8
 0.38461538 0.16666667 0.73684211 0.47058824 0.7        0.
 0.8        0.7037037  0.5        1.         0.63636364 0.59375
 1.         0.9        0.11111111 0.64       0.81818182 0.66666667
 0.53125    0.5        0.5        0.88       0.2173913  0.52941176
 0.65384615 0.41176471 0.35897436 0.7        0.875      0.6
 0.66666667 0.91666667 0.68181818 0.53846154 0.4        0.5
 0.5        0.94117647 0.76       0.76666667 0.85       1.
 0.625      0.66666667 0.36363636 0.6        0.63636364 0.78571429
 0.58333333 0.33333333 0.42857143 0.92857143 0.89473684 0.8
 0.47826087 0.42857143 0.70588235 0.4        0.57142857 0.88235294
 0.54545455 0.92307692 0.84615385 0.76923077 0.5        0.63636364
 1.         0.73584906 0.77272727 0.84       1.         0.58461538
 0.58823529 0.9375     0.58823529 1.         0.68421053 0.75
 0.86956522 0.61538462 0.46808511 0.5        1.         0.2
 0.62162162 1.         0.66666667 0.71428571 0.80952381 0.79166667
 0.30769231 0.7826087  0.625      0.64285714 0.46153846 0.69230769
 0.6875     0.42857143 0.84615385 0.72222222 0.15       0.35135135
 0.78125    0.72727273 0.92307692 0.625      0.8125     0.69387755
 0.60526316 0.61538462 0.33333333 0.77777778 0.8125     0.67567568
 0.84615385 0.75       0.58333333 0.6        0.6        0.5
 0.82901554 0.71428571 0.54347826 0.575      0.42857143 0.41666667
 0.85       0.78947368 0.93333333 0.61538462 0.7        0.58823529
 0.77777778 0.64516129 0.30088496 0.66666667 0.63333333 0.48387097
 0.16666667 0.75       0.3        0.73333333 0.7        0.66666667
 0.66666667 0.64516129 0.47368421 0.9        0.18181818 0.9
 1.         0.79166667 0.82352941 1.         0.69565217 0.21428571
 0.35897436 1.         0.5        0.70588235 0.33333333 1.
 0.6        0.45       0.94117647 0.47619048 0.44       0.5
 0.80645161 0.64705882 0.33333333 0.57142857 0.85714286 0.76470588
 0.47058824 0.55555556 0.88235294 0.82352941 0.71428571 0.9375
 0.83333333 0.56521739 0.6        0.7826087  0.22222222 0.43333333
 0.66666667 0.63888889 0.86666667 0.86666667 0.84615385 0.88888889
 0.67857143 1.         0.11111111 0.64285714 0.65217391 0.88888889
 0.5        0.61538462 1.         0.66666667 0.66666667 0.5
 0.8        0.9047619  0.71428571 0.70526316 0.18518519 0.48387097
 0.75       0.6        0.72727273 0.76470588 0.72727273 0.79166667
 0.57142857 0.68421053 0.7        0.44444444 0.61538462 0.54545455
 0.75       0.625      0.36       0.95238095 0.7804878  0.92307692
 0.91578947 0.68421053 0.44444444 0.60869565]
,[0.7        0.65       0.80645161 0.34615385 0.83333333 0.38888889
 0.40909091 0.82978723 0.57142857 0.42105263 0.91071429 0.95454545
 0.3        0.72222222 0.84       0.57894737 0.61904762 0.66666667
 0.6        0.64705882 0.82758621 0.65       0.72727273 0.69565217
 0.43478261 0.13636364 0.7        0.36363636 0.66666667 0.
 0.44444444 0.9047619  0.57142857 0.9        0.38888889 0.86363636
 0.79166667 0.40909091 0.05882353 0.64       0.5        0.33333333
 0.68       1.         0.41176471 0.81481481 0.26315789 0.42857143
 0.77272727 0.35       0.60869565 0.41176471 0.82352941 0.625
 0.5        0.52380952 0.68181818 0.36842105 0.11764706 0.05555556
 0.28571429 0.94117647 0.76       0.85185185 0.80952381 0.52941176
 0.58823529 0.63636364 0.2        0.35294118 0.35       0.91666667
 0.7        0.2173913  0.52941176 0.76470588 0.89473684 0.44444444
 0.55       0.375      0.63157895 0.11764706 0.63157895 0.88235294
 0.26086957 0.75       0.57894737 0.5        0.5        0.97674419
 0.84210526 0.95121951 0.73913043 1.         0.61111111 0.66666667
 0.55555556 0.75       0.625      0.89473684 0.92857143 0.33333333
 0.86956522 0.8        0.81481481 0.27777778 0.72222222 0.17647059
 0.71875    0.70588235 0.35294118 0.58823529 0.70833333 0.79166667
 0.22222222 0.81818182 0.6        0.81818182 0.33333333 0.69230769
 0.64705882 0.42857143 0.95652174 0.68421053 0.14285714 0.53061224
 0.96153846 0.76190476 0.94736842 0.78947368 0.68421053 0.89473684
 0.82142857 0.66666667 0.36842105 0.73684211 0.8125     0.64102564
 0.61111111 0.5        0.875      0.68181818 0.80769231 0.23529412
 1.         0.29411765 0.6097561  0.65714286 0.28571429 0.65217391
 0.77272727 0.625      0.73684211 0.76190476 0.36842105 0.5
 1.         0.66666667 0.80952381 0.58823529 0.9047619  0.78947368
 0.16666667 0.71428571 0.16666667 0.57894737 0.38888889 0.92857143
 0.52631579 0.95238095 0.52941176 0.9        0.09090909 0.52941176
 0.76470588 0.86363636 0.7        0.9        1.         0.28571429
 0.7        0.91666667 0.55       0.70588235 0.23809524 0.94117647
 0.63157895 0.5        0.66666667 0.43478261 0.47826087 0.39130435
 0.71428571 0.47826087 0.05555556 0.95238095 0.3        0.59090909
 0.38095238 0.75       0.88235294 0.7        0.52631579 0.9375
 0.27777778 0.65       0.65217391 0.81818182 0.0952381  0.56521739
 0.31578947 0.82142857 0.61904762 0.92857143 0.64705882 0.8
 0.9047619  0.47058824 0.05882353 0.47368421 0.71428571 0.42105263
 0.0625     0.72727273 0.94444444 0.4        0.73333333 0.31578947
 0.21052632 1.         0.43478261 0.93055556 0.25       0.6
 0.65217391 0.45       0.88888889 0.65       0.47058824 0.92682927
 0.63157895 0.68421053 0.38888889 0.21052632 0.42105263 0.57142857
 0.47368421 0.29411765 0.45       1.         1.         1.
 1.         0.68421053 0.38095238 0.63636364]
,[0.8        0.72222222 0.80645161 0.28571429 0.81967213 0.51851852
 0.41860465 0.69642857 0.6        0.43243243 0.816      0.85714286
 0.35294118 0.78787879 0.73684211 0.59459459 0.50980392 0.71794872
 0.69767442 0.70967742 0.70588235 0.78787879 0.68085106 0.74418605
 0.40816327 0.15       0.71794872 0.41025641 0.68292683 0.
 0.57142857 0.79166667 0.53333333 0.94736842 0.48275862 0.7037037
 0.88372093 0.5625     0.07692308 0.64       0.62068966 0.44444444
 0.59649123 0.66666667 0.4516129  0.84615385 0.23809524 0.47368421
 0.70833333 0.37837838 0.4516129  0.51851852 0.84848485 0.6122449
 0.57142857 0.66666667 0.68181818 0.4375     0.18181818 0.1
 0.36363636 0.94117647 0.76       0.80701754 0.82926829 0.69230769
 0.60606061 0.65116279 0.25806452 0.44444444 0.4516129  0.84615385
 0.63636364 0.26315789 0.47368421 0.83870968 0.89473684 0.57142857
 0.51162791 0.4        0.66666667 0.18181818 0.6        0.88235294
 0.35294118 0.82758621 0.6875     0.60606061 0.5        0.7706422
 0.91428571 0.82978723 0.75555556 0.91304348 0.75862069 0.62295082
 0.57142857 0.83333333 0.60606061 0.94444444 0.78787879 0.46153846
 0.86956522 0.69565217 0.59459459 0.35714286 0.83870968 0.1875
 0.66666667 0.82758621 0.46153846 0.64516129 0.75555556 0.79166667
 0.25806452 0.8        0.6122449  0.72       0.38709677 0.69230769
 0.66666667 0.42857143 0.89795918 0.7027027  0.14634146 0.42276423
 0.86206897 0.74418605 0.93506494 0.69767442 0.74285714 0.7816092
 0.6969697  0.64       0.35       0.75675676 0.8125     0.65789474
 0.70967742 0.6        0.7        0.63829787 0.68852459 0.32
 0.90651558 0.41666667 0.57471264 0.61333333 0.34285714 0.50847458
 0.80952381 0.69767442 0.82352941 0.68085106 0.48275862 0.54054054
 0.875      0.6557377  0.43870968 0.625      0.74509804 0.6
 0.16666667 0.73170732 0.21428571 0.64705882 0.5        0.7761194
 0.58823529 0.76923077 0.5        0.9        0.12121212 0.66666667
 0.86666667 0.82608696 0.75675676 0.94736842 0.82051282 0.24489796
 0.47457627 0.95652174 0.52380952 0.70588235 0.27777778 0.96969697
 0.61538462 0.47368421 0.7804878  0.45454545 0.45833333 0.43902439
 0.75757576 0.55       0.0952381  0.71428571 0.44444444 0.66666667
 0.42105263 0.63829787 0.88235294 0.75675676 0.60606061 0.9375
 0.41666667 0.60465116 0.625      0.8        0.13333333 0.49056604
 0.42857143 0.71875    0.72222222 0.89655172 0.73333333 0.84210526
 0.7755102  0.64       0.07692308 0.54545455 0.68181818 0.57142857
 0.11111111 0.66666667 0.97142857 0.5        0.6984127  0.38709677
 0.33333333 0.95       0.54054054 0.80239521 0.21276596 0.53571429
 0.69767442 0.51428571 0.8        0.7027027  0.57142857 0.85393258
 0.6        0.68421053 0.5        0.28571429 0.5        0.55813953
 0.58064516 0.4        0.4        0.97560976 0.87671233 0.96
 0.95604396 0.68421053 0.41025641 0.62222222]
