mACC, mP, mR, mF1, ACC, P, R, F1
0.7136723910171731,0.7310949827798943,0.6804268322244694,0.6832590209670635
,[  5  16  25   7  26   8  10  41  15   4  48  40  10  15  24  16  11  13
  12  17  23  10  20  16  15  11  16  13  15  14  13  18  11  20  12  21
  22  18   0  22  16   2  17  18   9  22   8  10  21  11  16  16  15  20
  13  13  19  12   2   5  10  16  21  24  16  14  14  17   4   5   9  21
  15  10   9  13  17  12   1  15  14  10  10  15  17  15  16  14   7  40
  17  39  17  20  13  52  14  18  12  16  23   0  21  18  44   6  15   3
  24  15  14  14  18  22   5  19  18  15   0  18  15   7  23  13   8  23
  25  12  38  14  13  34  26   8   1  15  32  30  12  11  20  19  23   8
 160  11  29  26  16  15  22  19  14  20   9   7  19  25   8  15  18   4
   3  20   8  15   5  26  13  17  11  15  11  15  14  17  14  19  14   6
  19  22  19  16   0  16  15   7  20  18   6  13  24  18   0  21   8  14
  10  11  16  14   8  15   8  18  18  16   0  14   7  26  15  25  12  18
  21  13   3  15  17  14  12   8  17  12  20   9   5  19  14  69   1  22
  19  11  17  10   8  40  10  17  11  12   4  14  12  11   7  20 158  24
  80  13  13  14]
,[0.29411765 0.94117647 0.6097561  0.25925926 0.96296296 0.88888889
 0.43478261 0.67213115 0.75       0.66666667 0.85714286 0.90909091
 0.76923077 0.71428571 0.70588235 0.57142857 0.78571429 0.76470588
 1.         0.73913043 0.6969697  0.58823529 0.83333333 0.84210526
 0.51724138 0.57894737 0.94117647 0.76470588 0.65217391 0.24561404
 0.76470588 0.94736842 0.73333333 0.83333333 0.57142857 0.80769231
 0.6875     0.81818182 0.         1.         0.72727273 1.
 0.94444444 0.72       0.81818182 0.6875     0.88888889 0.625
 0.7        1.         1.         0.76190476 0.78947368 0.90909091
 0.92857143 0.72222222 0.46341463 0.54545455 0.11111111 0.41666667
 0.83333333 0.94117647 0.7        0.96       0.84210526 0.73684211
 0.82352941 0.70833333 0.66666667 0.83333333 0.6        0.77777778
 0.65217391 0.58823529 0.81818182 0.92857143 0.89473684 0.92307692
 0.33333333 0.57692308 0.875      0.47619048 0.90909091 0.88235294
 0.68       0.9375     0.88888889 0.82352941 0.77777778 0.88888889
 1.         0.75       0.85       1.         0.8125     0.37410072
 0.73684211 1.         0.85714286 0.94117647 0.88461538 0.
 0.84       0.69230769 0.53658537 0.75       1.         0.375
 0.85714286 0.9375     0.73684211 0.93333333 1.         0.95652174
 0.83333333 0.86363636 0.64285714 0.83333333 0.         0.9
 0.9375     0.53846154 0.92       0.86666667 0.17391304 0.46
 0.55555556 0.52173913 1.         0.82352941 0.92857143 0.79069767
 0.74285714 1.         0.5        0.9375     0.69565217 0.73170732
 1.         1.         0.83333333 0.76       0.575      0.5
 0.7804878  0.40740741 0.78378378 0.56521739 0.42105263 0.78947368
 0.91666667 0.95       1.         0.8        0.75       0.7
 0.86363636 0.80645161 0.26666667 0.75       0.81818182 0.8
 0.6        0.86956522 0.66666667 0.75       0.83333333 0.8125
 0.68421053 0.65384615 0.55       0.9375     0.2        0.68181818
 0.875      0.80952381 0.7        1.         0.77777778 0.46153846
 0.82608696 0.95652174 0.52777778 0.72727273 0.         0.8
 0.625      0.63636364 0.90909091 0.54545455 0.6        0.86666667
 0.82758621 0.9        0.         0.72413793 0.8        0.77777778
 0.83333333 0.6875     0.84210526 0.73684211 0.44444444 0.83333333
 0.88888889 0.54545455 0.58064516 0.61538462 0.         0.73684211
 0.77777778 0.74285714 0.88235294 0.89285714 1.         0.75
 0.75       1.         0.6        0.75       0.62962963 0.60869565
 0.92307692 0.72727273 0.94444444 0.8        1.         0.9
 0.83333333 0.9047619  0.77777778 0.69       0.33333333 0.52380952
 0.9047619  0.55       0.60714286 0.76923077 0.8        0.78431373
 0.52631579 0.89473684 0.64705882 1.         0.44444444 0.73684211
 0.8        0.91666667 0.20588235 0.95238095 0.73488372 0.85714286
 0.6504065  0.76470588 0.5        0.7       ]
,[0.25       0.8        0.80645161 0.26923077 0.86666667 0.44444444
 0.45454545 0.87234043 0.71428571 0.21052632 0.85714286 0.90909091
 0.5        0.83333333 0.96       0.84210526 0.52380952 0.61904762
 0.48       1.         0.79310345 0.5        0.90909091 0.69565217
 0.65217391 0.5        0.8        0.59090909 0.71428571 0.66666667
 0.72222222 0.85714286 0.52380952 1.         0.66666667 0.95454545
 0.91666667 0.81818182 0.         0.88       0.88888889 0.11111111
 0.68       0.72       0.52941176 0.81481481 0.42105263 0.47619048
 0.95454545 0.55       0.69565217 0.94117647 0.88235294 0.83333333
 0.65       0.61904762 0.86363636 0.63157895 0.11764706 0.27777778
 0.47619048 0.94117647 0.84       0.88888889 0.76190476 0.82352941
 0.82352941 0.77272727 0.2        0.29411765 0.45       0.875
 0.75       0.43478261 0.52941176 0.76470588 0.89473684 0.66666667
 0.05       0.625      0.73684211 0.58823529 0.52631579 0.88235294
 0.73913043 0.9375     0.84210526 0.7        0.31818182 0.93023256
 0.89473684 0.95121951 0.73913043 0.95238095 0.72222222 0.9122807
 0.77777778 0.9        0.75       0.84210526 0.82142857 0.
 0.91304348 0.9        0.81481481 0.33333333 0.83333333 0.17647059
 0.75       0.88235294 0.82352941 0.82352941 0.75       0.91666667
 0.27777778 0.86363636 0.72       0.68181818 0.         0.69230769
 0.88235294 0.33333333 1.         0.68421053 0.38095238 0.46938776
 0.96153846 0.57142857 1.         0.73684211 0.68421053 0.89473684
 0.92857143 0.33333333 0.05263158 0.78947368 1.         0.76923077
 0.66666667 0.61111111 0.83333333 0.86363636 0.88461538 0.47058824
 1.         0.64705882 0.70731707 0.74285714 0.76190476 0.65217391
 1.         0.79166667 0.73684211 0.95238095 0.47368421 0.35
 0.9047619  0.83333333 0.19047619 0.88235294 0.85714286 0.21052632
 0.16666667 0.95238095 0.44444444 0.78947368 0.27777778 0.92857143
 0.68421053 0.80952381 0.64705882 0.75       0.5        0.88235294
 0.82352941 0.77272727 0.7        0.95       0.875      0.28571429
 0.95       0.91666667 0.95       0.94117647 0.         0.94117647
 0.78947368 0.38888889 0.83333333 0.7826087  0.26086957 0.56521739
 0.68571429 0.7826087  0.         1.         0.4        0.63636364
 0.47619048 0.55       0.94117647 0.7        0.42105263 0.9375
 0.44444444 0.9        0.7826087  0.72727273 0.         0.60869565
 0.36842105 0.92857143 0.71428571 0.89285714 0.70588235 0.9
 1.         0.76470588 0.17647059 0.78947368 0.80952381 0.73684211
 0.75       0.36363636 0.94444444 0.6        0.66666667 0.47368421
 0.26315789 1.         0.60869565 0.95833333 0.05       0.88
 0.82608696 0.55       0.94444444 0.5        0.47058824 0.97560976
 0.52631579 0.89473684 0.61111111 0.63157895 0.21052632 0.66666667
 0.63157895 0.64705882 0.35       1.         0.9875     1.
 0.91954023 0.68421053 0.61904762 0.63636364]
,[0.27027027 0.86486486 0.69444444 0.26415094 0.9122807  0.59259259
 0.44444444 0.75925926 0.73170732 0.32       0.85714286 0.90909091
 0.60606061 0.76923077 0.81355932 0.68085106 0.62857143 0.68421053
 0.64864865 0.85       0.74193548 0.54054054 0.86956522 0.76190476
 0.57692308 0.53658537 0.86486486 0.66666667 0.68181818 0.35897436
 0.74285714 0.9        0.61111111 0.90909091 0.61538462 0.875
 0.78571429 0.81818182 0.         0.93617021 0.8        0.2
 0.79069767 0.72       0.64285714 0.74576271 0.57142857 0.54054054
 0.80769231 0.70967742 0.82051282 0.84210526 0.83333333 0.86956522
 0.76470588 0.66666667 0.6031746  0.58536585 0.11428571 0.33333333
 0.60606061 0.94117647 0.76363636 0.92307692 0.8        0.77777778
 0.82352941 0.73913043 0.30769231 0.43478261 0.51428571 0.82352941
 0.69767442 0.5        0.64285714 0.83870968 0.89473684 0.77419355
 0.08695652 0.6        0.8        0.52631579 0.66666667 0.88235294
 0.70833333 0.9375     0.86486486 0.75675676 0.4516129  0.90909091
 0.94444444 0.83870968 0.79069767 0.97560976 0.76470588 0.53061224
 0.75675676 0.94736842 0.8        0.88888889 0.85185185 0.
 0.875      0.7826087  0.64705882 0.46153846 0.90909091 0.24
 0.8        0.90909091 0.77777778 0.875      0.85714286 0.93617021
 0.41666667 0.86363636 0.67924528 0.75       0.         0.7826087
 0.90909091 0.41176471 0.95833333 0.76470588 0.23880597 0.46464646
 0.70422535 0.54545455 1.         0.77777778 0.78787879 0.83950617
 0.82539683 0.5        0.0952381  0.85714286 0.82051282 0.75
 0.8        0.75862069 0.83333333 0.80851064 0.6969697  0.48484848
 0.87671233 0.5        0.74358974 0.64197531 0.54237288 0.71428571
 0.95652174 0.86363636 0.84848485 0.86956522 0.58064516 0.46666667
 0.88372093 0.81967213 0.22222222 0.81081081 0.8372093  0.33333333
 0.26086957 0.90909091 0.53333333 0.76923077 0.41666667 0.86666667
 0.68421053 0.72340426 0.59459459 0.83333333 0.28571429 0.76923077
 0.84848485 0.79069767 0.7        0.97435897 0.82352941 0.35294118
 0.88372093 0.93617021 0.67857143 0.82051282 0.         0.86486486
 0.69767442 0.48275862 0.86956522 0.64285714 0.36363636 0.68421053
 0.75       0.8372093  0.         0.84       0.53333333 0.7
 0.60606061 0.61111111 0.88888889 0.71794872 0.43243243 0.88235294
 0.59259259 0.67924528 0.66666667 0.66666667 0.         0.66666667
 0.5        0.82539683 0.78947368 0.89285714 0.82758621 0.81818182
 0.85714286 0.86666667 0.27272727 0.76923077 0.70833333 0.66666667
 0.82758621 0.48484848 0.94444444 0.68571429 0.8        0.62068966
 0.4        0.95       0.68292683 0.80232558 0.08695652 0.65671642
 0.86363636 0.55       0.73913043 0.60606061 0.59259259 0.86956522
 0.52631579 0.89473684 0.62857143 0.77419355 0.28571429 0.7
 0.70588235 0.75862069 0.25925926 0.97560976 0.84266667 0.92307692
 0.76190476 0.72222222 0.55319149 0.66666667]
