mACC, mP, mR, mF1, ACC, P, R, F1
0.601882430647292,0.6289312036313182,0.5441591862834845,0.5485726658951884
,[ 14  13  22   3  25   4   4  40  14  11  53  42   3   5  22   9   8   9
  16  11  23  10  15  15   7   5  15   2  12   0  12  18  12  19  13  17
  18   2   0  21   8   1  15  21   3  23   7   9  17   6   8   6  16  15
   9  10  18   3   0   1   4  15  18  21  10  13   9  10   1   3   0  20
  18   2   6   7  16  10   6  10   7   9   4   6   7   7  12   0  13  41
  15  38  18  18   4  49  11  17   9  17  26   0  20  15  48   7  14   3
  19  14   8  11  17  17   1  20  20  13   3  11  11   6  23   6   2  22
  25  14  37  14  10  28  26  13   1   9  29  33   5  13  17  17  19   6
 160   5  31  23   5   9  17  17  13  18   3   1  19  24  27  10  17   4
   3  17   1  10   3  27   5  18   7  14   5  12  12  17  12  17   6   9
  13  20  16  11   3  16   7   7  13  15   8   8  28  17   0  21   4  12
   6   5  15   3   7  15   6  11   8  14   1  10   4  22  11  18  14  15
  18   9   0   3  20   2   8   7  17   0  23   4   2  18  12  67   2  17
  16   2  14  10   9  38  13   9   6   1   1  13   7   7  10  19 159  24
  87  13  11  11]
,[1.         0.92857143 0.53658537 0.14285714 0.75757576 0.5
 0.17391304 0.42105263 0.60869565 0.57894737 0.52475248 0.53846154
 0.5        0.71428571 0.84615385 0.81818182 0.47058824 0.64285714
 0.8        0.61111111 0.52272727 1.         0.5        0.88235294
 0.35       0.3125     0.42857143 0.2        0.66666667 0.
 1.         0.72       0.66666667 1.         0.46428571 0.62962963
 0.7826087  1.         0.         0.56756757 0.66666667 0.2
 0.46875    0.65625    0.75       0.82142857 0.5        0.64285714
 0.60714286 1.         0.34782609 0.66666667 0.69565217 0.55555556
 0.75       0.83333333 0.51428571 0.375      0.         0.25
 0.66666667 0.9375     0.51428571 0.77777778 0.71428571 0.8125
 0.64285714 0.41666667 0.2        0.33333333 0.         0.86956522
 0.66666667 0.4        0.375      0.58333333 0.94117647 0.90909091
 0.54545455 0.58823529 0.7        0.69230769 0.4        0.6
 0.5        1.         0.85714286 0.         0.39393939 0.60294118
 0.83333333 0.6440678  0.85714286 0.75       1.         0.44144144
 0.91666667 0.89473684 0.75       1.         0.57777778 0.
 0.86956522 0.625      0.30769231 0.7        0.93333333 1.
 0.55882353 1.         0.61538462 0.6875     0.80952381 0.56666667
 0.5        0.8        0.86956522 0.76470588 0.33333333 0.45833333
 0.6875     0.3        0.82142857 0.75       0.04444444 0.24719101
 0.5952381  0.5        0.80434783 0.58333333 1.         0.48275862
 0.8125     0.56521739 1.         0.6        0.50877193 0.50769231
 0.83333333 0.86666667 0.73913043 0.5483871  0.52777778 0.6
 0.7079646  0.23809524 0.38271605 0.5        0.3125     0.39130435
 0.73913043 0.73913043 0.76470588 0.6        0.5        0.16666667
 0.55882353 0.75       0.27272727 0.90909091 0.5483871  1.
 0.42857143 0.77272727 1.         1.         0.375      0.71052632
 0.45454545 0.69230769 0.53846154 1.         0.35714286 0.85714286
 0.85714286 0.68       0.6        1.         0.54545455 0.25714286
 0.5        0.90909091 0.55172414 0.91666667 0.5        0.94117647
 0.875      0.875      0.92857143 0.45454545 0.47058824 0.61538462
 0.63636364 0.68       0.         0.48837209 0.44444444 0.92307692
 0.33333333 0.38461538 1.         1.         0.7        0.88235294
 0.85714286 0.61111111 0.66666667 0.93333333 0.08333333 0.5
 0.57142857 0.57894737 0.91666667 0.69230769 1.         0.88235294
 0.81818182 0.9        0.         0.75       0.76923077 0.33333333
 0.8        0.58333333 0.94444444 0.         0.56097561 0.66666667
 1.         0.94736842 0.70588235 0.53174603 0.2        0.47222222
 0.88888889 0.4        0.77777778 0.55555556 0.81818182 0.67857143
 0.5        0.81818182 1.         0.25       0.25       0.61904762
 0.875      0.7        0.24390244 0.95       0.68534483 0.92307692
 0.79816514 0.92857143 0.5        0.61111111]
,[0.7        0.65       0.70967742 0.11538462 0.83333333 0.22222222
 0.18181818 0.85106383 0.66666667 0.57894737 0.94642857 0.95454545
 0.15       0.27777778 0.88       0.47368421 0.38095238 0.42857143
 0.64       0.64705882 0.79310345 0.5        0.68181818 0.65217391
 0.30434783 0.22727273 0.75       0.09090909 0.57142857 0.
 0.66666667 0.85714286 0.57142857 0.95       0.72222222 0.77272727
 0.75       0.09090909 0.         0.84       0.44444444 0.05555556
 0.6        0.84       0.17647059 0.85185185 0.36842105 0.42857143
 0.77272727 0.3        0.34782609 0.35294118 0.94117647 0.625
 0.45       0.47619048 0.81818182 0.15789474 0.         0.05555556
 0.19047619 0.88235294 0.72       0.77777778 0.47619048 0.76470588
 0.52941176 0.45454545 0.05       0.17647059 0.         0.83333333
 0.9        0.08695652 0.35294118 0.41176471 0.84210526 0.55555556
 0.3        0.41666667 0.36842105 0.52941176 0.21052632 0.35294118
 0.30434783 0.4375     0.63157895 0.         0.59090909 0.95348837
 0.78947368 0.92682927 0.7826087  0.85714286 0.22222222 0.85964912
 0.61111111 0.85       0.5625     0.89473684 0.92857143 0.
 0.86956522 0.75       0.88888889 0.38888889 0.77777778 0.17647059
 0.59375    0.82352941 0.47058824 0.64705882 0.70833333 0.70833333
 0.05555556 0.90909091 0.8        0.59090909 0.16666667 0.42307692
 0.64705882 0.28571429 1.         0.31578947 0.0952381  0.44897959
 0.96153846 0.66666667 0.97368421 0.73684211 0.52631579 0.73684211
 0.92857143 0.54166667 0.05263158 0.47368421 0.90625    0.84615385
 0.27777778 0.72222222 0.70833333 0.77272727 0.73076923 0.35294118
 1.         0.29411765 0.75609756 0.65714286 0.23809524 0.39130435
 0.77272727 0.70833333 0.68421053 0.85714286 0.15789474 0.05
 0.9047619  0.8        0.64285714 0.58823529 0.80952381 0.21052632
 0.16666667 0.80952381 0.05555556 0.52631579 0.16666667 0.96428571
 0.26315789 0.85714286 0.41176471 0.7        0.22727273 0.70588235
 0.70588235 0.77272727 0.6        0.85       0.375      0.42857143
 0.65       0.83333333 0.8        0.64705882 0.14285714 0.94117647
 0.36842105 0.38888889 0.54166667 0.65217391 0.34782609 0.34782609
 0.8        0.73913043 0.         1.         0.2        0.54545455
 0.28571429 0.25       0.88235294 0.15       0.36842105 0.9375
 0.33333333 0.55       0.34782609 0.63636364 0.04761905 0.43478261
 0.21052632 0.78571429 0.52380952 0.64285714 0.82352941 0.75
 0.85714286 0.52941176 0.         0.15789474 0.95238095 0.10526316
 0.5        0.31818182 0.94444444 0.         0.76666667 0.21052632
 0.10526316 0.94736842 0.52173913 0.93055556 0.1        0.68
 0.69565217 0.1        0.77777778 0.5        0.52941176 0.92682927
 0.68421053 0.47368421 0.33333333 0.05263158 0.05263158 0.61904762
 0.36842105 0.41176471 0.5        0.95       0.99375    1.
 1.         0.68421053 0.52380952 0.5       ]
,[0.82352941 0.76470588 0.61111111 0.12765957 0.79365079 0.30769231
 0.17777778 0.56338028 0.63636364 0.57894737 0.67515924 0.68852459
 0.23076923 0.4        0.8627451  0.6        0.42105263 0.51428571
 0.71111111 0.62857143 0.63013699 0.66666667 0.57692308 0.75
 0.3255814  0.26315789 0.54545455 0.125      0.61538462 0.
 0.8        0.7826087  0.61538462 0.97435897 0.56521739 0.69387755
 0.76595745 0.16666667 0.         0.67741935 0.53333333 0.08695652
 0.52631579 0.73684211 0.28571429 0.83636364 0.42424242 0.51428571
 0.68       0.46153846 0.34782609 0.46153846 0.8        0.58823529
 0.5625     0.60606061 0.63157895 0.22222222 0.         0.09090909
 0.2962963  0.90909091 0.6        0.77777778 0.57142857 0.78787879
 0.58064516 0.43478261 0.08       0.23076923 0.         0.85106383
 0.76595745 0.14285714 0.36363636 0.48275862 0.88888889 0.68965517
 0.38709677 0.48780488 0.48275862 0.6        0.27586207 0.44444444
 0.37837838 0.60869565 0.72727273 0.         0.47272727 0.73873874
 0.81081081 0.76       0.81818182 0.8        0.36363636 0.58333333
 0.73333333 0.87179487 0.64285714 0.94444444 0.71232877 0.
 0.86956522 0.68181818 0.45714286 0.5        0.84848485 0.3
 0.57575758 0.90322581 0.53333333 0.66666667 0.75555556 0.62962963
 0.1        0.85106383 0.83333333 0.66666667 0.22222222 0.44
 0.66666667 0.29268293 0.90196078 0.44444444 0.06060606 0.31884058
 0.73529412 0.57142857 0.88095238 0.65116279 0.68965517 0.58333333
 0.86666667 0.55319149 0.1        0.52941176 0.65168539 0.63461538
 0.41666667 0.78787879 0.72340426 0.64150943 0.61290323 0.44444444
 0.82901554 0.26315789 0.50819672 0.56790123 0.27027027 0.39130435
 0.75555556 0.72340426 0.72222222 0.70588235 0.24       0.07692308
 0.69090909 0.77419355 0.38297872 0.71428571 0.65384615 0.34782609
 0.24       0.79069767 0.10526316 0.68965517 0.23076923 0.81818182
 0.33333333 0.76595745 0.46666667 0.82352941 0.27777778 0.77419355
 0.77419355 0.72340426 0.6        0.91891892 0.44444444 0.32142857
 0.56521739 0.86956522 0.65306122 0.75862069 0.22222222 0.94117647
 0.51851852 0.53846154 0.68421053 0.53571429 0.4        0.44444444
 0.70886076 0.70833333 0.         0.65625    0.27586207 0.68571429
 0.30769231 0.3030303  0.9375     0.26086957 0.48275862 0.90909091
 0.48       0.57894737 0.45714286 0.75675676 0.06060606 0.46511628
 0.30769231 0.66666667 0.66666667 0.66666667 0.90322581 0.81081081
 0.8372093  0.66666667 0.         0.26086957 0.85106383 0.16
 0.61538462 0.41176471 0.94444444 0.         0.64788732 0.32
 0.19047619 0.94736842 0.6        0.67676768 0.13333333 0.55737705
 0.7804878  0.16       0.77777778 0.52631579 0.64285714 0.78350515
 0.57777778 0.6        0.5        0.08695652 0.08695652 0.61904762
 0.51851852 0.51851852 0.32786885 0.95       0.81122449 0.96
 0.8877551  0.78787879 0.51162791 0.55      ]
