mACC, mP, mR, mF1, ACC, P, R, F1
0.779887714663144,0.7850197775133317,0.7535416808766366,0.755424879381676
,[ 15  16  25  12  27  13  17  41  17  16  50  42  15  13  22  15   6  14
  21  15  24  16  20  19  13   6  19  19  15   8  12  20  14  19  12  20
  21  13   1  21  15   9  18  23   7  23  14  12  21  15  19  12  16  22
  10  13  17  13   2   7  14  17  20  24  17  13  15  13  10   6  15  23
  17   7   9  16  16  13  10  12  13   8  14  16  17  14  14  15  16  41
  17  38  19  20  12  52  15  17  13  18  27  12  23  19  47  11  16   7
  26  15  15  12  20  21  13  22  17  19  10  19  17  11  22  17   5  21
  24  18  38  16  14  38  27  20   4  16  31  31  14  13  21  17  24  12
 160   8  32  22  17  18  21  22  13  18   9  13  20  26  25  15  19  16
   5  20  13  16  11  27  13  21  10  19   7  14  14  18  15  19  16  14
  18  22  15  15   7  17  16   6  22  15  11  20  27  20   1  21  11  14
  11  16  17  15  16  15  11  20  20  19   9  19   7  24  13  27  13  17
  21  13   1  15  20  15   7  16  16  15  29  18   9  19  13  68   3  20
  17  12  16  16  12  40  14  17   9  14  11  15  13  12  13  20 157  24
  87  15  10  18]
,[0.88235294 0.84210526 0.86206897 0.70588235 0.96428571 0.72222222
 0.77272727 0.77358491 0.77272727 0.69565217 0.87719298 0.95454545
 0.78947368 1.         0.84615385 0.78947368 0.54545455 0.82352941
 0.84       0.68181818 0.82758621 0.69565217 0.95238095 0.9047619
 0.46428571 0.85714286 0.55882353 0.7037037  1.         0.44444444
 1.         0.74074074 0.60869565 0.95       0.48       0.74074074
 0.80769231 0.92857143 0.125      0.875      0.88235294 0.47368421
 0.69230769 0.6969697  0.875      0.82142857 0.875      0.8
 0.84       0.68181818 0.55882353 0.85714286 0.64       0.73333333
 1.         0.76470588 0.73913043 0.86666667 0.66666667 1.
 0.60869565 0.89473684 0.95238095 0.96       0.89473684 1.
 0.9375     1.         0.66666667 0.66666667 0.78947368 0.82142857
 0.70833333 0.7        0.5        0.94117647 1.         0.92857143
 0.55555556 0.66666667 0.92857143 0.88888889 0.875      0.88888889
 0.68       0.93333333 0.93333333 0.88235294 0.72727273 0.95348837
 1.         0.80851064 1.         1.         1.         0.60465116
 0.88235294 1.         1.         0.94736842 0.675      0.85714286
 0.92       0.76       0.79661017 0.91666667 0.94117647 0.58333333
 0.8125     0.9375     0.75       0.8        1.         1.
 0.68421053 1.         0.85       0.76       0.625      0.95
 0.94444444 0.61111111 1.         1.         0.5        0.46666667
 0.75       0.48648649 0.97435897 0.72727273 0.58333333 0.84444444
 0.79411765 0.8        0.5        1.         0.86111111 0.65957447
 0.77777778 0.92857143 0.51219512 0.89473684 0.63157895 0.75
 0.93567251 0.61538462 0.72727273 0.61111111 0.70833333 0.75
 0.77777778 0.84615385 0.92857143 0.81818182 0.6        0.56521739
 0.76923077 0.89655172 0.44642857 0.9375     0.82608696 0.53333333
 0.38461538 1.         0.8125     0.76190476 0.84615385 0.87096774
 0.8125     0.875      0.71428571 1.         0.5        0.875
 0.93333333 0.7826087  0.88235294 1.         0.72727273 0.5
 0.75       1.         0.75       0.78947368 0.38888889 0.73913043
 0.8        0.46153846 0.95652174 0.88235294 0.5        0.86956522
 0.9        0.90909091 0.5        0.77777778 0.84615385 0.93333333
 0.55       0.59259259 1.         0.71428571 0.51612903 1.
 0.84615385 0.54054054 0.71428571 0.86363636 0.75       0.79166667
 0.77777778 0.88888889 1.         0.51923077 0.92857143 1.
 0.77777778 0.92857143 0.16666667 1.         0.8        0.6
 0.77777778 0.72727273 0.88888889 0.9375     0.6744186  0.75
 0.6        1.         0.92857143 0.73913043 0.42857143 0.51282051
 0.94444444 0.75       0.76190476 0.94117647 0.75       0.95238095
 0.53846154 1.         0.9        0.4375     0.78571429 0.71428571
 0.86666667 0.85714286 0.48148148 0.95238095 0.86740331 0.96
 0.95604396 0.83333333 0.47619048 0.66666667]
,[0.75       0.8        0.80645161 0.46153846 0.9        0.72222222
 0.77272727 0.87234043 0.80952381 0.84210526 0.89285714 0.95454545
 0.75       0.72222222 0.88       0.78947368 0.28571429 0.66666667
 0.84       0.88235294 0.82758621 0.8        0.90909091 0.82608696
 0.56521739 0.27272727 0.95       0.86363636 0.71428571 0.38095238
 0.66666667 0.95238095 0.66666667 0.95       0.66666667 0.90909091
 0.875      0.59090909 0.05882353 0.84       0.83333333 0.5
 0.72       0.92       0.41176471 0.85185185 0.73684211 0.57142857
 0.95454545 0.75       0.82608696 0.70588235 0.94117647 0.91666667
 0.5        0.61904762 0.77272727 0.68421053 0.11764706 0.38888889
 0.66666667 1.         0.8        0.88888889 0.80952381 0.76470588
 0.88235294 0.59090909 0.5        0.35294118 0.75       0.95833333
 0.85       0.30434783 0.52941176 0.94117647 0.84210526 0.72222222
 0.5        0.5        0.68421053 0.47058824 0.73684211 0.94117647
 0.73913043 0.875      0.73684211 0.75       0.72727273 0.95348837
 0.89473684 0.92682927 0.82608696 0.95238095 0.66666667 0.9122807
 0.83333333 0.85       0.8125     0.94736842 0.96428571 0.66666667
 1.         0.95       0.87037037 0.61111111 0.88888889 0.41176471
 0.8125     0.88235294 0.88235294 0.70588235 0.83333333 0.875
 0.72222222 1.         0.68       0.86363636 0.55555556 0.73076923
 1.         0.52380952 0.95652174 0.89473684 0.23809524 0.42857143
 0.92307692 0.85714286 1.         0.84210526 0.73684211 1.
 0.96428571 0.83333333 0.21052632 0.84210526 0.96875    0.79487179
 0.77777778 0.72222222 0.875      0.77272727 0.92307692 0.70588235
 1.         0.47058824 0.7804878  0.62857143 0.80952381 0.7826087
 0.95454545 0.91666667 0.68421053 0.85714286 0.47368421 0.65
 0.95238095 0.86666667 0.5952381  0.88235294 0.9047619  0.84210526
 0.27777778 0.95238095 0.72222222 0.84210526 0.61111111 0.96428571
 0.68421053 1.         0.58823529 0.95       0.31818182 0.82352941
 0.82352941 0.81818182 0.75       0.95       1.         0.66666667
 0.9        0.91666667 0.75       0.88235294 0.33333333 1.
 0.84210526 0.33333333 0.91666667 0.65217391 0.47826087 0.86956522
 0.77142857 0.86956522 0.05555556 1.         0.55       0.63636364
 0.52380952 0.8        1.         0.75       0.84210526 0.9375
 0.61111111 1.         0.86956522 0.86363636 0.42857143 0.82608696
 0.36842105 0.85714286 0.61904762 0.96428571 0.76470588 0.85
 1.         0.76470588 0.05882353 0.78947368 0.95238095 0.78947368
 0.4375     0.72727273 0.88888889 0.75       0.96666667 0.94736842
 0.47368421 1.         0.56521739 0.94444444 0.15       0.8
 0.73913043 0.6        0.88888889 0.8        0.70588235 0.97560976
 0.73684211 0.89473684 0.5        0.73684211 0.57894737 0.71428571
 0.68421053 0.70588235 0.65       1.         0.98125    1.
 1.         0.78947368 0.47619048 0.81818182]
,[0.81081081 0.82051282 0.83333333 0.55813953 0.93103448 0.72222222
 0.77272727 0.82       0.79069767 0.76190476 0.88495575 0.95454545
 0.76923077 0.83870968 0.8627451  0.78947368 0.375      0.73684211
 0.84       0.76923077 0.82758621 0.74418605 0.93023256 0.86363636
 0.50980392 0.4137931  0.7037037  0.7755102  0.83333333 0.41025641
 0.8        0.83333333 0.63636364 0.95       0.55813953 0.81632653
 0.84       0.72222222 0.08       0.85714286 0.85714286 0.48648649
 0.70588235 0.79310345 0.56       0.83636364 0.8        0.66666667
 0.89361702 0.71428571 0.66666667 0.77419355 0.76190476 0.81481481
 0.66666667 0.68421053 0.75555556 0.76470588 0.2        0.56
 0.63636364 0.94444444 0.86956522 0.92307692 0.85       0.86666667
 0.90909091 0.74285714 0.57142857 0.46153846 0.76923077 0.88461538
 0.77272727 0.42424242 0.51428571 0.94117647 0.91428571 0.8125
 0.52631579 0.57142857 0.78787879 0.61538462 0.8        0.91428571
 0.70833333 0.90322581 0.82352941 0.81081081 0.72727273 0.95348837
 0.94444444 0.86363636 0.9047619  0.97560976 0.8        0.72727273
 0.85714286 0.91891892 0.89655172 0.94736842 0.79411765 0.75
 0.95833333 0.84444444 0.83185841 0.73333333 0.91428571 0.48275862
 0.8125     0.90909091 0.81081081 0.75       0.90909091 0.93333333
 0.7027027  1.         0.75555556 0.80851064 0.58823529 0.82608696
 0.97142857 0.56410256 0.97777778 0.94444444 0.32258065 0.44680851
 0.82758621 0.62068966 0.98701299 0.7804878  0.65116279 0.91566265
 0.87096774 0.81632653 0.2962963  0.91428571 0.91176471 0.72093023
 0.77777778 0.8125     0.64615385 0.82926829 0.75       0.72727273
 0.96676737 0.53333333 0.75294118 0.61971831 0.75555556 0.76595745
 0.85714286 0.88       0.78787879 0.8372093  0.52941176 0.60465116
 0.85106383 0.88135593 0.51020408 0.90909091 0.86363636 0.65306122
 0.32258065 0.97560976 0.76470588 0.8        0.70967742 0.91525424
 0.74285714 0.93333333 0.64516129 0.97435897 0.38888889 0.84848485
 0.875      0.8        0.81081081 0.97435897 0.84210526 0.57142857
 0.81818182 0.95652174 0.75       0.83333333 0.35897436 0.85
 0.82051282 0.38709677 0.93617021 0.75       0.48888889 0.86956522
 0.83076923 0.88888889 0.1        0.875      0.66666667 0.75675676
 0.53658537 0.68085106 1.         0.73170732 0.64       0.96774194
 0.70967742 0.70175439 0.78431373 0.86363636 0.54545455 0.80851064
 0.5        0.87272727 0.76470588 0.675      0.83870968 0.91891892
 0.875      0.83870968 0.08695652 0.88235294 0.86956522 0.68181818
 0.56       0.72727273 0.88888889 0.83333333 0.79452055 0.8372093
 0.52941176 1.         0.7027027  0.82926829 0.22222222 0.625
 0.82926829 0.66666667 0.82051282 0.86486486 0.72727273 0.96385542
 0.62222222 0.94444444 0.64285714 0.54901961 0.66666667 0.71428571
 0.76470588 0.77419355 0.55319149 0.97560976 0.92082111 0.97959184
 0.97752809 0.81081081 0.47619048 0.73469388]
