mACC, mP, mR, mF1, ACC, P, R, F1
0.7242404227212682,0.7280954088066578,0.6896984580848311,0.6946260871484142
,[ 12  17  23   9  26   8  11  40  17  14  53  42   8  13  24  12   9  11
  20  12  22  19  18  18   8   8  16   5  14   2  12  20  13  19  12  19
  19  11   5  24  17   8  18  25   6  23  11  12  19  14  17  12  16  15
  13  11  12   7   1   4   5  16  21  23  19  13  12  13   7   4   6  23
  17   8   9  14  17  11  12   7  13   9  12  15  16  12  12  13  14  40
  18  38  18  20  11  45  13  17  12  17  25  11  22  17  48   4  14   3
  22  14  11  15  16  19   6  20  19  14   6  17  14   9  23  15   4  22
  24  14  36  16  14  31  25  13   4  14  31  32  12  15  21  16  23  10
 160   1  30  24  16  18  20  19  14  19   6   9  21  23  32  13  17  16
   6  18  10  13  13  24  10  20   9  18   3  11  15  16  15  18  13  12
  18  22  16  11   5  17  14   8  19  16  12  21  28  16   2  20  13  11
  12  14  17  14  11  15  11  14  13  21   7  17   7  24  13  24  14  17
  20  12   3  13  20  13  11  17  17  10  25  12   2  19  14  68   4  19
  18   8  17  15  11  38  14  15   9   7   9  14   9  12  11  20 159  24
  87  14  12  19]
,[0.92307692 0.89473684 0.82142857 0.36       0.76470588 0.8
 0.42307692 0.72727273 0.56666667 0.7        0.79104478 0.75
 0.66666667 0.8125     0.64864865 0.92307692 0.75       0.84615385
 0.8        0.8        0.6875     0.95       0.9        0.9
 0.44444444 0.53333333 0.84210526 0.45454545 0.58333333 0.25
 0.92307692 0.86956522 0.65       0.95       0.63157895 0.79166667
 0.86363636 0.78571429 0.27777778 0.75       0.89473684 0.72727273
 0.6        0.6097561  0.6        0.85185185 0.55       0.52173913
 0.73076923 0.82352941 0.44736842 0.8        0.84210526 0.6
 0.76470588 0.78571429 0.66666667 0.58333333 0.125      0.44444444
 0.38461538 0.94117647 0.875      0.82142857 1.         0.92857143
 0.92307692 0.86666667 0.58333333 0.33333333 0.54545455 0.85185185
 0.60714286 0.61538462 0.40909091 0.93333333 1.         0.84615385
 0.54545455 0.63636364 0.8125     0.9        0.75       0.9375
 0.57142857 0.85714286 1.         1.         0.53846154 0.74074074
 0.9        0.82608696 0.94736842 0.95238095 0.78571429 0.60810811
 1.         0.94444444 0.66666667 0.94444444 0.73529412 1.
 0.78571429 0.80952381 0.48979592 0.8        0.82352941 0.42857143
 0.75862069 1.         0.78571429 0.88235294 0.88888889 0.9047619
 0.54545455 0.86956522 0.86363636 0.60869565 0.54545455 0.68
 0.82352941 0.39130435 0.95833333 0.68181818 0.26666667 0.44
 0.66666667 0.63636364 1.         0.59259259 0.875      0.81578947
 0.73529412 0.8125     0.5        1.         0.67391304 0.64
 0.8        0.88235294 0.7        0.76190476 0.53488372 0.58823529
 0.88888889 0.33333333 0.54545455 0.6        0.64       0.7826087
 0.8        0.86363636 0.93333333 0.63333333 0.5        0.39130435
 0.7        0.82142857 0.32323232 0.92857143 0.70833333 0.72727273
 0.4        0.94736842 0.625      0.65       0.86666667 0.88888889
 0.58823529 0.8        0.6        1.         0.23076923 0.84615385
 0.9375     0.69565217 0.78947368 1.         0.8125     0.57142857
 0.75       0.95652174 0.61538462 0.84615385 0.71428571 0.94444444
 0.7        0.53333333 0.9047619  0.66666667 0.46153846 0.63636364
 0.73684211 0.72727273 0.66666667 0.76923077 0.59090909 0.64705882
 0.63157895 0.35897436 0.94444444 0.875      0.57894737 0.9375
 0.61111111 0.51851852 0.92857143 0.75       0.35       0.94444444
 0.7        0.82758621 0.86666667 0.72727273 0.93333333 0.89473684
 0.74074074 1.         0.5        0.72222222 0.86956522 0.5
 0.73333333 0.51515152 0.94444444 0.83333333 0.69444444 0.8
 0.4        0.95       0.82352941 0.75555556 0.30769231 0.57575758
 0.94736842 0.88888889 0.68       0.83333333 0.91666667 0.92682927
 0.66666667 1.         0.81818182 0.58333333 0.64285714 0.73684211
 0.5        0.75       0.44       0.95238095 0.8238342  0.96
 0.94565217 0.82352941 0.57142857 0.61290323]
,[0.6        0.85       0.74193548 0.34615385 0.86666667 0.44444444
 0.5        0.85106383 0.80952381 0.73684211 0.94642857 0.95454545
 0.4        0.72222222 0.96       0.63157895 0.42857143 0.52380952
 0.8        0.70588235 0.75862069 0.95       0.81818182 0.7826087
 0.34782609 0.36363636 0.8        0.22727273 0.66666667 0.0952381
 0.66666667 0.95238095 0.61904762 0.95       0.66666667 0.86363636
 0.79166667 0.5        0.29411765 0.96       0.94444444 0.44444444
 0.72       1.         0.35294118 0.85185185 0.57894737 0.57142857
 0.86363636 0.7        0.73913043 0.70588235 0.94117647 0.625
 0.65       0.52380952 0.54545455 0.36842105 0.05882353 0.22222222
 0.23809524 0.94117647 0.84       0.85185185 0.9047619  0.76470588
 0.70588235 0.59090909 0.35       0.23529412 0.3        0.95833333
 0.85       0.34782609 0.52941176 0.82352941 0.89473684 0.61111111
 0.6        0.29166667 0.68421053 0.52941176 0.63157895 0.88235294
 0.69565217 0.75       0.63157895 0.65       0.63636364 0.93023256
 0.94736842 0.92682927 0.7826087  0.95238095 0.61111111 0.78947368
 0.72222222 0.85       0.75       0.89473684 0.89285714 0.61111111
 0.95652174 0.85       0.88888889 0.22222222 0.77777778 0.17647059
 0.6875     0.82352941 0.64705882 0.88235294 0.66666667 0.79166667
 0.33333333 0.90909091 0.76       0.63636364 0.33333333 0.65384615
 0.82352941 0.42857143 1.         0.78947368 0.19047619 0.44897959
 0.92307692 0.66666667 0.94736842 0.84210526 0.73684211 0.81578947
 0.89285714 0.54166667 0.21052632 0.73684211 0.96875    0.82051282
 0.66666667 0.83333333 0.875      0.72727273 0.88461538 0.58823529
 1.         0.05882353 0.73170732 0.68571429 0.76190476 0.7826087
 0.90909091 0.79166667 0.73684211 0.9047619  0.31578947 0.45
 1.         0.76666667 0.76190476 0.76470588 0.80952381 0.84210526
 0.33333333 0.85714286 0.55555556 0.68421053 0.72222222 0.85714286
 0.52631579 0.95238095 0.52941176 0.9        0.13636364 0.64705882
 0.88235294 0.72727273 0.75       0.9        0.8125     0.57142857
 0.9        0.91666667 0.8        0.64705882 0.23809524 1.
 0.73684211 0.44444444 0.79166667 0.69565217 0.52173913 0.91304348
 0.8        0.69565217 0.11111111 0.95238095 0.65       0.5
 0.57142857 0.7        1.         0.7        0.57894737 0.9375
 0.61111111 0.7        0.56521739 0.95454545 0.33333333 0.73913043
 0.36842105 0.85714286 0.61904762 0.85714286 0.82352941 0.85
 0.95238095 0.70588235 0.17647059 0.68421053 0.95238095 0.68421053
 0.6875     0.77272727 0.94444444 0.5        0.83333333 0.63157895
 0.10526316 1.         0.60869565 0.94444444 0.2        0.76
 0.7826087  0.4        0.94444444 0.75       0.64705882 0.92682927
 0.73684211 0.78947368 0.5        0.36842105 0.47368421 0.66666667
 0.47368421 0.70588235 0.55       1.         0.99375    1.
 1.         0.73684211 0.57142857 0.86363636]
,[0.72727273 0.87179487 0.77966102 0.35294118 0.8125     0.57142857
 0.45833333 0.78431373 0.66666667 0.71794872 0.86178862 0.84
 0.5        0.76470588 0.77419355 0.75       0.54545455 0.64705882
 0.8        0.75       0.72131148 0.95       0.85714286 0.8372093
 0.3902439  0.43243243 0.82051282 0.3030303  0.62222222 0.13793103
 0.77419355 0.90909091 0.63414634 0.95       0.64864865 0.82608696
 0.82608696 0.61111111 0.28571429 0.84210526 0.91891892 0.55172414
 0.65454545 0.75757576 0.44444444 0.85185185 0.56410256 0.54545455
 0.79166667 0.75675676 0.55737705 0.75       0.88888889 0.6122449
 0.7027027  0.62857143 0.6        0.4516129  0.08       0.2962963
 0.29411765 0.94117647 0.85714286 0.83636364 0.95       0.83870968
 0.8        0.7027027  0.4375     0.27586207 0.38709677 0.90196078
 0.70833333 0.44444444 0.46153846 0.875      0.94444444 0.70967742
 0.57142857 0.4        0.74285714 0.66666667 0.68571429 0.90909091
 0.62745098 0.8        0.77419355 0.78787879 0.58333333 0.82474227
 0.92307692 0.87356322 0.85714286 0.95238095 0.6875     0.6870229
 0.83870968 0.89473684 0.70588235 0.91891892 0.80645161 0.75862069
 0.8627451  0.82926829 0.63157895 0.34782609 0.8        0.25
 0.72131148 0.90322581 0.70967742 0.88235294 0.76190476 0.84444444
 0.4137931  0.88888889 0.80851064 0.62222222 0.4137931  0.66666667
 0.82352941 0.40909091 0.9787234  0.73170732 0.22222222 0.44444444
 0.77419355 0.65116279 0.97297297 0.69565217 0.8        0.81578947
 0.80645161 0.65       0.2962963  0.84848485 0.79487179 0.71910112
 0.72727273 0.85714286 0.77777778 0.74418605 0.66666667 0.58823529
 0.94117647 0.1        0.625      0.64       0.69565217 0.7826087
 0.85106383 0.82608696 0.82352941 0.74509804 0.38709677 0.41860465
 0.82352941 0.79310345 0.45390071 0.83870968 0.75555556 0.7804878
 0.36363636 0.9        0.58823529 0.66666667 0.78787879 0.87272727
 0.55555556 0.86956522 0.5625     0.94736842 0.17142857 0.73333333
 0.90909091 0.71111111 0.76923077 0.94736842 0.8125     0.57142857
 0.81818182 0.93617021 0.69565217 0.73333333 0.35714286 0.97142857
 0.71794872 0.48484848 0.84444444 0.68085106 0.48979592 0.75
 0.76712329 0.71111111 0.19047619 0.85106383 0.61904762 0.56410256
 0.6        0.47457627 0.97142857 0.77777778 0.57894737 0.9375
 0.61111111 0.59574468 0.7027027  0.84       0.34146341 0.82926829
 0.48275862 0.84210526 0.72222222 0.78688525 0.875      0.87179487
 0.83333333 0.82758621 0.26086957 0.7027027  0.90909091 0.57777778
 0.70967742 0.61818182 0.94444444 0.625      0.75757576 0.70588235
 0.16666667 0.97435897 0.7        0.83950617 0.24242424 0.65517241
 0.85714286 0.55172414 0.79069767 0.78947368 0.75862069 0.92682927
 0.7        0.88235294 0.62068966 0.4516129  0.54545455 0.7
 0.48648649 0.72727273 0.48888889 0.97560976 0.90084986 0.97959184
 0.97206704 0.77777778 0.57142857 0.71698113]
