mACC, mP, mR, mF1, ACC, P, R, F1
0.2750990752972259,0.42389831858292226,0.18258365505359947,0.1799263169345221
,[  4   4   2   4  22   0   0  19   0   4  53  32   0   0   9   4   0   2
   2   1  20   1   0   0   4   0   0   0   0   0   1   7   1   9   0   1
   8   0   0   3   0   1   2   5   0  17   1   5   2   0   0   3   2   1
   3   0   0   0   0   1   1   5   0  12   0   2   2   2   0   0   0   8
   0   1   1   2   8   9   4   0   6   7   0   1   0   1   1   0   0  36
   0  40   1   0   0  34   0   0   0   8  20   0   2   1  48   0   4   0
   6   5   6   2   3   2   0   3   1   4   0  11   3   0  14   2   1  19
  22   1  38   7   4  26  23   0   0   0  31  23   0   1   1   3  24   0
 160   0  22  12   0   0   0   1   4   0   1   0   2  17   5   0   4   0
   1   6   0   0   0  22   0   0   0   0   0   4   1   2   4   2   0   1
   0   2   0  10   0   9   1   0   3   0   0   0  18   0   0   2   0   0
   0   3  11   3   1  12   1   2   3   2   0   4   1  22   5  15   0   6
   1   1   0   1   2   0   0   0   0   1   7   0   0   4   1  65   1   3
   5   0   6   8   8  39   1   0   2   1   0   9   0   1   1   9 159  19
  87   0   0   4]
,[1.         1.         0.28571429 0.03508772 0.66666667 0.
 0.         0.28358209 0.         1.         0.29444444 0.26229508
 0.         0.         0.5625     1.         0.         0.28571429
 1.         1.         0.37735849 1.         0.         0.
 0.66666667 0.         0.         0.         0.         0.
 1.         1.         1.         1.         0.         0.25
 0.8        0.         0.         0.75       0.         1.
 1.         0.625      0.         0.53125    1.         0.71428571
 1.         0.         0.         0.5        1.         1.
 0.75       0.         0.         0.         0.         1.
 1.         0.625      0.         0.52173913 0.         1.
 1.         1.         0.         0.         0.         0.88888889
 0.         0.2        1.         1.         1.         0.16981132
 0.30769231 0.         0.85714286 0.22580645 0.         0.5
 0.         1.         1.         0.         0.         0.16216216
 0.         0.18099548 0.5        0.         0.         0.13438735
 0.         0.         0.         0.8        0.33898305 0.
 1.         0.33333333 0.14501511 0.         1.         0.
 0.07692308 1.         0.85714286 1.         1.         0.66666667
 0.         0.75       0.5        1.         0.         0.2037037
 0.6        0.         1.         0.5        0.03846154 0.12751678
 0.33846154 1.         0.42222222 1.         1.         0.28571429
 0.575      0.         0.         0.         0.39240506 0.19166667
 0.         1.         0.5        1.         0.31168831 0.
 0.22068966 0.         0.15942029 0.42857143 0.         0.
 0.         0.5        0.26666667 0.         0.5        0.
 1.         0.5483871  0.26315789 0.         1.         0.
 1.         0.85714286 0.         0.         0.         0.61111111
 0.         0.         0.         0.         0.         0.8
 1.         1.         1.         1.         0.         1.
 0.         1.         0.         0.76923077 0.         0.9
 0.5        0.         1.         0.         0.         0.
 0.26470588 0.         0.         1.         0.         0.
 0.         1.         1.         0.33333333 0.05555556 1.
 1.         0.66666667 1.         0.66666667 0.         0.8
 1.         0.47826087 0.83333333 0.42857143 0.         1.
 1.         1.         0.         1.         1.         0.
 0.         0.         0.         0.5        0.36842105 0.
 0.         0.66666667 1.         0.15081206 0.16666667 0.33333333
 1.         0.         1.         0.8        0.88888889 0.39
 1.         0.         0.33333333 0.05882353 0.         0.09473684
 0.         1.         0.16666667 1.         0.28042328 1.
 0.19863014 0.         0.         0.4       ]
,[0.2        0.2        0.06451613 0.15384615 0.73333333 0.
 0.         0.40425532 0.         0.21052632 0.94642857 0.72727273
 0.         0.         0.36       0.21052632 0.         0.0952381
 0.08       0.05882353 0.68965517 0.05       0.         0.
 0.17391304 0.         0.         0.         0.         0.
 0.05555556 0.33333333 0.04761905 0.45       0.         0.04545455
 0.33333333 0.         0.         0.12       0.         0.05555556
 0.08       0.2        0.         0.62962963 0.05263158 0.23809524
 0.09090909 0.         0.         0.17647059 0.11764706 0.04166667
 0.15       0.         0.         0.         0.         0.05555556
 0.04761905 0.29411765 0.         0.44444444 0.         0.11764706
 0.11764706 0.09090909 0.         0.         0.         0.33333333
 0.         0.04347826 0.05882353 0.11764706 0.42105263 0.5
 0.2        0.         0.31578947 0.41176471 0.         0.05882353
 0.         0.0625     0.05263158 0.         0.         0.8372093
 0.         0.97560976 0.04347826 0.         0.         0.59649123
 0.         0.         0.         0.42105263 0.71428571 0.
 0.08695652 0.05       0.88888889 0.         0.22222222 0.
 0.1875     0.29411765 0.35294118 0.11764706 0.125      0.08333333
 0.         0.13636364 0.04       0.18181818 0.         0.42307692
 0.17647059 0.         0.60869565 0.10526316 0.04761905 0.3877551
 0.84615385 0.04761905 1.         0.36842105 0.21052632 0.68421053
 0.82142857 0.         0.         0.         0.96875    0.58974359
 0.         0.05555556 0.04166667 0.13636364 0.92307692 0.
 1.         0.         0.53658537 0.34285714 0.         0.
 0.         0.04166667 0.21052632 0.         0.05263158 0.
 0.0952381  0.56666667 0.11904762 0.         0.19047619 0.
 0.05555556 0.28571429 0.         0.         0.         0.78571429
 0.         0.         0.         0.         0.         0.23529412
 0.05882353 0.09090909 0.2        0.1        0.         0.04761905
 0.         0.08333333 0.         0.58823529 0.         0.52941176
 0.05263158 0.         0.125      0.         0.         0.
 0.51428571 0.         0.         0.0952381  0.         0.
 0.         0.15       0.64705882 0.15       0.05263158 0.75
 0.05555556 0.1        0.13043478 0.09090909 0.         0.17391304
 0.05263158 0.78571429 0.23809524 0.53571429 0.         0.3
 0.04761905 0.05882353 0.         0.05263158 0.0952381  0.
 0.         0.         0.         0.05       0.23333333 0.
 0.         0.21052632 0.04347826 0.90277778 0.05       0.12
 0.2173913  0.         0.33333333 0.4        0.47058824 0.95121951
 0.05263158 0.         0.11111111 0.05263158 0.         0.42857143
 0.         0.05882353 0.05       0.45       0.99375    0.79166667
 1.         0.         0.         0.18181818]
,[0.33333333 0.33333333 0.10526316 0.05714286 0.6984127  0.
 0.         0.33333333 0.         0.34782609 0.44915254 0.38554217
 0.         0.         0.43902439 0.34782609 0.         0.14285714
 0.14814815 0.11111111 0.48780488 0.0952381  0.         0.
 0.27586207 0.         0.         0.         0.         0.
 0.10526316 0.5        0.09090909 0.62068966 0.         0.07692308
 0.47058824 0.         0.         0.20689655 0.         0.10526316
 0.14814815 0.3030303  0.         0.57627119 0.1        0.35714286
 0.16666667 0.         0.         0.26086957 0.21052632 0.08
 0.25       0.         0.         0.         0.         0.10526316
 0.09090909 0.4        0.         0.48       0.         0.21052632
 0.21052632 0.16666667 0.         0.         0.         0.48484848
 0.         0.07142857 0.11111111 0.21052632 0.59259259 0.25352113
 0.24242424 0.         0.46153846 0.29166667 0.         0.10526316
 0.         0.11764706 0.1        0.         0.         0.27169811
 0.         0.30534351 0.08       0.         0.         0.21935484
 0.         0.         0.         0.55172414 0.45977011 0.
 0.16       0.08695652 0.24935065 0.         0.36363636 0.
 0.10909091 0.45454545 0.5        0.21052632 0.22222222 0.14814815
 0.         0.23076923 0.07407407 0.30769231 0.         0.275
 0.27272727 0.         0.75675676 0.17391304 0.04255319 0.19191919
 0.48351648 0.09090909 0.59375    0.53846154 0.34782609 0.40310078
 0.67647059 0.         0.         0.         0.55855856 0.28930818
 0.         0.10526316 0.07692308 0.24       0.46601942 0.
 0.36158192 0.         0.24581006 0.38095238 0.         0.
 0.         0.07692308 0.23529412 0.         0.0952381  0.
 0.17391304 0.55737705 0.16393443 0.         0.32       0.
 0.10526316 0.42857143 0.         0.         0.         0.6875
 0.         0.         0.         0.         0.         0.36363636
 0.11111111 0.16666667 0.33333333 0.18181818 0.         0.09090909
 0.         0.15384615 0.         0.66666667 0.         0.66666667
 0.0952381  0.         0.22222222 0.         0.         0.
 0.34951456 0.         0.         0.17391304 0.         0.
 0.         0.26086957 0.78571429 0.20689655 0.05405405 0.85714286
 0.10526316 0.17391304 0.23076923 0.16       0.         0.28571429
 0.1        0.59459459 0.37037037 0.47619048 0.         0.46153846
 0.09090909 0.11111111 0.         0.1        0.17391304 0.
 0.         0.         0.         0.09090909 0.28571429 0.
 0.         0.32       0.08333333 0.2584493  0.07692308 0.17647059
 0.35714286 0.         0.5        0.53333333 0.61538462 0.55319149
 0.1        0.         0.16666667 0.05555556 0.         0.15517241
 0.         0.11111111 0.07692308 0.62068966 0.43741403 0.88372093
 0.33142857 0.         0.         0.25      ]
