mACC, mP, mR, mF1, ACC, P, R, F1
0.7453764861294584,0.7699719140805976,0.7153896737260365,0.7199846078664192
,[ 18  15  26  17  22  12  17  44  13  15  51  40  15  13  25  16   9  12
  14  16  26  20  22  17  17  10  18  16  17   8   9  19  14  18  11  21
  20  14   0  20  16   5  15  25  11  23  13  10  20  11  18  10  16  21
  12  13  16  12   1   7  12  17  22  25  17  17  14  16   3   7  12  21
  14   8  11  15  17  11  10  12  14   6  12  13  19  12  13  15  15  43
  16  37  16  20  11  48  15  16  13  14  22   9  21  16  42   6  15   4
  23  16  12  12  19  19   8  17  19  19   0  19  17   9  20  14   3  31
  24  15  38  15  16  38  24  12   5  11  29  30  13  14  19  17  21   7
 160   9  27  27  16  14  22  16  15  19  11   9  21  26  11  17  17  13
   3  21   6  15   7  28  12  20  11  19   1  14  13  19  18  18  16  13
  19  22  18  15   0  15  16   7  19  18   7  15  30  21   7  20  11  15
  12  15  17  17  11  15   9  17  17  18   7  19   6  23  17  27  12  16
  19  14   9  16  21  13   7  15  17  10  24  17   6  19  14  67   3  22
  19  12  14  16   9  38  15  16   9   9   8  14   8  12   6  20 155  24
  87  15  14  16]
,[0.69230769 0.9375     0.76470588 0.5        0.95652174 0.92307692
 0.53125    0.59459459 0.92857143 0.68181818 0.89473684 0.93023256
 0.83333333 0.92857143 0.83333333 0.66666667 0.81818182 0.85714286
 1.         0.76190476 0.74285714 0.625      0.84615385 0.94444444
 0.56666667 0.76923077 0.6        0.64       0.80952381 0.5
 0.75       0.7037037  0.66666667 0.7826087  0.78571429 0.80769231
 0.76923077 0.875      0.         0.8        0.94117647 0.71428571
 0.51724138 0.5952381  0.36666667 0.85185185 0.86666667 0.83333333
 0.76923077 1.         0.75       0.83333333 0.94117647 0.80769231
 0.63157895 0.76470588 0.61538462 0.75       1.         0.875
 0.46153846 0.94444444 0.66666667 0.92592593 0.85       0.85
 0.7        0.48484848 0.75       0.77777778 0.85714286 0.80769231
 0.93333333 0.61538462 0.64705882 0.9375     0.94444444 1.
 0.625      0.66666667 0.60869565 1.         0.75       0.92857143
 0.57575758 1.         1.         0.78947368 0.68181818 0.74137931
 0.88888889 0.84090909 1.         0.95238095 1.         0.6
 0.78947368 0.94117647 0.86666667 1.         0.95652174 1.
 0.77777778 0.72727273 0.66666667 1.         1.         0.66666667
 0.92       0.84210526 0.85714286 1.         0.95       0.95
 0.88888889 0.89473684 0.9047619  0.59375    0.         0.86363636
 0.73913043 0.42857143 0.83333333 0.82352941 0.375      0.36904762
 0.64864865 0.48387097 1.         0.78947368 0.76190476 0.69090909
 0.8        0.92307692 0.83333333 0.84615385 0.78378378 0.83333333
 1.         0.93333333 0.73076923 0.70833333 0.75       0.77777778
 0.73394495 0.5625     0.65853659 0.5        0.84210526 1.
 0.88       0.84210526 0.88235294 0.79166667 0.57894737 0.5
 0.95454545 0.83870968 0.33333333 0.73913043 0.94444444 0.76470588
 0.5        0.875      0.85714286 0.88235294 0.63636364 0.96551724
 1.         0.86956522 0.55       0.95       0.5        0.875
 0.86666667 0.67857143 0.81818182 0.94736842 0.88888889 0.5
 0.76       1.         0.94736842 0.68181818 0.         0.9375
 0.8        0.875      0.79166667 0.51428571 0.875      0.75
 0.73170732 0.7        0.7        0.64516129 0.61111111 0.78947368
 0.70588235 0.6        1.         0.62962963 0.78571429 0.88235294
 0.6        0.60714286 0.89473684 0.85714286 0.30434783 0.45238095
 0.75       0.88461538 0.77272727 0.5625     0.8        0.94117647
 0.61290323 0.875      0.69230769 0.84210526 0.7        0.76470588
 0.77777778 0.71428571 0.94444444 0.76923077 0.64864865 1.
 1.         0.79166667 0.63636364 0.72826087 0.75       0.43137255
 0.82608696 0.92307692 0.875      0.84210526 0.9        0.88372093
 0.57692308 1.         1.         0.9        0.61538462 0.93333333
 0.66666667 0.85714286 0.6        0.95238095 0.83333333 0.82758621
 0.62142857 0.75       0.53846154 0.69565217]
,[0.9        0.75       0.83870968 0.65384615 0.73333333 0.66666667
 0.77272727 0.93617021 0.61904762 0.78947368 0.91071429 0.90909091
 0.75       0.72222222 1.         0.84210526 0.42857143 0.57142857
 0.56       0.94117647 0.89655172 1.         1.         0.73913043
 0.73913043 0.45454545 0.9        0.72727273 0.80952381 0.38095238
 0.5        0.9047619  0.66666667 0.9        0.61111111 0.95454545
 0.83333333 0.63636364 0.         0.8        0.88888889 0.27777778
 0.6        1.         0.64705882 0.85185185 0.68421053 0.47619048
 0.90909091 0.55       0.7826087  0.58823529 0.94117647 0.875
 0.6        0.61904762 0.72727273 0.63157895 0.05882353 0.38888889
 0.57142857 1.         0.88       0.92592593 0.80952381 1.
 0.82352941 0.72727273 0.15       0.41176471 0.6        0.875
 0.7        0.34782609 0.64705882 0.88235294 0.89473684 0.61111111
 0.5        0.5        0.73684211 0.35294118 0.63157895 0.76470588
 0.82608696 0.75       0.68421053 0.75       0.68181818 1.
 0.84210526 0.90243902 0.69565217 0.95238095 0.61111111 0.84210526
 0.83333333 0.8        0.8125     0.73684211 0.78571429 0.5
 0.91304348 0.8        0.77777778 0.33333333 0.83333333 0.23529412
 0.71875    0.94117647 0.70588235 0.70588235 0.79166667 0.79166667
 0.44444444 0.77272727 0.76       0.86363636 0.         0.73076923
 1.         0.42857143 0.86956522 0.73684211 0.14285714 0.63265306
 0.92307692 0.71428571 1.         0.78947368 0.84210526 1.
 0.85714286 0.5        0.26315789 0.57894737 0.90625    0.76923077
 0.72222222 0.77777778 0.79166667 0.77272727 0.80769231 0.41176471
 1.         0.52941176 0.65853659 0.77142857 0.76190476 0.60869565
 1.         0.66666667 0.78947368 0.9047619  0.57894737 0.45
 1.         0.86666667 0.26190476 1.         0.80952381 0.68421053
 0.16666667 1.         0.33333333 0.78947368 0.38888889 1.
 0.63157895 0.95238095 0.64705882 0.95       0.04545455 0.82352941
 0.76470588 0.86363636 0.9        0.9        1.         0.61904762
 0.95       0.91666667 0.9        0.88235294 0.         0.88235294
 0.84210526 0.38888889 0.79166667 0.7826087  0.30434783 0.65217391
 0.85714286 0.91304348 0.38888889 0.95238095 0.55       0.68181818
 0.57142857 0.75       1.         0.85       0.57894737 0.9375
 0.5        0.85       0.73913043 0.81818182 0.33333333 0.82608696
 0.31578947 0.82142857 0.80952381 0.96428571 0.70588235 0.8
 0.9047619  0.82352941 0.52941176 0.84210526 1.         0.68421053
 0.4375     0.68181818 0.94444444 0.5        0.8        0.89473684
 0.31578947 1.         0.60869565 0.93055556 0.15       0.88
 0.82608696 0.6        0.77777778 0.8        0.52941176 0.92682927
 0.78947368 0.84210526 0.5        0.47368421 0.42105263 0.66666667
 0.42105263 0.70588235 0.3        1.         0.96875    1.
 1.         0.78947368 0.66666667 0.72727273]
,[0.7826087  0.83333333 0.8        0.56666667 0.83018868 0.77419355
 0.62962963 0.72727273 0.74285714 0.73170732 0.90265487 0.91954023
 0.78947368 0.8125     0.90909091 0.74418605 0.5625     0.68571429
 0.71794872 0.84210526 0.8125     0.76923077 0.91666667 0.82926829
 0.64150943 0.57142857 0.72       0.68085106 0.80952381 0.43243243
 0.6        0.79166667 0.66666667 0.8372093  0.6875     0.875
 0.8        0.73684211 0.         0.8        0.91428571 0.4
 0.55555556 0.74626866 0.46808511 0.85185185 0.76470588 0.60606061
 0.83333333 0.70967742 0.76595745 0.68965517 0.94117647 0.84
 0.61538462 0.68421053 0.66666667 0.68571429 0.11111111 0.53846154
 0.5106383  0.97142857 0.75862069 0.92592593 0.82926829 0.91891892
 0.75675676 0.58181818 0.25       0.53846154 0.70588235 0.84
 0.8        0.44444444 0.64705882 0.90909091 0.91891892 0.75862069
 0.55555556 0.57142857 0.66666667 0.52173913 0.68571429 0.83870968
 0.67857143 0.85714286 0.8125     0.76923077 0.68181818 0.85148515
 0.86486486 0.87058824 0.82051282 0.95238095 0.75862069 0.70072993
 0.81081081 0.86486486 0.83870968 0.84848485 0.8627451  0.66666667
 0.84       0.76190476 0.71794872 0.5        0.90909091 0.34782609
 0.80701754 0.88888889 0.77419355 0.82758621 0.86363636 0.86363636
 0.59259259 0.82926829 0.82608696 0.7037037  0.         0.79166667
 0.85       0.42857143 0.85106383 0.77777778 0.20689655 0.46616541
 0.76190476 0.57692308 1.         0.78947368 0.8        0.8172043
 0.82758621 0.64864865 0.4        0.6875     0.84057971 0.8
 0.83870968 0.84848485 0.76       0.73913043 0.77777778 0.53846154
 0.84656085 0.54545455 0.65853659 0.60674157 0.8        0.75675676
 0.93617021 0.74418605 0.83333333 0.84444444 0.57894737 0.47368421
 0.97674419 0.85245902 0.29333333 0.85       0.87179487 0.72222222
 0.25       0.93333333 0.48       0.83333333 0.48275862 0.98245614
 0.77419355 0.90909091 0.59459459 0.95       0.08333333 0.84848485
 0.8125     0.76       0.85714286 0.92307692 0.94117647 0.55319149
 0.84444444 0.95652174 0.92307692 0.76923077 0.         0.90909091
 0.82051282 0.53846154 0.79166667 0.62068966 0.4516129  0.69767442
 0.78947368 0.79245283 0.5        0.76923077 0.57894737 0.73170732
 0.63157895 0.66666667 1.         0.72340426 0.66666667 0.90909091
 0.54545455 0.70833333 0.80952381 0.8372093  0.31818182 0.58461538
 0.44444444 0.85185185 0.79069767 0.71052632 0.75       0.86486486
 0.73076923 0.84848485 0.6        0.84210526 0.82352941 0.72222222
 0.56       0.69767442 0.94444444 0.60606061 0.71641791 0.94444444
 0.48       0.88372093 0.62222222 0.81707317 0.25       0.57894737
 0.82608696 0.72727273 0.82352941 0.82051282 0.66666667 0.9047619
 0.66666667 0.91428571 0.66666667 0.62068966 0.5        0.77777778
 0.51612903 0.77419355 0.4        0.97560976 0.89595376 0.90566038
 0.76651982 0.76923077 0.59574468 0.71111111]
