mACC, mP, mR, mF1, ACC, P, R, F1
0.6107992073976222,0.6404566161180756,0.5714849842698221,0.5678237645720321
,[ 15  14  20   5  26  12   1  35  13   4  50  41  16  14  25  10   8  13
   5  16  19  10   1  18   5   0   2  11   9   0   9  20  12  18   5  18
  18  18   0  23  16   2  14  16   0  25  14  11   4  12  17  15  16  22
  13  11  11   8   0   7  13   5  17  26  18  16  13  13   5   0   1   0
  10   0   6  13  16   9   7  16  13   8  13   4   6  12  16  14   5  35
  14  33  21  20   0  53  16  18  14  14  22   0  11  16  45  10  14   5
  24  15  13  11  19  19   7  18  16   8   3  16  15  11  22  14   1  13
  24  10  38  14  12  29  25  13   1  18  24  31   3  12  12  17  21   8
 160  10  30  21  16  17  21  17   2   9   7   0  14  23  15   0  18  10
   8  21   3  14   6  27   7  15   6  19   1  14  13  11  17  18  12   5
  12  21  18  16   0  15  11   8  19  18   0   1  27  12   0  21  11  12
   6  10  17   9   0  16   2  16  15  19   0  17   7  23  14  26   0  14
  16  14   1  16  21   0   4   9   2  13  24   0   5  19   7  69   9   2
  17   8  15  19   9  40   2  12   9   1   0  15  11   6   2  14 143  24
  43  13  17   2]
,[0.75       0.93333333 0.76923077 0.26315789 0.89655172 0.17647059
 0.04166667 0.76086957 0.65       0.26666667 0.81967213 0.78846154
 0.24242424 1.         0.89285714 0.90909091 1.         0.8125
 0.83333333 0.8        0.475      0.66666667 0.02702703 0.81818182
 0.38461538 0.         0.2        0.91666667 0.23076923 0.
 1.         0.83333333 0.57142857 0.94736842 0.33333333 0.75
 0.85714286 0.9        0.         0.82142857 0.37209302 1.
 0.875      0.84210526 0.         0.80645161 0.73684211 0.73333333
 1.         0.57142857 0.80952381 0.5        0.69565217 0.88
 0.86666667 0.78571429 0.73333333 0.72727273 0.         0.35
 0.25       1.         0.94444444 0.53061224 0.9        0.69565217
 1.         0.61904762 0.23809524 0.         0.11111111 0.
 0.90909091 0.         0.85714286 0.86666667 0.88888889 0.75
 0.41176471 0.47058824 0.5        0.42105263 0.35135135 0.57142857
 1.         0.85714286 0.88888889 0.53846154 0.35714286 0.85365854
 1.         0.6        0.58333333 0.55555556 0.         0.38686131
 0.57142857 0.94736842 0.66666667 1.         0.95652174 0.
 0.91666667 0.84210526 0.43269231 0.625      0.93333333 0.11363636
 0.75       1.         0.61904762 0.84615385 1.         0.95
 0.875      1.         0.44444444 0.8        1.         0.88888889
 0.88235294 0.34375    0.84615385 0.66666667 0.02173913 0.37142857
 0.64864865 0.76923077 0.7755102  0.93333333 0.85714286 0.82857143
 0.6097561  0.92857143 0.33333333 0.7826087  0.77419355 0.484375
 0.6        0.63157895 0.92307692 0.85       0.45652174 0.21052632
 0.67510549 0.45454545 0.31914894 0.58333333 0.21333333 0.80952381
 1.         1.         1.         0.75       0.46666667 0.
 0.4516129  0.82142857 0.13392857 0.         1.         0.83333333
 0.16666667 0.77777778 1.         0.93333333 0.85714286 0.5625
 1.         0.78947368 0.46153846 0.95       0.14285714 0.875
 0.40625    0.6875     0.89473684 0.75       0.8        0.83333333
 0.92307692 0.95454545 0.28571429 0.8        0.         0.9375
 0.37931034 0.61538462 0.9047619  0.66666667 0.         0.5
 0.96428571 0.63157895 0.         0.61764706 0.6875     1.
 0.85714286 0.76923077 0.94444444 0.375      0.         0.94117647
 0.4        0.84210526 0.78947368 1.         0.         0.53125
 0.77777778 0.575      1.         0.8125     0.         1.
 0.72727273 1.         1.         0.84210526 0.875      0.
 1.         0.5625     0.28571429 0.52       0.88888889 0.
 0.71428571 0.9047619  0.875      0.50364964 0.20454545 0.66666667
 0.89473684 0.18604651 0.71428571 0.95       0.75       0.88888889
 1.         0.92307692 0.64285714 0.14285714 0.         0.65217391
 0.78571429 0.46153846 0.28571429 0.93333333 0.7606383  0.77419355
 0.74137931 0.72222222 0.38636364 0.66666667]
,[0.75       0.7        0.64516129 0.19230769 0.86666667 0.66666667
 0.04545455 0.74468085 0.61904762 0.21052632 0.89285714 0.93181818
 0.8        0.77777778 1.         0.52631579 0.38095238 0.61904762
 0.2        0.94117647 0.65517241 0.5        0.04545455 0.7826087
 0.2173913  0.         0.1        0.5        0.42857143 0.
 0.5        0.95238095 0.57142857 0.9        0.27777778 0.81818182
 0.75       0.81818182 0.         0.92       0.88888889 0.11111111
 0.56       0.64       0.         0.92592593 0.73684211 0.52380952
 0.18181818 0.6        0.73913043 0.88235294 0.94117647 0.91666667
 0.65       0.52380952 0.5        0.42105263 0.         0.38888889
 0.61904762 0.29411765 0.68       0.96296296 0.85714286 0.94117647
 0.76470588 0.59090909 0.25       0.         0.05       0.
 0.5        0.         0.35294118 0.76470588 0.84210526 0.5
 0.35       0.66666667 0.68421053 0.47058824 0.68421053 0.23529412
 0.26086957 0.75       0.84210526 0.7        0.22727273 0.81395349
 0.73684211 0.80487805 0.91304348 0.95238095 0.         0.92982456
 0.88888889 0.9        0.875      0.73684211 0.78571429 0.
 0.47826087 0.8        0.83333333 0.55555556 0.77777778 0.29411765
 0.75       0.88235294 0.76470588 0.64705882 0.79166667 0.79166667
 0.38888889 0.81818182 0.64       0.36363636 0.16666667 0.61538462
 0.88235294 0.52380952 0.95652174 0.73684211 0.04761905 0.26530612
 0.92307692 0.47619048 1.         0.73684211 0.63157895 0.76315789
 0.89285714 0.54166667 0.05263158 0.94736842 0.75       0.79487179
 0.16666667 0.66666667 0.5        0.77272727 0.80769231 0.47058824
 1.         0.58823529 0.73170732 0.6        0.76190476 0.73913043
 0.95454545 0.70833333 0.10526316 0.42857143 0.36842105 0.
 0.66666667 0.76666667 0.35714286 0.         0.85714286 0.52631579
 0.44444444 1.         0.16666667 0.73684211 0.33333333 0.96428571
 0.36842105 0.71428571 0.35294118 0.95       0.04545455 0.82352941
 0.76470588 0.5        0.85       0.9        0.75       0.23809524
 0.6        0.875      0.9        0.94117647 0.         0.88235294
 0.57894737 0.44444444 0.79166667 0.7826087  0.         0.04347826
 0.77142857 0.52173913 0.         1.         0.55       0.54545455
 0.28571429 0.5        1.         0.45       0.         1.
 0.11111111 0.8        0.65217391 0.86363636 0.         0.73913043
 0.36842105 0.82142857 0.66666667 0.92857143 0.         0.7
 0.76190476 0.82352941 0.05882353 0.84210526 1.         0.
 0.25       0.40909091 0.11111111 0.65       0.8        0.
 0.26315789 1.         0.30434783 0.95833333 0.45       0.08
 0.73913043 0.4        0.83333333 0.95       0.52941176 0.97560976
 0.10526316 0.63157895 0.5        0.05263158 0.         0.71428571
 0.57894737 0.35294118 0.1        0.7        0.89375    1.
 0.49425287 0.68421053 0.80952381 0.09090909]
,[0.75       0.8        0.70175439 0.22222222 0.88135593 0.27906977
 0.04347826 0.75268817 0.63414634 0.23529412 0.85470085 0.85416667
 0.37209302 0.875      0.94339623 0.66666667 0.55172414 0.7027027
 0.32258065 0.86486486 0.55072464 0.57142857 0.03389831 0.8
 0.27777778 0.         0.13333333 0.64705882 0.3        0.
 0.66666667 0.88888889 0.57142857 0.92307692 0.3030303  0.7826087
 0.8        0.85714286 0.         0.86792453 0.52459016 0.2
 0.68292683 0.72727273 0.         0.86206897 0.73684211 0.61111111
 0.30769231 0.58536585 0.77272727 0.63829787 0.8        0.89795918
 0.74285714 0.62857143 0.59459459 0.53333333 0.         0.36842105
 0.35616438 0.45454545 0.79069767 0.68421053 0.87804878 0.8
 0.86666667 0.60465116 0.24390244 0.         0.06896552 0.
 0.64516129 0.         0.5        0.8125     0.86486486 0.6
 0.37837838 0.55172414 0.57777778 0.44444444 0.46428571 0.33333333
 0.4137931  0.8        0.86486486 0.60869565 0.27777778 0.83333333
 0.84848485 0.6875     0.71186441 0.70175439 0.         0.54639175
 0.69565217 0.92307692 0.75675676 0.84848485 0.8627451  0.
 0.62857143 0.82051282 0.56962025 0.58823529 0.84848485 0.16393443
 0.75       0.9375     0.68421053 0.73333333 0.88372093 0.86363636
 0.53846154 0.9        0.52459016 0.5        0.28571429 0.72727273
 0.88235294 0.41509434 0.89795918 0.7        0.02985075 0.30952381
 0.76190476 0.58823529 0.87356322 0.82352941 0.72727273 0.79452055
 0.72463768 0.68421053 0.09090909 0.85714286 0.76190476 0.60194175
 0.26086957 0.64864865 0.64864865 0.80952381 0.58333333 0.29090909
 0.80604534 0.51282051 0.44444444 0.5915493  0.33333333 0.77272727
 0.97674419 0.82926829 0.19047619 0.54545455 0.41176471 0.
 0.53846154 0.79310345 0.19480519 0.         0.92307692 0.64516129
 0.24242424 0.875      0.28571429 0.82352941 0.48       0.71052632
 0.53846154 0.75       0.4        0.95       0.06896552 0.84848485
 0.53061224 0.57894737 0.87179487 0.81818182 0.77419355 0.37037037
 0.72727273 0.91304348 0.43373494 0.86486486 0.         0.90909091
 0.45833333 0.51612903 0.84444444 0.72       0.         0.08
 0.85714286 0.57142857 0.         0.76363636 0.61111111 0.70588235
 0.42857143 0.60606061 0.97142857 0.40909091 0.         0.96969697
 0.17391304 0.82051282 0.71428571 0.92682927 0.         0.61818182
 0.5        0.67647059 0.8        0.86666667 0.         0.82352941
 0.74418605 0.90322581 0.11111111 0.84210526 0.93333333 0.
 0.4        0.47368421 0.16       0.57777778 0.84210526 0.
 0.38461538 0.95       0.4516129  0.66028708 0.28125    0.14285714
 0.80952381 0.25396825 0.76923077 0.95       0.62068966 0.93023256
 0.19047619 0.75       0.5625     0.07692308 0.         0.68181818
 0.66666667 0.4        0.14814815 0.8        0.82183908 0.87272727
 0.59310345 0.7027027  0.52307692 0.16      ]
