mACC, mP, mR, mF1, ACC, P, R, F1
0.7016182298546896,0.7185329527090363,0.6604978178021199,0.6517925194223414
,[ 17  14  25   2  25   8   4  43  12  15  51  41  14  15  25   9   9  14
  17  13  24  11  19  18   2   3  18   9  16   2  13  12  17  19  10  20
  21  15   2  24  15   5  19   8   1  25  12  14  21  13  11   9  16  22
   9  14  18  11   3   1  11  17  20  22  20  13  15  12   5   2   1  22
   9   1   8  16  18  15   8   6  11  11  10  13  16  14  15   0  12  40
  18  39  21  21   8  50  14  18  11  17  27   6  19  18  47  12  13   6
  26  15  12  12  18  19   5  21  16  16   0  20  15   6  23   8   1  24
  25  14  38  15  12  37  27  15   2  14  32  33  11  14  21  17  21  10
 160   7  33  23  10  14  22  23  12  20   4   0  20  27  17   1  20   8
   0  20   2  15   2  28  12  15   1  20   7  13  13  17   9  18  15  10
  16  22  16  17   0  16  11   7  21  16  16  20  24  16   0  21   8  15
  10   8  17  14   7  15  12  14  18  18   4  18   5  25  15  28  13  16
  20  14   1  15  21   6  15  11  17  12  27  18   9  19  17  68   1  25
  16   1  17  16   9  39  13  16   3  14   1  14  12   9   8  20 158  24
  87  12  14  15]
,[1.         0.82352941 0.65789474 0.66666667 0.80645161 0.72727273
 0.66666667 0.45263158 0.75       0.71428571 0.85       0.93181818
 0.82352941 0.9375     0.83333333 0.81818182 0.64285714 0.58333333
 0.94444444 1.         0.55813953 0.84615385 0.7037037  0.81818182
 0.4        0.75       0.54545455 0.5        0.69565217 0.5
 0.86666667 0.92307692 0.60714286 0.9047619  0.83333333 0.60606061
 0.53846154 0.9375     0.15384615 0.88888889 0.9375     0.71428571
 0.67857143 0.66666667 0.5        0.86206897 0.6        0.5
 0.75       0.92857143 1.         0.81818182 0.53333333 0.64705882
 0.9        0.63636364 0.5        0.64705882 0.42857143 1.
 0.52380952 0.73913043 0.90909091 1.         0.8        1.
 0.88235294 0.6        0.83333333 0.66666667 1.         0.81481481
 0.75       0.14285714 0.47058824 0.88888889 1.         0.68181818
 0.8        0.54545455 1.         0.39285714 0.625      0.8125
 0.69565217 0.93333333 1.         0.         0.75       0.93023256
 0.85714286 0.76470588 0.95454545 1.         1.         0.48543689
 0.93333333 0.94736842 0.91666667 0.89473684 0.48214286 0.6
 0.82608696 0.58064516 0.5        0.85714286 1.         0.54545455
 0.61904762 1.         0.85714286 0.85714286 1.         1.
 0.41666667 0.84       0.76190476 0.59259259 0.         0.83333333
 0.88235294 0.42857143 0.95833333 1.         0.125      0.43636364
 0.69444444 0.41176471 1.         0.48387097 0.70588235 0.49333333
 0.51923077 0.83333333 1.         0.875      0.51612903 0.63461538
 0.84615385 1.         0.41176471 0.68       0.80769231 0.76923077
 0.8839779  0.41176471 0.86842105 0.65714286 0.52631579 0.77777778
 0.75862069 0.76666667 0.92307692 0.66666667 1.         0.
 0.71428571 0.675      0.28333333 1.         0.8        0.8
 0.         0.74074074 1.         0.88235294 1.         0.8
 0.85714286 0.55555556 1.         0.95238095 0.5        1.
 0.92857143 0.60714286 0.81818182 1.         0.625      0.4
 0.76190476 1.         0.59259259 0.77272727 0.         0.88888889
 0.6875     0.77777778 0.875      0.72727273 0.59259259 0.58823529
 0.8        0.76190476 0.         0.55263158 0.66666667 0.88235294
 0.66666667 0.53333333 0.94444444 0.73684211 0.63636364 0.9375
 0.85714286 0.60869565 0.7826087  0.62068966 0.36363636 0.5625
 0.38461538 0.86206897 0.625      0.36842105 1.         1.
 0.58823529 0.93333333 0.25       0.9375     0.7        0.3
 0.55555556 0.42307692 0.94444444 0.92307692 0.675      0.62068966
 0.5        0.95       0.65384615 0.77272727 0.25       0.32051282
 0.94117647 1.         0.80952381 1.         1.         0.86666667
 0.65       1.         0.75       0.60869565 0.5        0.33333333
 0.8        0.81818182 0.23529412 0.95238095 0.84042553 0.96
 0.92553191 0.85714286 0.58333333 0.53571429]
,[0.85       0.7        0.80645161 0.07692308 0.83333333 0.44444444
 0.18181818 0.91489362 0.57142857 0.78947368 0.91071429 0.93181818
 0.7        0.83333333 1.         0.47368421 0.42857143 0.66666667
 0.68       0.76470588 0.82758621 0.55       0.86363636 0.7826087
 0.08695652 0.13636364 0.9        0.40909091 0.76190476 0.0952381
 0.72222222 0.57142857 0.80952381 0.95       0.55555556 0.90909091
 0.875      0.68181818 0.11764706 0.96       0.83333333 0.27777778
 0.76       0.32       0.05882353 0.92592593 0.63157895 0.66666667
 0.95454545 0.65       0.47826087 0.52941176 0.94117647 0.91666667
 0.45       0.66666667 0.81818182 0.57894737 0.17647059 0.05555556
 0.52380952 1.         0.8        0.81481481 0.95238095 0.76470588
 0.88235294 0.54545455 0.25       0.11764706 0.05       0.91666667
 0.45       0.04347826 0.47058824 0.94117647 0.94736842 0.83333333
 0.4        0.25       0.57894737 0.64705882 0.52631579 0.76470588
 0.69565217 0.875      0.78947368 0.         0.54545455 0.93023256
 0.94736842 0.95121951 0.91304348 1.         0.44444444 0.87719298
 0.77777778 0.9        0.6875     0.89473684 0.96428571 0.33333333
 0.82608696 0.9        0.87037037 0.66666667 0.72222222 0.35294118
 0.8125     0.88235294 0.70588235 0.70588235 0.75       0.79166667
 0.27777778 0.95454545 0.64       0.72727273 0.         0.76923077
 0.88235294 0.28571429 1.         0.42105263 0.04761905 0.48979592
 0.96153846 0.66666667 1.         0.78947368 0.63157895 0.97368421
 0.96428571 0.625      0.10526316 0.73684211 1.         0.84615385
 0.61111111 0.77777778 0.875      0.77272727 0.80769231 0.58823529
 1.         0.41176471 0.80487805 0.65714286 0.47619048 0.60869565
 1.         0.95833333 0.63157895 0.95238095 0.21052632 0.
 0.95238095 0.9        0.4047619  0.05882353 0.95238095 0.42105263
 0.         0.95238095 0.11111111 0.78947368 0.11111111 1.
 0.63157895 0.71428571 0.05882353 1.         0.31818182 0.76470588
 0.76470588 0.77272727 0.45       0.9        0.9375     0.47619048
 0.8        0.91666667 0.8        1.         0.         0.94117647
 0.57894737 0.38888889 0.875      0.69565217 0.69565217 0.86956522
 0.68571429 0.69565217 0.         1.         0.4        0.68181818
 0.47619048 0.4        1.         0.7        0.36842105 0.9375
 0.66666667 0.7        0.7826087  0.81818182 0.19047619 0.7826087
 0.26315789 0.89285714 0.71428571 1.         0.76470588 0.8
 0.95238095 0.82352941 0.05882353 0.78947368 1.         0.31578947
 0.9375     0.5        0.94444444 0.6        0.9        0.94736842
 0.47368421 1.         0.73913043 0.94444444 0.05       1.
 0.69565217 0.05       0.94444444 0.8        0.52941176 0.95121951
 0.68421053 0.84210526 0.16666667 0.73684211 0.05263158 0.66666667
 0.63157895 0.52941176 0.4        1.         0.9875     1.
 1.         0.63157895 0.66666667 0.68181818]
,[0.91891892 0.75675676 0.72463768 0.13793103 0.81967213 0.55172414
 0.28571429 0.6056338  0.64864865 0.75       0.87931034 0.93181818
 0.75675676 0.88235294 0.90909091 0.6        0.51428571 0.62222222
 0.79069767 0.86666667 0.66666667 0.66666667 0.7755102  0.8
 0.14285714 0.23076923 0.67924528 0.45       0.72727273 0.16
 0.78787879 0.70588235 0.69387755 0.92682927 0.66666667 0.72727273
 0.66666667 0.78947368 0.13333333 0.92307692 0.88235294 0.4
 0.71698113 0.43243243 0.10526316 0.89285714 0.61538462 0.57142857
 0.84       0.76470588 0.64705882 0.64285714 0.68085106 0.75862069
 0.6        0.65116279 0.62068966 0.61111111 0.25       0.10526316
 0.52380952 0.85       0.85106383 0.89795918 0.86956522 0.86666667
 0.88235294 0.57142857 0.38461538 0.2        0.0952381  0.8627451
 0.5625     0.06666667 0.47058824 0.91428571 0.97297297 0.75
 0.53333333 0.34285714 0.73333333 0.48888889 0.57142857 0.78787879
 0.69565217 0.90322581 0.88235294 0.         0.63157895 0.93023256
 0.9        0.84782609 0.93333333 1.         0.61538462 0.625
 0.84848485 0.92307692 0.78571429 0.89473684 0.64285714 0.42857143
 0.82608696 0.70588235 0.63513514 0.75       0.83870968 0.42857143
 0.7027027  0.9375     0.77419355 0.77419355 0.85714286 0.88372093
 0.33333333 0.89361702 0.69565217 0.65306122 0.         0.8
 0.88235294 0.34285714 0.9787234  0.59259259 0.06896552 0.46153846
 0.80645161 0.50909091 1.         0.6        0.66666667 0.65486726
 0.675      0.71428571 0.19047619 0.8        0.68085106 0.72527473
 0.70967742 0.875      0.56       0.72340426 0.80769231 0.66666667
 0.93841642 0.41176471 0.83544304 0.65714286 0.5        0.68292683
 0.8627451  0.85185185 0.75       0.78431373 0.34782609 0.
 0.81632653 0.77142857 0.33333333 0.11111111 0.86956522 0.55172414
 0.         0.83333333 0.2        0.83333333 0.2        0.88888889
 0.72727273 0.625      0.11111111 0.97560976 0.38888889 0.86666667
 0.83870968 0.68       0.58064516 0.94736842 0.75       0.43478261
 0.7804878  0.95652174 0.68085106 0.87179487 0.         0.91428571
 0.62857143 0.51851852 0.875      0.71111111 0.64       0.70175439
 0.73846154 0.72727273 0.         0.71186441 0.5        0.76923077
 0.55555556 0.45714286 0.97142857 0.71794872 0.46666667 0.9375
 0.75       0.65116279 0.7826087  0.70588235 0.25       0.65454545
 0.3125     0.87719298 0.66666667 0.53846154 0.86666667 0.88888889
 0.72727273 0.875      0.0952381  0.85714286 0.82352941 0.30769231
 0.69767442 0.45833333 0.94444444 0.72727273 0.77142857 0.75
 0.48648649 0.97435897 0.69387755 0.85       0.08333333 0.48543689
 0.8        0.0952381  0.87179487 0.88888889 0.69230769 0.90697674
 0.66666667 0.91428571 0.27272727 0.66666667 0.0952381  0.44444444
 0.70588235 0.64285714 0.2962963  0.97560976 0.90804598 0.97959184
 0.96132597 0.72727273 0.62222222 0.6       ]
