mACC, mP, mR, mF1, ACC, P, R, F1
0.6705,0.7065392145472426,0.6705,0.660502241684799
,[ 6 16 15 16 11  6 16 18 10 18 14 15 14 17 13  8 16  6 16  4 16 18 13  6
 13 18 19 20 17 12 17 14  9 18 11 17 13  6  9 18 19 11 14 10 13 18  7 19
 12 12 13 19 18 12 15 10 17 20 11 14 15 16 17  4 14  3  3  9  9  8 14  9
 10 18 11 19  4 12 13 20 17 18 15 14  5 17 16 15 13 16 19 12  6 11 18 20
  9 15 17 17]
,[0.375      0.61538462 0.625      0.45714286 0.6875     0.75
 0.69565217 0.6        0.90909091 0.81818182 0.53846154 0.5
 0.73684211 0.62962963 0.59090909 0.4        0.88888889 0.75
 0.72727273 0.8        0.64       0.64285714 0.86666667 0.5
 0.65       0.81818182 0.82608696 0.8        0.70833333 0.92307692
 0.94444444 0.7        0.9        0.72       0.55       0.73913043
 0.92857143 0.375      1.         0.48648649 0.63333333 0.44
 0.73684211 0.90909091 0.61904762 0.52941176 0.46666667 0.46341463
 0.8        0.92307692 0.92857143 0.7037037  0.6        0.63157895
 0.65217391 0.43478261 0.70833333 0.48780488 0.73333333 0.73684211
 0.45454545 0.94117647 0.89473684 0.57142857 0.53846154 0.75
 0.5        0.75       0.81818182 0.72727273 0.875      0.75
 0.76923077 0.7826087  0.91666667 0.86363636 0.8        0.92307692
 0.39393939 0.74074074 0.70833333 1.         0.68181818 0.60869565
 0.55555556 0.43589744 0.8        0.71428571 0.65       0.8
 1.         0.63157895 0.1875     0.84615385 0.75       0.68965517
 1.         0.9375     0.94444444 1.        ]
,[0.3  0.8  0.75 0.8  0.55 0.3  0.8  0.9  0.5  0.9  0.7  0.75 0.7  0.85
 0.65 0.4  0.8  0.3  0.8  0.2  0.8  0.9  0.65 0.3  0.65 0.9  0.95 1.
 0.85 0.6  0.85 0.7  0.45 0.9  0.55 0.85 0.65 0.3  0.45 0.9  0.95 0.55
 0.7  0.5  0.65 0.9  0.35 0.95 0.6  0.6  0.65 0.95 0.9  0.6  0.75 0.5
 0.85 1.   0.55 0.7  0.75 0.8  0.85 0.2  0.7  0.15 0.15 0.45 0.45 0.4
 0.7  0.45 0.5  0.9  0.55 0.95 0.2  0.6  0.65 1.   0.85 0.9  0.75 0.7
 0.25 0.85 0.8  0.75 0.65 0.8  0.95 0.6  0.3  0.55 0.9  1.   0.45 0.75
 0.85 0.85]
,[0.33333333 0.69565217 0.68181818 0.58181818 0.61111111 0.42857143
 0.74418605 0.72       0.64516129 0.85714286 0.60869565 0.6
 0.71794872 0.72340426 0.61904762 0.4        0.84210526 0.42857143
 0.76190476 0.32       0.71111111 0.75       0.74285714 0.375
 0.65       0.85714286 0.88372093 0.88888889 0.77272727 0.72727273
 0.89473684 0.7        0.6        0.8        0.55       0.79069767
 0.76470588 0.33333333 0.62068966 0.63157895 0.76       0.48888889
 0.71794872 0.64516129 0.63414634 0.66666667 0.4        0.62295082
 0.68571429 0.72727273 0.76470588 0.80851064 0.72       0.61538462
 0.69767442 0.46511628 0.77272727 0.6557377  0.62857143 0.71794872
 0.56603774 0.86486486 0.87179487 0.2962963  0.60869565 0.25
 0.23076923 0.5625     0.58064516 0.51612903 0.77777778 0.5625
 0.60606061 0.8372093  0.6875     0.9047619  0.32       0.72727273
 0.49056604 0.85106383 0.77272727 0.94736842 0.71428571 0.65116279
 0.34482759 0.57627119 0.8        0.73170732 0.65       0.8
 0.97435897 0.61538462 0.23076923 0.66666667 0.81818182 0.81632653
 0.62068966 0.83333333 0.89473684 0.91891892]
