mACC, mP, mR, mF1, ACC, P, R, F1
0.534,0.6001455637850883,0.534,0.5344899280750119
,[ 5 16  9 16 17  9 15 14 14 14  6  8 11  9  3  0 15 12 10  4 10 15 16  7
  6 16 18 13 13 13 13 11 12 11  8 13 10  4 14 13 20  6 11 12  9 15 11 13
 11 14 12  5 11 12  4 14  6 12  1 14 13 13 19  6  7  4  2 11  2  8 18  6
  8 18  6 16  3 10  4 16 14 16  8  8  6  4  9 16 11 17 16  7  8  8  5 13
 17 13 18  8]
,[0.41666667 0.5        0.75       0.34782609 0.56666667 0.5625
 0.78947368 0.4375     0.51851852 1.         0.33333333 0.4
 0.91666667 0.9        0.42857143 0.         0.88235294 0.4
 0.76923077 0.4        0.35714286 0.55555556 0.4        0.5
 0.85714286 0.59259259 0.94736842 0.92857143 0.56521739 0.44827586
 0.54166667 0.5        0.48       0.73333333 0.5        0.86666667
 0.90909091 0.14814815 0.4375     0.92857143 0.29850746 0.42857143
 0.6875     0.57142857 0.5        0.55555556 0.14285714 0.61904762
 0.84615385 0.66666667 0.85714286 0.83333333 0.84615385 0.66666667
 0.23529412 0.5        0.75       0.85714286 0.2        0.29787234
 0.5        0.86666667 0.16239316 0.5        0.53846154 0.26666667
 0.4        0.61111111 0.22222222 0.42105263 0.94736842 0.85714286
 0.53333333 0.64285714 0.66666667 0.8        0.2        0.47619048
 0.66666667 0.59259259 0.48275862 1.         0.88888889 0.72727273
 0.42857143 0.5        0.75       0.8        0.64705882 0.77272727
 1.         0.5        0.44444444 0.66666667 0.55555556 0.61904762
 0.80952381 0.92857143 0.85714286 0.88888889]
,[0.25 0.8  0.45 0.8  0.85 0.45 0.75 0.7  0.7  0.7  0.3  0.4  0.55 0.45
 0.15 0.   0.75 0.6  0.5  0.2  0.5  0.75 0.8  0.35 0.3  0.8  0.9  0.65
 0.65 0.65 0.65 0.55 0.6  0.55 0.4  0.65 0.5  0.2  0.7  0.65 1.   0.3
 0.55 0.6  0.45 0.75 0.55 0.65 0.55 0.7  0.6  0.25 0.55 0.6  0.2  0.7
 0.3  0.6  0.05 0.7  0.65 0.65 0.95 0.3  0.35 0.2  0.1  0.55 0.1  0.4
 0.9  0.3  0.4  0.9  0.3  0.8  0.15 0.5  0.2  0.8  0.7  0.8  0.4  0.4
 0.3  0.2  0.45 0.8  0.55 0.85 0.8  0.35 0.4  0.4  0.25 0.65 0.85 0.65
 0.9  0.4 ]
,[0.3125     0.61538462 0.5625     0.48484848 0.68       0.5
 0.76923077 0.53846154 0.59574468 0.82352941 0.31578947 0.4
 0.6875     0.6        0.22222222 0.         0.81081081 0.48
 0.60606061 0.26666667 0.41666667 0.63829787 0.53333333 0.41176471
 0.44444444 0.68085106 0.92307692 0.76470588 0.60465116 0.53061224
 0.59090909 0.52380952 0.53333333 0.62857143 0.44444444 0.74285714
 0.64516129 0.17021277 0.53846154 0.76470588 0.45977011 0.35294118
 0.61111111 0.58536585 0.47368421 0.63829787 0.22680412 0.63414634
 0.66666667 0.68292683 0.70588235 0.38461538 0.66666667 0.63157895
 0.21621622 0.58333333 0.42857143 0.70588235 0.08       0.41791045
 0.56521739 0.74285714 0.27737226 0.375      0.42424242 0.22857143
 0.16       0.57894737 0.13793103 0.41025641 0.92307692 0.44444444
 0.45714286 0.75       0.4137931  0.8        0.17142857 0.48780488
 0.30769231 0.68085106 0.57142857 0.88888889 0.55172414 0.51612903
 0.35294118 0.28571429 0.5625     0.8        0.59459459 0.80952381
 0.88888889 0.41176471 0.42105263 0.5        0.34482759 0.63414634
 0.82926829 0.76470588 0.87804878 0.55172414]
