mACC, mP, mR, mF1, ACC, P, R, F1
0.591,0.624813253723611,0.591,0.577773106428024
,[ 3 12 12 15  5 11 11 18  8 16  4  6 14 10 10  4 11  8 11  8 11 15 15  5
 14 15 18 11 13 11 18 11  0  4 11 17 12  2 15 14 17 10 14  9  1 16 10 19
 14 18 14 16 18 14 12 16 16 16 13 14 16 18 16 12 11  5  1  2  4 10 14 11
  7 16 14 18  5  9  6 18 17 20 17 13  4 13 12 20 17  3 19 10  5 10  9 20
 16 14 15  9]
,[0.23076923 0.75       0.92307692 0.55555556 0.625      0.5
 0.6875     0.5        0.4        0.84210526 0.66666667 0.85714286
 0.4516129  0.58823529 0.83333333 0.28571429 0.78571429 0.57142857
 0.52380952 0.72727273 0.28205128 0.83333333 0.65217391 0.41666667
 0.77777778 0.71428571 0.81818182 1.         0.86666667 0.61111111
 0.66666667 0.73333333 0.         1.         0.40740741 0.80952381
 0.85714286 0.66666667 0.6        0.46666667 0.45945946 0.52631579
 0.66666667 0.5        0.125      0.47058824 0.90909091 0.296875
 0.7        0.52941176 0.82352941 0.45714286 0.75       0.58333333
 0.5        0.31372549 0.55172414 0.8        0.54166667 0.66666667
 0.42105263 0.9        0.84210526 0.4        0.91666667 0.23809524
 0.16666667 0.66666667 0.18181818 0.83333333 0.93333333 0.61111111
 0.58333333 1.         0.66666667 0.81818182 0.5        0.45
 0.54545455 0.62068966 0.73913043 0.71428571 0.5862069  0.72222222
 0.57142857 0.68421053 0.85714286 0.68965517 0.48571429 0.42857143
 0.86363636 0.25641026 0.23809524 0.47619048 0.64285714 0.95238095
 0.88888889 1.         0.83333333 0.9       ]
,[0.15 0.6  0.6  0.75 0.25 0.55 0.55 0.9  0.4  0.8  0.2  0.3  0.7  0.5
 0.5  0.2  0.55 0.4  0.55 0.4  0.55 0.75 0.75 0.25 0.7  0.75 0.9  0.55
 0.65 0.55 0.9  0.55 0.   0.2  0.55 0.85 0.6  0.1  0.75 0.7  0.85 0.5
 0.7  0.45 0.05 0.8  0.5  0.95 0.7  0.9  0.7  0.8  0.9  0.7  0.6  0.8
 0.8  0.8  0.65 0.7  0.8  0.9  0.8  0.6  0.55 0.25 0.05 0.1  0.2  0.5
 0.7  0.55 0.35 0.8  0.7  0.9  0.25 0.45 0.3  0.9  0.85 1.   0.85 0.65
 0.2  0.65 0.6  1.   0.85 0.15 0.95 0.5  0.25 0.5  0.45 1.   0.8  0.7
 0.75 0.45]
,[0.18181818 0.66666667 0.72727273 0.63829787 0.35714286 0.52380952
 0.61111111 0.64285714 0.4        0.82051282 0.30769231 0.44444444
 0.54901961 0.54054054 0.625      0.23529412 0.64705882 0.47058824
 0.53658537 0.51612903 0.37288136 0.78947368 0.69767442 0.3125
 0.73684211 0.73170732 0.85714286 0.70967742 0.74285714 0.57894737
 0.76595745 0.62857143 0.         0.33333333 0.46808511 0.82926829
 0.70588235 0.17391304 0.66666667 0.56       0.59649123 0.51282051
 0.68292683 0.47368421 0.07142857 0.59259259 0.64516129 0.45238095
 0.7        0.66666667 0.75675676 0.58181818 0.81818182 0.63636364
 0.54545455 0.45070423 0.65306122 0.8        0.59090909 0.68292683
 0.55172414 0.9        0.82051282 0.48       0.6875     0.24390244
 0.07692308 0.17391304 0.19047619 0.625      0.8        0.57894737
 0.4375     0.88888889 0.68292683 0.85714286 0.33333333 0.45
 0.38709677 0.73469388 0.79069767 0.83333333 0.69387755 0.68421053
 0.2962963  0.66666667 0.70588235 0.81632653 0.61818182 0.22222222
 0.9047619  0.33898305 0.24390244 0.48780488 0.52941176 0.97560976
 0.84210526 0.82352941 0.78947368 0.6       ]
