mACC, mP, mR, mF1, ACC, P, R, F1
0.2685,0.31656021912671034,0.2685,0.2557898363348977
,[ 2 15  3  2  1  0  2  8  3  9  3  2  4  0  0  1  3 16  5  1  3  9  1  0
  9  4 13 10  7  0  0  3  1  2  3 12  2  0 11  3  5  0  2  7  5  6  3  5
  2  5  1  8 11  8  2 13  2 10 12  3  3  8 12  0  1  3  0  4  0  3  7  4
  1 18  4 13  2  0  0  8  0 19  8  6  5  6  0 17 13  3 18 15  4  4  0  9
 16 12  8  0]
,[0.06896552 0.34090909 0.42857143 0.18181818 0.33333333 0.
 0.33333333 0.72727273 0.15789474 0.9        0.14285714 0.25
 0.21052632 0.         0.         0.02941176 0.33333333 0.22222222
 0.23809524 0.125      0.17647059 0.6        0.03225806 0.
 0.5        0.30769231 0.86666667 0.83333333 0.38888889 0.
 0.         0.23076923 0.07142857 0.11764706 0.10714286 0.92307692
 0.1        0.         0.44       0.375      0.33333333 0.
 0.4        0.31818182 0.13157895 0.35294118 0.27272727 0.55555556
 0.22222222 0.41666667 0.5        0.66666667 0.37931034 0.53333333
 0.66666667 0.1884058  0.1        0.83333333 0.12244898 0.42857143
 0.21428571 1.         1.         0.         0.5        0.33333333
 0.         0.18181818 0.         0.13043478 0.77777778 0.5
 0.04       0.52941176 0.44444444 0.86666667 0.07142857 0.
 0.         0.28571429 0.         0.27142857 0.05298013 0.35294118
 0.5        0.15384615 0.         0.43589744 0.72222222 1.
 0.7826087  0.28846154 0.15384615 0.0754717  0.         0.47368421
 0.43243243 0.27272727 0.2962963  0.        ]
,[0.1  0.75 0.15 0.1  0.05 0.   0.1  0.4  0.15 0.45 0.15 0.1  0.2  0.
 0.   0.05 0.15 0.8  0.25 0.05 0.15 0.45 0.05 0.   0.45 0.2  0.65 0.5
 0.35 0.   0.   0.15 0.05 0.1  0.15 0.6  0.1  0.   0.55 0.15 0.25 0.
 0.1  0.35 0.25 0.3  0.15 0.25 0.1  0.25 0.05 0.4  0.55 0.4  0.1  0.65
 0.1  0.5  0.6  0.15 0.15 0.4  0.6  0.   0.05 0.15 0.   0.2  0.   0.15
 0.35 0.2  0.05 0.9  0.2  0.65 0.1  0.   0.   0.4  0.   0.95 0.4  0.3
 0.25 0.3  0.   0.85 0.65 0.15 0.9  0.75 0.2  0.2  0.   0.45 0.8  0.6
 0.4  0.  ]
,[0.08163265 0.46875    0.22222222 0.12903226 0.08695652 0.
 0.15384615 0.51612903 0.15384615 0.6        0.14634146 0.14285714
 0.20512821 0.         0.         0.03703704 0.20689655 0.34782609
 0.24390244 0.07142857 0.16216216 0.51428571 0.03921569 0.
 0.47368421 0.24242424 0.74285714 0.625      0.36842105 0.
 0.         0.18181818 0.05882353 0.10810811 0.125      0.72727273
 0.1        0.         0.48888889 0.21428571 0.28571429 0.
 0.16       0.33333333 0.17241379 0.32432432 0.19354839 0.34482759
 0.13793103 0.3125     0.09090909 0.5        0.44897959 0.45714286
 0.17391304 0.29213483 0.1        0.625      0.20338983 0.22222222
 0.17647059 0.57142857 0.75       0.         0.09090909 0.20689655
 0.         0.19047619 0.         0.13953488 0.48275862 0.28571429
 0.04444444 0.66666667 0.27586207 0.74285714 0.08333333 0.
 0.         0.33333333 0.         0.42222222 0.09356725 0.32432432
 0.33333333 0.20338983 0.         0.57627119 0.68421053 0.26086957
 0.8372093  0.41666667 0.17391304 0.10958904 0.         0.46153846
 0.56140351 0.375      0.34042553 0.        ]
