mACC, mP, mR, mF1, ACC, P, R, F1
0.525,0.554622932862597,0.5249999999999999,0.5116809348513012
,[ 7 12  8 19  8  9 15  9 10 16  5  9 13 14  2  3  9 16 12  8  6 18 12  2
  5 19 19 13  9  6 14 10  6 13  6 14 12  0 14 13 15  6 12 11 15 13  6  9
  8 10 10 15 17 12  2 16 12 15 14 14  9 14 12  9  8  1  1  1  3 11 13 10
  7 19  5 16  2  9  7 12 12 19 11  7  4 15  9 20  7 12 19  8  2  8  6 17
 18 13 11 16]
,[0.33333333 0.85714286 0.61538462 0.33928571 0.57142857 0.52941176
 0.55555556 0.45       0.58823529 0.8        0.625      0.64285714
 0.38235294 0.51851852 0.25       0.13636364 0.52941176 0.66666667
 0.92307692 0.47058824 0.5        0.36734694 0.63157895 0.4
 0.83333333 0.40425532 0.9047619  0.72222222 0.45       0.85714286
 0.66666667 0.58823529 0.46153846 0.56521739 0.66666667 0.77777778
 0.54545455 0.         0.38888889 0.61904762 0.68181818 0.2
 0.75       0.61111111 0.36585366 0.48148148 0.6        0.5
 0.88888889 0.76923077 0.83333333 0.71428571 0.35416667 0.57142857
 0.25       0.25396825 0.5        0.57692308 0.58333333 0.38888889
 0.45       0.875      0.92307692 0.45       0.53333333 0.08333333
 0.16666667 0.16666667 0.6        0.78571429 0.92857143 0.83333333
 0.31818182 0.59375    0.41666667 0.66666667 0.15384615 0.52941176
 0.175      0.75       0.48       0.76       0.61111111 0.77777778
 0.5        0.57692308 0.6        0.68965517 0.36842105 0.70588235
 0.95       0.32       0.25       0.34782609 0.75       0.77272727
 0.51428571 0.59090909 0.91666667 0.57142857]
,[0.35 0.6  0.4  0.95 0.4  0.45 0.75 0.45 0.5  0.8  0.25 0.45 0.65 0.7
 0.1  0.15 0.45 0.8  0.6  0.4  0.3  0.9  0.6  0.1  0.25 0.95 0.95 0.65
 0.45 0.3  0.7  0.5  0.3  0.65 0.3  0.7  0.6  0.   0.7  0.65 0.75 0.3
 0.6  0.55 0.75 0.65 0.3  0.45 0.4  0.5  0.5  0.75 0.85 0.6  0.1  0.8
 0.6  0.75 0.7  0.7  0.45 0.7  0.6  0.45 0.4  0.05 0.05 0.05 0.15 0.55
 0.65 0.5  0.35 0.95 0.25 0.8  0.1  0.45 0.35 0.6  0.6  0.95 0.55 0.35
 0.2  0.75 0.45 1.   0.35 0.6  0.95 0.4  0.1  0.4  0.3  0.85 0.9  0.65
 0.55 0.8 ]
,[0.34146341 0.70588235 0.48484848 0.5        0.47058824 0.48648649
 0.63829787 0.45       0.54054054 0.8        0.35714286 0.52941176
 0.48148148 0.59574468 0.14285714 0.14285714 0.48648649 0.72727273
 0.72727273 0.43243243 0.375      0.52173913 0.61538462 0.16
 0.38461538 0.56716418 0.92682927 0.68421053 0.45       0.44444444
 0.68292683 0.54054054 0.36363636 0.60465116 0.4137931  0.73684211
 0.57142857 0.         0.5        0.63414634 0.71428571 0.24
 0.66666667 0.57894737 0.49180328 0.55319149 0.4        0.47368421
 0.55172414 0.60606061 0.625      0.73170732 0.5        0.58536585
 0.14285714 0.38554217 0.54545455 0.65217391 0.63636364 0.5
 0.45       0.77777778 0.72727273 0.45       0.45714286 0.0625
 0.07692308 0.07692308 0.24       0.64705882 0.76470588 0.625
 0.33333333 0.73076923 0.3125     0.72727273 0.12121212 0.48648649
 0.23333333 0.66666667 0.53333333 0.84444444 0.57894737 0.48275862
 0.28571429 0.65217391 0.51428571 0.81632653 0.35897436 0.64864865
 0.95       0.35555556 0.14285714 0.37209302 0.42857143 0.80952381
 0.65454545 0.61904762 0.6875     0.66666667]
