mACC, mP, mR, mF1, ACC, P, R, F1
0.5115,0.5557316761679266,0.5115,0.49614286348286124
,[ 3 13 14 12 12  1  4 12  1 15  3  0 18 12  8  1 18 13  9  5 13 10  0  5
  5 13 19 15  8  9  8  8  1  5 10 11  4  1 14 11  9 10 12 12  5 12  9 19
 14 16 16 16 16 11  8 19  0 20  6 11  3 19 17  6 11  4  7 10  3  2 17  8
  7 15 11 17  1 14  3 17 13 19 16  9  8  4 12 18 16 13 20 11  6 11 15  8
 16 18 13  0]
,[0.17647059 0.86666667 0.66666667 0.38709677 0.75       0.02941176
 0.8        0.63157895 1.         0.88235294 0.5        0.
 0.47368421 0.52173913 0.53333333 0.11111111 0.43902439 0.56521739
 0.64285714 0.625      0.28888889 0.55555556 0.         0.20833333
 1.         0.31707317 0.7037037  0.83333333 0.88888889 0.47368421
 0.26666667 0.72727273 0.04166667 0.3125     0.34482759 0.91666667
 0.28571429 0.125      0.73684211 0.5        0.9        0.38461538
 0.8        0.52173913 0.5        0.75       1.         0.55882353
 0.28       0.76190476 0.5        0.42105263 0.72727273 0.61111111
 0.32       0.45238095 0.         0.74074074 0.75       0.44
 0.23076923 0.73076923 0.89473684 0.18181818 0.61111111 0.44444444
 0.17948718 0.58823529 0.75       0.18181818 0.94444444 0.42105263
 0.58333333 0.88235294 0.39285714 0.94444444 1.         0.4375
 0.6        0.70833333 0.68421053 0.51351351 0.3902439  0.9
 0.66666667 0.22222222 0.6        0.64285714 0.61538462 0.92857143
 0.83333333 0.5        0.24       0.73333333 0.83333333 0.72727273
 0.72727273 0.69230769 0.86666667 0.        ]
,[0.15 0.65 0.7  0.6  0.6  0.05 0.2  0.6  0.05 0.75 0.15 0.   0.9  0.6
 0.4  0.05 0.9  0.65 0.45 0.25 0.65 0.5  0.   0.25 0.25 0.65 0.95 0.75
 0.4  0.45 0.4  0.4  0.05 0.25 0.5  0.55 0.2  0.05 0.7  0.55 0.45 0.5
 0.6  0.6  0.25 0.6  0.45 0.95 0.7  0.8  0.8  0.8  0.8  0.55 0.4  0.95
 0.   1.   0.3  0.55 0.15 0.95 0.85 0.3  0.55 0.2  0.35 0.5  0.15 0.1
 0.85 0.4  0.35 0.75 0.55 0.85 0.05 0.7  0.15 0.85 0.65 0.95 0.8  0.45
 0.4  0.2  0.6  0.9  0.8  0.65 1.   0.55 0.3  0.55 0.75 0.4  0.8  0.9
 0.65 0.  ]
,[0.16216216 0.74285714 0.68292683 0.47058824 0.66666667 0.03703704
 0.32       0.61538462 0.0952381  0.81081081 0.23076923 0.
 0.62068966 0.55813953 0.45714286 0.06896552 0.59016393 0.60465116
 0.52941176 0.35714286 0.4        0.52631579 0.         0.22727273
 0.4        0.42622951 0.80851064 0.78947368 0.55172414 0.46153846
 0.32       0.51612903 0.04545455 0.27777778 0.40816327 0.6875
 0.23529412 0.07142857 0.71794872 0.52380952 0.6        0.43478261
 0.68571429 0.55813953 0.33333333 0.66666667 0.62068966 0.7037037
 0.4        0.7804878  0.61538462 0.55172414 0.76190476 0.57894737
 0.35555556 0.61290323 0.         0.85106383 0.42857143 0.48888889
 0.18181818 0.82608696 0.87179487 0.22641509 0.57894737 0.27586207
 0.23728814 0.54054054 0.25       0.12903226 0.89473684 0.41025641
 0.4375     0.81081081 0.45833333 0.89473684 0.0952381  0.53846154
 0.24       0.77272727 0.66666667 0.66666667 0.52459016 0.6
 0.5        0.21052632 0.6        0.75       0.69565217 0.76470588
 0.90909091 0.52380952 0.26666667 0.62857143 0.78947368 0.51612903
 0.76190476 0.7826087  0.74285714 0.        ]
