mACC, mP, mR, mF1, ACC, P, R, F1
0.6165,0.6371318043209763,0.6165,0.5950304764643242
,[ 6 15 18 10 15  4 16  8 10 18  7 11 15  7  5  0 16  9 13  8 16 18 11  8
 12 19 19 19 12 13 17 11  4 17  8 11 13  0  2 16 17  3 13  9 15 11 11 17
  9 12 15 18 16 14 15 15  8 19 16 13 16 20 18  7 15  5  1  2  3 16 13 10
  6 20  8 18  8 11 14 20 17 19 13 13  7 18 16 19 13 14 20  4  4  6 16 20
 15 19 13 13]
,[0.28571429 0.75       0.66666667 0.625      0.46875    0.57142857
 0.61538462 0.8        0.90909091 0.81818182 0.5        0.6875
 0.71428571 0.875      0.71428571 0.         0.55172414 0.75
 0.61904762 0.72727273 0.5        0.4        0.61111111 0.5
 0.52173913 0.67857143 0.76       1.         0.92307692 0.92857143
 0.80952381 0.52380952 1.         0.89473684 0.72727273 0.91666667
 0.41935484 0.         1.         0.45714286 0.5862069  0.5
 0.8125     0.52941176 0.55555556 0.64705882 0.61111111 0.5483871
 0.81818182 0.85714286 0.78947368 0.75       0.59259259 0.51851852
 0.57692308 0.375      0.8        0.55882353 0.57142857 0.65
 0.57142857 0.48780488 0.72       0.58333333 0.53571429 0.26315789
 0.14285714 0.5        0.375      0.51612903 0.86666667 0.66666667
 0.6        0.5        0.5        0.75       0.57142857 0.57894737
 0.37837838 0.625      0.80952381 1.         0.86666667 0.46428571
 0.53846154 0.52941176 0.64       0.79166667 0.65       0.93333333
 0.95238095 0.33333333 0.15384615 0.85714286 0.64       0.90909091
 0.9375     0.79166667 0.59090909 0.72222222]
,[0.3  0.75 0.9  0.5  0.75 0.2  0.8  0.4  0.5  0.9  0.35 0.55 0.75 0.35
 0.25 0.   0.8  0.45 0.65 0.4  0.8  0.9  0.55 0.4  0.6  0.95 0.95 0.95
 0.6  0.65 0.85 0.55 0.2  0.85 0.4  0.55 0.65 0.   0.1  0.8  0.85 0.15
 0.65 0.45 0.75 0.55 0.55 0.85 0.45 0.6  0.75 0.9  0.8  0.7  0.75 0.75
 0.4  0.95 0.8  0.65 0.8  1.   0.9  0.35 0.75 0.25 0.05 0.1  0.15 0.8
 0.65 0.5  0.3  1.   0.4  0.9  0.4  0.55 0.7  1.   0.85 0.95 0.65 0.65
 0.35 0.9  0.8  0.95 0.65 0.7  1.   0.2  0.2  0.3  0.8  1.   0.75 0.95
 0.65 0.65]
,[0.29268293 0.75       0.76595745 0.55555556 0.57692308 0.2962963
 0.69565217 0.53333333 0.64516129 0.85714286 0.41176471 0.61111111
 0.73170732 0.5        0.37037037 0.         0.65306122 0.5625
 0.63414634 0.51612903 0.61538462 0.55384615 0.57894737 0.44444444
 0.55813953 0.79166667 0.84444444 0.97435897 0.72727273 0.76470588
 0.82926829 0.53658537 0.33333333 0.87179487 0.51612903 0.6875
 0.50980392 0.         0.18181818 0.58181818 0.69387755 0.23076923
 0.72222222 0.48648649 0.63829787 0.59459459 0.57894737 0.66666667
 0.58064516 0.70588235 0.76923077 0.81818182 0.68085106 0.59574468
 0.65217391 0.5        0.53333333 0.7037037  0.66666667 0.65
 0.66666667 0.6557377  0.8        0.4375     0.625      0.25641026
 0.07407407 0.16666667 0.21428571 0.62745098 0.74285714 0.57142857
 0.4        0.66666667 0.44444444 0.81818182 0.47058824 0.56410256
 0.49122807 0.76923077 0.82926829 0.97435897 0.74285714 0.54166667
 0.42424242 0.66666667 0.71111111 0.86363636 0.65       0.8
 0.97560976 0.25       0.17391304 0.44444444 0.71111111 0.95238095
 0.83333333 0.86363636 0.61904762 0.68421053]
