mACC, mP, mR, mF1, ACC, P, R, F1
0.627,0.658756743226309,0.627,0.6171282582308032
,[ 1 14 12 17 10 13 11 16  9 16  5 11 17 13 12 11 17 11 16  5 15 16 14  3
 13 15 19 13 13  9 19 13 10 13  7 14 18  4 15 15 10  9  6  8  9 15  8 19
 12 18 16 18 13 17 11 11 11 19 15 11 15 16 17 12  9  7  4  5  3 12 15  8
  9 13 11 19  7 13  9 18 17 18 17 11  8 10 13 18 17 16 20 14  1 11 11 17
 18 16 17 11]
,[0.125      0.63636364 0.75       0.73913043 0.83333333 0.26530612
 0.64705882 0.55172414 0.81818182 1.         0.71428571 0.61111111
 0.53125    0.8125     0.46153846 0.39285714 0.65384615 0.47826087
 0.59259259 0.38461538 0.45454545 0.76190476 0.63636364 0.5
 0.5        0.65217391 0.79166667 1.         0.76470588 0.6
 0.67857143 0.76470588 0.5        0.76470588 1.         0.93333333
 0.75       1.         0.45454545 0.625      0.71428571 0.52941176
 0.85714286 0.47058824 0.9        0.55555556 0.66666667 0.475
 0.70588235 0.62068966 0.72727273 0.72       0.68421053 0.62962963
 0.47826087 0.39285714 0.5        0.7037037  0.55555556 0.52380952
 0.44117647 0.88888889 0.89473684 0.52173913 0.75       0.36842105
 0.25       0.83333333 0.42857143 0.70588235 0.88235294 0.88888889
 0.75       0.86666667 0.64705882 0.86363636 0.7        0.68421053
 0.69230769 0.62068966 0.80952381 0.94736842 0.39534884 0.47826087
 0.66666667 0.55555556 0.86666667 0.75       0.5483871  0.8
 0.90909091 0.63636364 0.2        0.28205128 0.78571429 0.85
 0.7826087  0.69565217 0.85       0.84615385]
,[0.05 0.7  0.6  0.85 0.5  0.65 0.55 0.8  0.45 0.8  0.25 0.55 0.85 0.65
 0.6  0.55 0.85 0.55 0.8  0.25 0.75 0.8  0.7  0.15 0.65 0.75 0.95 0.65
 0.65 0.45 0.95 0.65 0.5  0.65 0.35 0.7  0.9  0.2  0.75 0.75 0.5  0.45
 0.3  0.4  0.45 0.75 0.4  0.95 0.6  0.9  0.8  0.9  0.65 0.85 0.55 0.55
 0.55 0.95 0.75 0.55 0.75 0.8  0.85 0.6  0.45 0.35 0.2  0.25 0.15 0.6
 0.75 0.4  0.45 0.65 0.55 0.95 0.35 0.65 0.45 0.9  0.85 0.9  0.85 0.55
 0.4  0.5  0.65 0.9  0.85 0.8  1.   0.7  0.05 0.55 0.55 0.85 0.9  0.8
 0.85 0.55]
,[0.07142857 0.66666667 0.66666667 0.79069767 0.625      0.37681159
 0.59459459 0.65306122 0.58064516 0.88888889 0.37037037 0.57894737
 0.65384615 0.72222222 0.52173913 0.45833333 0.73913043 0.51162791
 0.68085106 0.3030303  0.56603774 0.7804878  0.66666667 0.23076923
 0.56521739 0.69767442 0.86363636 0.78787879 0.7027027  0.51428571
 0.79166667 0.7027027  0.5        0.7027027  0.51851852 0.8
 0.81818182 0.33333333 0.56603774 0.68181818 0.58823529 0.48648649
 0.44444444 0.43243243 0.6        0.63829787 0.5        0.63333333
 0.64864865 0.73469388 0.76190476 0.8        0.66666667 0.72340426
 0.51162791 0.45833333 0.52380952 0.80851064 0.63829787 0.53658537
 0.55555556 0.84210526 0.87179487 0.55813953 0.5625     0.35897436
 0.22222222 0.38461538 0.22222222 0.64864865 0.81081081 0.55172414
 0.5625     0.74285714 0.59459459 0.9047619  0.46666667 0.66666667
 0.54545455 0.73469388 0.82926829 0.92307692 0.53968254 0.51162791
 0.5        0.52631579 0.74285714 0.81818182 0.66666667 0.8
 0.95238095 0.66666667 0.08       0.37288136 0.64705882 0.85
 0.8372093  0.74418605 0.85       0.66666667]
