mACC, mP, mR, mF1, ACC, P, R, F1
0.6596763540290621,0.6638830575547287,0.6216529426999658,0.6161113200771047
,[ 18  15  18  13  24   6   9  40  12   7  46  41  11  13  24   9  12  11
  10  12  22  19  15  19   3   8  10  14  13   1  13  15  14  17  12  15
  14  12   0  16  16   5  14  18   0  23   8   8  18  15  18  11  16  18
   8  10  18   6   0   9  10  15  23  24  13  17  12  17   4   4  11  21
  16   4   5  12  17  13   5   2  11   4  13  13   9   9  14  10  14  37
  18  36  12  21  13  41  11  16   5  17  24   9  18  17  35   7  13   2
  20   9   8   6  18  22   7  15  14  14   2  15  13  12  22  14   4  20
  25  15  36  17  12  32  26  16   5  11  29  24  10  14  17  11  21   1
 158   5  26  20   8  13  20  20  12  15  11   5  20  25  26  14  19  12
   1  21   9  13   4  25  11  19  10  19   4  10   9  13  11  18  16  11
  12  23  15  17   0  15  11   5  20  13  17  16  23  15   0  21   9  14
   9  14  16  10   4  16   6  15  12  14   4  13   7  20  14  27  12  14
  17  16   0  12  15   2   3  11  16   9  23  16   6  19  11  64   3  19
  18   5  15  17   9  39  14  15   5   7   9  14   9  14   8  20 153  24
  87  13   2  17]
,[0.9        0.71428571 0.72       0.54166667 0.85714286 0.85714286
 0.27272727 0.64516129 0.63157895 0.5        0.93877551 0.82
 0.61111111 0.72222222 0.72727273 1.         0.54545455 0.78571429
 1.         0.8        0.57894737 0.82608696 0.83333333 0.86363636
 0.27272727 0.44444444 1.         0.48275862 0.86666667 0.2
 0.72222222 0.78947368 0.29166667 0.94444444 0.36363636 0.9375
 0.77777778 0.75       0.         0.88888889 0.69565217 0.55555556
 0.66666667 0.69230769 0.         0.92       1.         0.8
 0.81818182 0.375      0.52941176 0.55       0.44444444 0.6
 1.         0.76923077 0.69230769 0.75       0.         0.42857143
 0.66666667 0.6        0.575      0.64864865 0.68421053 0.47222222
 0.92307692 0.5        0.36363636 0.8        0.52380952 0.91304348
 0.55172414 0.57142857 0.55555556 1.         0.89473684 0.65
 0.25       0.16666667 0.91666667 0.5        0.72222222 0.56521739
 0.5625     1.         0.7        0.83333333 0.29787234 0.74
 0.48648649 0.6        0.92307692 0.91304348 0.86666667 0.75925926
 1.         0.88888889 0.625      0.73913043 0.77419355 0.9
 0.94736842 0.48571429 0.77777778 0.7        1.         0.25
 0.76923077 1.         0.88888889 0.66666667 0.81818182 0.88
 0.58333333 0.75       0.93333333 0.66666667 0.33333333 0.83333333
 0.68421053 0.26666667 0.95652174 0.82352941 0.19047619 0.33898305
 0.37878788 0.5        1.         0.5        0.85714286 0.84210526
 0.61904762 0.76190476 0.2        0.78571429 0.63043478 0.55813953
 0.83333333 0.875      0.41463415 0.91666667 0.48837209 0.5
 0.89772727 0.41666667 0.52       0.68965517 0.4        0.56521739
 0.8        0.86956522 0.92307692 0.51724138 0.6875     0.22727273
 0.74074074 0.625      0.31707317 0.875      0.67857143 0.4
 1.         0.875      0.39130435 0.72222222 0.57142857 0.92592593
 0.73333333 0.76       0.55555556 0.82608696 0.5        1.
 0.69230769 0.92857143 0.84615385 1.         0.76190476 0.5
 0.92307692 1.         0.68181818 0.77272727 0.         0.68181818
 0.73333333 0.625      0.71428571 0.52       0.48571429 0.72727273
 0.88461538 0.75       0.         0.77777778 0.39130435 0.5
 0.32142857 0.31818182 0.88888889 0.71428571 0.66666667 1.
 0.85714286 0.65217391 0.54545455 0.35897436 0.36363636 0.8125
 0.7        0.76923077 0.66666667 0.71052632 0.85714286 0.875
 0.80952381 0.72727273 0.         0.57142857 0.88235294 0.22222222
 1.         0.39285714 0.88888889 0.69230769 0.63888889 0.42105263
 0.31578947 0.79166667 0.61111111 0.82051282 0.13043478 0.44186047
 0.94736842 0.27777778 1.         0.89473684 0.81818182 0.92857143
 0.7        0.55555556 0.55555556 0.77777778 0.28125    0.41176471
 0.75       0.36842105 0.38095238 0.8        0.92727273 0.77419355
 0.87       0.86666667 0.66666667 0.51515152]
,[0.9        0.75       0.58064516 0.5        0.8        0.33333333
 0.40909091 0.85106383 0.57142857 0.36842105 0.82142857 0.93181818
 0.55       0.72222222 0.96       0.47368421 0.57142857 0.52380952
 0.4        0.70588235 0.75862069 0.95       0.68181818 0.82608696
 0.13043478 0.36363636 0.5        0.63636364 0.61904762 0.04761905
 0.72222222 0.71428571 0.66666667 0.85       0.66666667 0.68181818
 0.58333333 0.54545455 0.         0.64       0.88888889 0.27777778
 0.56       0.72       0.         0.85185185 0.42105263 0.38095238
 0.81818182 0.75       0.7826087  0.64705882 0.94117647 0.75
 0.4        0.47619048 0.81818182 0.31578947 0.         0.5
 0.47619048 0.88235294 0.92       0.88888889 0.61904762 1.
 0.70588235 0.77272727 0.2        0.23529412 0.55       0.875
 0.8        0.17391304 0.29411765 0.70588235 0.89473684 0.72222222
 0.25       0.08333333 0.57894737 0.23529412 0.68421053 0.76470588
 0.39130435 0.5625     0.73684211 0.5        0.63636364 0.86046512
 0.94736842 0.87804878 0.52173913 1.         0.72222222 0.71929825
 0.61111111 0.8        0.3125     0.89473684 0.85714286 0.5
 0.7826087  0.85       0.64814815 0.38888889 0.72222222 0.11764706
 0.625      0.52941176 0.47058824 0.35294118 0.75       0.91666667
 0.38888889 0.68181818 0.56       0.63636364 0.11111111 0.57692308
 0.76470588 0.57142857 0.95652174 0.73684211 0.19047619 0.40816327
 0.96153846 0.71428571 0.94736842 0.89473684 0.63157895 0.84210526
 0.92857143 0.66666667 0.26315789 0.57894737 0.90625    0.61538462
 0.55555556 0.77777778 0.70833333 0.5        0.80769231 0.05882353
 0.9875     0.29411765 0.63414634 0.57142857 0.38095238 0.56521739
 0.90909091 0.83333333 0.63157895 0.71428571 0.57894737 0.25
 0.95238095 0.83333333 0.61904762 0.82352941 0.9047619  0.63157895
 0.05555556 1.         0.5        0.68421053 0.22222222 0.89285714
 0.57894737 0.9047619  0.58823529 0.95       0.18181818 0.58823529
 0.52941176 0.59090909 0.55       0.9        1.         0.52380952
 0.6        0.95833333 0.75       1.         0.         0.88235294
 0.57894737 0.27777778 0.83333333 0.56521739 0.73913043 0.69565217
 0.65714286 0.65217391 0.         1.         0.45       0.63636364
 0.42857143 0.7        0.94117647 0.5        0.21052632 1.
 0.33333333 0.75       0.52173913 0.63636364 0.19047619 0.56521739
 0.36842105 0.71428571 0.66666667 0.96428571 0.70588235 0.7
 0.80952381 0.94117647 0.         0.63157895 0.71428571 0.10526316
 0.1875     0.5        0.88888889 0.45       0.76666667 0.84210526
 0.31578947 1.         0.47826087 0.88888889 0.15       0.76
 0.7826087  0.25       0.83333333 0.85       0.52941176 0.95121951
 0.73684211 0.78947368 0.27777778 0.36842105 0.47368421 0.66666667
 0.47368421 0.82352941 0.4        1.         0.95625    1.
 1.         0.68421053 0.0952381  0.77272727]
,[0.9        0.73170732 0.64285714 0.52       0.82758621 0.48
 0.32727273 0.73394495 0.6        0.42424242 0.87619048 0.87234043
 0.57894737 0.72222222 0.82758621 0.64285714 0.55813953 0.62857143
 0.57142857 0.75       0.65671642 0.88372093 0.75       0.84444444
 0.17647059 0.4        0.66666667 0.54901961 0.72222222 0.07692308
 0.72222222 0.75       0.4057971  0.89473684 0.47058824 0.78947368
 0.66666667 0.63157895 0.         0.74418605 0.7804878  0.37037037
 0.60869565 0.70588235 0.         0.88461538 0.59259259 0.51612903
 0.81818182 0.5        0.63157895 0.59459459 0.60377358 0.66666667
 0.57142857 0.58823529 0.75       0.44444444 0.         0.46153846
 0.55555556 0.71428571 0.70769231 0.75       0.65       0.64150943
 0.8        0.60714286 0.25806452 0.36363636 0.53658537 0.89361702
 0.65306122 0.26666667 0.38461538 0.82758621 0.89473684 0.68421053
 0.25       0.11111111 0.70967742 0.32       0.7027027  0.65
 0.46153846 0.72       0.71794872 0.625      0.4057971  0.79569892
 0.64285714 0.71287129 0.66666667 0.95454545 0.78787879 0.73873874
 0.75862069 0.84210526 0.41666667 0.80952381 0.81355932 0.64285714
 0.85714286 0.61818182 0.70707071 0.5        0.83870968 0.16
 0.68965517 0.69230769 0.61538462 0.46153846 0.7826087  0.89795918
 0.46666667 0.71428571 0.7        0.65116279 0.16666667 0.68181818
 0.72222222 0.36363636 0.95652174 0.77777778 0.19047619 0.37037037
 0.54347826 0.58823529 0.97297297 0.64150943 0.72727273 0.84210526
 0.74285714 0.71111111 0.22727273 0.66666667 0.74358974 0.58536585
 0.66666667 0.82352941 0.52307692 0.64705882 0.60869565 0.10526316
 0.94047619 0.34482759 0.57142857 0.625      0.3902439  0.56521739
 0.85106383 0.85106383 0.75       0.6        0.62857143 0.23809524
 0.83333333 0.71428571 0.41935484 0.84848485 0.7755102  0.48979592
 0.10526316 0.93333333 0.43902439 0.7027027  0.32       0.90909091
 0.64705882 0.82608696 0.57142857 0.88372093 0.26666667 0.74074074
 0.6        0.72222222 0.66666667 0.94736842 0.86486486 0.51162791
 0.72727273 0.9787234  0.71428571 0.87179487 0.         0.76923077
 0.64705882 0.38461538 0.76923077 0.54166667 0.5862069  0.71111111
 0.75409836 0.69767442 0.         0.875      0.41860465 0.56
 0.36734694 0.4375     0.91428571 0.58823529 0.32       1.
 0.48       0.69767442 0.53333333 0.45901639 0.25       0.66666667
 0.48275862 0.74074074 0.66666667 0.81818182 0.77419355 0.77777778
 0.80952381 0.82051282 0.         0.6        0.78947368 0.14285714
 0.31578947 0.44       0.88888889 0.54545455 0.6969697  0.56140351
 0.31578947 0.88372093 0.53658537 0.85333333 0.13953488 0.55882353
 0.85714286 0.26315789 0.90909091 0.87179487 0.64285714 0.93975904
 0.71794872 0.65217391 0.37037037 0.5        0.35294118 0.50909091
 0.58064516 0.50909091 0.3902439  0.88888889 0.94153846 0.87272727
 0.93048128 0.76470588 0.16666667 0.61818182]
