mACC, mP, mR, mF1, ACC, P, R, F1
0.6649603698811096,0.6772886046151818,0.629620957566024,0.6246428061247264
,[ 18  14  20  14  28   8   6  36  13   6  50  35  15  15  24  12  11   9
  17  13  22  11  11  12   4   4  17  20  14  10  13  17  10  19  13  14
  23  11   1  14  15   3  17  14  12  25  16  12  21   8  18   5  15  17
   9  11  19   3   0   5  10  17  10  21  15  15  13  16   0   7  13  22
  16   6  10  12  17   6   4  16  10  10   1  16  13  12  14  15  16  40
  18  37  18  21  14  40  14  16   3  14  23   1  19  12  42   9  14   5
  17  15  10  12  17  20   8  12  17  17   0  20  16   4  22   2   3  15
  23  10  38  13   9  29  27  10   0  11  29  31  10  14  11  14  22   8
 160   7  28  22  14  13  19  13  15  18  10   6  17  17  15  12  19   6
   1  20   7  13   3  27  10  13  11  19   3  14  14  17  17  18  13  10
  16  22  18  15   0  16  17   5  19  13   0  12  28  16   0  16   9  17
   8  11  16  15   3  15  12  17  13  14   6  15   7  22  14  25  12  17
  20  14   2  12  19  13   2  13  18   7  22  16   4  17  18  66   0  20
  19   8  15  17   7  37  13  18   6   9   1  12  11  11   3  20 159  24
  75  12  16  11]
,[0.375      0.93333333 0.83333333 0.58333333 0.82352941 1.
 0.75       0.65454545 0.72222222 0.6        0.96153846 0.97222222
 0.68181818 0.9375     0.72727273 0.8        0.84615385 0.81818182
 0.60714286 0.8125     0.46808511 0.52380952 0.84615385 0.8
 0.4        0.57142857 0.77272727 0.66666667 0.66666667 0.14925373
 0.68421053 0.44736842 0.625      0.65517241 0.72222222 0.875
 0.575      0.84615385 0.33333333 1.         0.75       0.5
 0.65384615 0.7        0.75       0.89285714 0.44444444 0.85714286
 0.84       0.88888889 0.66666667 0.5        0.88235294 0.51515152
 0.75       0.84615385 0.39583333 0.5        0.         0.625
 0.66666667 0.89473684 0.76923077 1.         0.71428571 1.
 0.52       0.61538462 0.         0.53846154 0.48148148 0.88
 0.84210526 0.4        0.45454545 1.         0.80952381 1.
 0.5        0.32       0.71428571 0.5        0.16666667 0.84210526
 0.72222222 1.         1.         0.78947368 0.72727273 0.78431373
 0.6        0.84090909 0.75       0.875      0.82352941 0.66666667
 0.875      0.72727273 1.         0.82352941 0.54761905 0.5
 0.95       0.92307692 0.62686567 0.6        0.875      0.25
 0.94444444 0.78947368 0.58823529 0.8        0.85       0.95238095
 0.5        0.75       0.5        0.53125    0.         0.60606061
 0.59259259 0.33333333 0.88       0.5        0.1875     0.30612245
 0.92       0.58823529 0.9047619  0.72222222 1.         0.59183673
 0.51923077 1.         0.         0.84615385 0.90625    0.62
 0.625      1.         0.73333333 0.77777778 0.59459459 0.5
 0.8        0.4375     0.65116279 0.59459459 0.63636364 0.52
 0.79166667 1.         1.         0.66666667 0.66666667 0.85714286
 0.94444444 0.89473684 0.31914894 0.85714286 0.65517241 0.5
 0.5        0.8        0.5        0.8125     0.75       0.62790698
 0.76923077 0.8125     0.78571429 0.9047619  0.15       0.4516129
 0.93333333 0.70833333 0.53125    0.72       0.72222222 0.45454545
 0.64       0.95652174 0.54545455 0.71428571 0.         0.61538462
 0.44736842 0.71428571 0.65517241 0.86666667 0.         0.54545455
 0.96551724 0.64       0.         0.8        0.6        0.5
 0.66666667 0.78571429 1.         0.71428571 0.75       0.9375
 0.85714286 0.5        0.76470588 0.66666667 0.22222222 0.83333333
 0.5        0.73333333 1.         0.86206897 1.         0.73913043
 0.625      0.73684211 0.25       0.66666667 0.73076923 0.27659574
 1.         0.44827586 0.9        0.875      0.70967742 0.69565217
 0.8        1.         0.32727273 0.73333333 0.         0.35714286
 0.82608696 0.88888889 0.83333333 0.77272727 0.875      0.88095238
 0.65       0.5625     0.85714286 1.         0.5        0.6
 0.55       0.91666667 0.15789474 0.76923077 0.73953488 0.72727273
 0.55147059 0.70588235 0.2962963  0.73333333]
,[0.9        0.7        0.64516129 0.53846154 0.93333333 0.44444444
 0.27272727 0.76595745 0.61904762 0.31578947 0.89285714 0.79545455
 0.75       0.83333333 0.96       0.63157895 0.52380952 0.42857143
 0.68       0.76470588 0.75862069 0.55       0.5        0.52173913
 0.17391304 0.18181818 0.85       0.90909091 0.66666667 0.47619048
 0.72222222 0.80952381 0.47619048 0.95       0.72222222 0.63636364
 0.95833333 0.5        0.05882353 0.56       0.83333333 0.16666667
 0.68       0.56       0.70588235 0.92592593 0.84210526 0.57142857
 0.95454545 0.4        0.7826087  0.29411765 0.88235294 0.70833333
 0.45       0.52380952 0.86363636 0.15789474 0.         0.27777778
 0.47619048 1.         0.4        0.77777778 0.71428571 0.88235294
 0.76470588 0.72727273 0.         0.41176471 0.65       0.91666667
 0.8        0.26086957 0.58823529 0.70588235 0.89473684 0.33333333
 0.2        0.66666667 0.52631579 0.58823529 0.05263158 0.94117647
 0.56521739 0.75       0.73684211 0.75       0.72727273 0.93023256
 0.94736842 0.90243902 0.7826087  1.         0.77777778 0.70175439
 0.77777778 0.8        0.1875     0.73684211 0.82142857 0.05555556
 0.82608696 0.6        0.77777778 0.5        0.77777778 0.29411765
 0.53125    0.88235294 0.58823529 0.70588235 0.70833333 0.83333333
 0.44444444 0.54545455 0.68       0.77272727 0.         0.76923077
 0.94117647 0.19047619 0.95652174 0.10526316 0.14285714 0.30612245
 0.88461538 0.47619048 1.         0.68421053 0.47368421 0.76315789
 0.96428571 0.41666667 0.         0.57894737 0.90625    0.79487179
 0.55555556 0.77777778 0.45833333 0.63636364 0.84615385 0.47058824
 1.         0.41176471 0.68292683 0.62857143 0.66666667 0.56521739
 0.86363636 0.54166667 0.78947368 0.85714286 0.52631579 0.3
 0.80952381 0.56666667 0.35714286 0.70588235 0.9047619  0.31578947
 0.05555556 0.95238095 0.38888889 0.68421053 0.16666667 0.96428571
 0.52631579 0.61904762 0.64705882 0.95       0.13636364 0.82352941
 0.82352941 0.77272727 0.85       0.9        0.8125     0.47619048
 0.8        0.91666667 0.9        0.88235294 0.         0.94117647
 0.89473684 0.27777778 0.79166667 0.56521739 0.         0.52173913
 0.8        0.69565217 0.         0.76190476 0.45       0.77272727
 0.38095238 0.55       0.94117647 0.75       0.15789474 0.9375
 0.66666667 0.85       0.56521739 0.63636364 0.28571429 0.65217391
 0.36842105 0.78571429 0.66666667 0.89285714 0.70588235 0.85
 0.95238095 0.82352941 0.11764706 0.63157895 0.9047619  0.68421053
 0.125      0.59090909 1.         0.35       0.73333333 0.84210526
 0.21052632 0.89473684 0.7826087  0.91666667 0.         0.8
 0.82608696 0.4        0.83333333 0.85       0.41176471 0.90243902
 0.68421053 0.94736842 0.33333333 0.47368421 0.05263158 0.57142857
 0.57894737 0.64705882 0.15       1.         0.99375    1.
 0.86206897 0.63157895 0.76190476 0.5       ]
,[0.52941176 0.8        0.72727273 0.56       0.875      0.61538462
 0.4        0.70588235 0.66666667 0.4137931  0.92592593 0.875
 0.71428571 0.88235294 0.82758621 0.70588235 0.64705882 0.5625
 0.64150943 0.78787879 0.57894737 0.53658537 0.62857143 0.63157895
 0.24242424 0.27586207 0.80952381 0.76923077 0.66666667 0.22727273
 0.7027027  0.57627119 0.54054054 0.7755102  0.72222222 0.73684211
 0.71875    0.62857143 0.1        0.71794872 0.78947368 0.25
 0.66666667 0.62222222 0.72727273 0.90909091 0.58181818 0.68571429
 0.89361702 0.55172414 0.72       0.37037037 0.88235294 0.59649123
 0.5625     0.64705882 0.54285714 0.24       0.         0.38461538
 0.55555556 0.94444444 0.52631579 0.875      0.71428571 0.9375
 0.61904762 0.66666667 0.         0.46666667 0.55319149 0.89795918
 0.82051282 0.31578947 0.51282051 0.82758621 0.85       0.5
 0.28571429 0.43243243 0.60606061 0.54054054 0.08       0.88888889
 0.63414634 0.85714286 0.84848485 0.76923077 0.72727273 0.85106383
 0.73469388 0.87058824 0.76595745 0.93333333 0.8        0.68376068
 0.82352941 0.76190476 0.31578947 0.77777778 0.65714286 0.1
 0.88372093 0.72727273 0.69421488 0.54545455 0.82352941 0.27027027
 0.68       0.83333333 0.58823529 0.75       0.77272727 0.88888889
 0.47058824 0.63157895 0.57627119 0.62962963 0.         0.6779661
 0.72727273 0.24242424 0.91666667 0.17391304 0.16216216 0.30612245
 0.90196078 0.52631579 0.95       0.7027027  0.64285714 0.66666667
 0.675      0.58823529 0.         0.6875     0.90625    0.69662921
 0.58823529 0.875      0.56410256 0.7        0.6984127  0.48484848
 0.88888889 0.42424242 0.66666667 0.61111111 0.65116279 0.54166667
 0.82608696 0.7027027  0.88235294 0.75       0.58823529 0.44444444
 0.87179487 0.69387755 0.33707865 0.77419355 0.76       0.38709677
 0.1        0.86956522 0.4375     0.74285714 0.27272727 0.76056338
 0.625      0.7027027  0.70967742 0.92682927 0.14285714 0.58333333
 0.875      0.73913043 0.65384615 0.8        0.76470588 0.46511628
 0.71111111 0.93617021 0.67924528 0.78947368 0.         0.74418605
 0.59649123 0.4        0.71698113 0.68421053 0.         0.53333333
 0.875      0.66666667 0.         0.7804878  0.51428571 0.60714286
 0.48484848 0.64705882 0.96969697 0.73170732 0.26086957 0.9375
 0.75       0.62962963 0.65       0.65116279 0.25       0.73170732
 0.42424242 0.75862069 0.8        0.87719298 0.82758621 0.79069767
 0.75471698 0.77777778 0.16       0.64864865 0.80851064 0.39393939
 0.22222222 0.50980392 0.94736842 0.5        0.72131148 0.76190476
 0.33333333 0.94444444 0.46153846 0.81481481 0.         0.49382716
 0.82608696 0.55172414 0.83333333 0.80952381 0.56       0.89156627
 0.66666667 0.70588235 0.48       0.64285714 0.0952381  0.58536585
 0.56410256 0.75862069 0.15384615 0.86956522 0.848      0.84210526
 0.67264574 0.66666667 0.42666667 0.59459459]
