mACC, mP, mR, mF1, ACC, P, R, F1
0.7014531043593131,0.7206140927321079,0.669588697270584,0.6681724064698156
,[ 18  16  25  15  26   8  11  37  12  12  53  42  15  12  23  11  11  14
  16  13  20  19  17  17   3   9  17  14  17   3  11  16  13  15  10  15
  21  18   0  22  15   7  17  25  13  23  13   9  20  12  20  11  16  17
   9  17  18   7   0   4  11  16  20  22  17  14  14  16   0   2   9  24
  15  12   5  15  17   7  14  10  14   8  14  16  15  13  14  16  19  29
  17  37  16  20  14  29   7  15   3  13  22   2  22  16  41  10  13   6
  26  15  10  12  16  21   6  14  18  21   1  21  10   0  17  18   3  15
  24  14  37  17  12  30  24  15   9  12  27  31  12  13  16  14  23  13
 160   7  26  27  14  15  18  22  14  20   8   8  21  23  15  15  18  11
   4  18  10  14   9  24   7  17   9  17   4  11  13  16  14  18  15  12
  12  21  18  14   0  17  13   5  17  13   3  15  26  16   5  19  10  13
   9  13  15  10   9  15  14  17  14  20  10  11  11  22  16  26   9  17
  21  13   2  14  19  13   4  17  16   8  19  14   7  17  14  69   1  19
  17  13  14  17  10  40  17  17   8  10   7  13  11  10   4  20 158  24
  87  14  17  16]
,[0.7826087  0.8        0.67567568 0.46875    0.96296296 1.
 0.64705882 0.82222222 0.52173913 0.75       0.71621622 0.84
 0.68181818 0.8        0.67647059 0.57894737 0.84615385 0.77777778
 0.88888889 0.68421053 0.68965517 0.63333333 0.89473684 1.
 0.27272727 0.69230769 0.80952381 0.82352941 0.47222222 0.13636364
 0.61111111 0.94117647 0.52       0.88235294 0.3125     0.88235294
 0.6        0.47368421 0.         0.91666667 0.88235294 0.7
 0.62962963 0.71428571 0.72222222 0.79310345 0.68421053 0.9
 0.76923077 0.75       0.47619048 0.6875     0.84210526 0.77272727
 1.         0.77272727 0.94736842 0.53846154 0.         1.
 0.6875     0.94117647 0.86956522 0.84615385 0.85       0.82352941
 0.4516129  0.72727273 0.         1.         0.9        0.82758621
 0.71428571 0.63157895 0.625      0.625      0.85       0.7
 0.46666667 0.66666667 0.66666667 1.         0.51851852 0.88888889
 1.         1.         0.875      0.72727273 0.44186047 0.90625
 0.5862069  0.7254902  0.94117647 0.90909091 1.         0.90625
 1.         1.         1.         0.92857143 0.88       1.
 1.         0.88888889 0.73214286 0.71428571 0.8125     0.6
 0.8125     0.9375     0.90909091 0.8        0.72727273 1.
 0.75       0.82352941 0.81818182 0.61764706 1.         0.875
 0.90909091 0.         1.         0.75       0.25       0.3125
 0.5106383  0.58333333 0.94871795 0.5        0.92307692 0.53571429
 0.85714286 1.         0.6        0.85714286 0.75       0.73809524
 0.8        1.         0.8        0.73684211 0.46938776 0.46428571
 0.76555024 0.53846154 0.49056604 0.52941176 0.73684211 0.71428571
 0.85714286 0.78571429 0.875      0.74074074 0.53333333 0.88888889
 0.72413793 0.95833333 0.3        0.57692308 0.66666667 0.44
 0.8        0.72       0.76923077 0.73684211 0.69230769 0.88888889
 0.63636364 0.62962963 0.75       0.85       0.30769231 0.78571429
 0.72222222 0.66666667 0.60869565 0.94736842 0.78947368 0.4137931
 0.70588235 0.91304348 0.47368421 0.7        0.         0.45945946
 0.65       0.625      0.89473684 0.59090909 0.75       0.625
 0.86666667 0.72727273 0.27777778 0.79166667 0.83333333 0.86666667
 0.69230769 0.86666667 0.9375     0.76923077 0.75       0.75
 0.93333333 0.45945946 0.60869565 0.90909091 0.43478261 0.78571429
 0.78571429 0.78571429 0.66666667 0.86666667 1.         0.65384615
 0.61764706 0.92857143 1.         0.53846154 0.67857143 0.76470588
 0.66666667 0.60714286 0.69565217 1.         0.73076923 0.77777778
 0.46666667 1.         0.48275862 0.56557377 0.2        0.43181818
 0.89473684 0.76470588 0.82352941 0.80952381 1.         0.93023256
 0.53125    0.56666667 0.66666667 1.         0.58333333 0.61904762
 0.47826087 0.90909091 0.26666667 0.90909091 0.74178404 0.85714286
 0.74358974 0.77777778 0.43589744 0.48484848]
,[0.9        0.8        0.80645161 0.57692308 0.86666667 0.44444444
 0.5        0.78723404 0.57142857 0.63157895 0.94642857 0.95454545
 0.75       0.66666667 0.92       0.57894737 0.52380952 0.66666667
 0.64       0.76470588 0.68965517 0.95       0.77272727 0.73913043
 0.13043478 0.40909091 0.85       0.63636364 0.80952381 0.14285714
 0.61111111 0.76190476 0.61904762 0.75       0.55555556 0.68181818
 0.875      0.81818182 0.         0.88       0.83333333 0.38888889
 0.68       1.         0.76470588 0.85185185 0.68421053 0.42857143
 0.90909091 0.6        0.86956522 0.64705882 0.94117647 0.70833333
 0.45       0.80952381 0.81818182 0.36842105 0.         0.22222222
 0.52380952 0.94117647 0.8        0.81481481 0.80952381 0.82352941
 0.82352941 0.72727273 0.         0.11764706 0.45       1.
 0.75       0.52173913 0.29411765 0.88235294 0.89473684 0.38888889
 0.7        0.41666667 0.73684211 0.47058824 0.73684211 0.94117647
 0.65217391 0.8125     0.73684211 0.8        0.86363636 0.6744186
 0.89473684 0.90243902 0.69565217 0.95238095 0.77777778 0.50877193
 0.38888889 0.75       0.1875     0.68421053 0.78571429 0.11111111
 0.95652174 0.8        0.75925926 0.55555556 0.72222222 0.35294118
 0.8125     0.88235294 0.58823529 0.70588235 0.66666667 0.875
 0.33333333 0.63636364 0.72       0.95454545 0.05555556 0.80769231
 0.58823529 0.         0.73913043 0.94736842 0.14285714 0.30612245
 0.92307692 0.66666667 0.97368421 0.89473684 0.63157895 0.78947368
 0.85714286 0.625      0.47368421 0.63157895 0.84375    0.79487179
 0.66666667 0.72222222 0.66666667 0.63636364 0.88461538 0.76470588
 1.         0.41176471 0.63414634 0.77142857 0.66666667 0.65217391
 0.81818182 0.91666667 0.73684211 0.95238095 0.42105263 0.4
 1.         0.76666667 0.35714286 0.88235294 0.85714286 0.57894737
 0.22222222 0.85714286 0.55555556 0.73684211 0.5        0.85714286
 0.36842105 0.80952381 0.52941176 0.85       0.18181818 0.64705882
 0.76470588 0.72727273 0.7        0.9        0.9375     0.57142857
 0.6        0.875      0.9        0.82352941 0.         1.
 0.68421053 0.27777778 0.70833333 0.56521739 0.13043478 0.65217391
 0.74285714 0.69565217 0.27777778 0.9047619  0.5        0.59090909
 0.42857143 0.65       0.88235294 0.5        0.47368421 0.9375
 0.77777778 0.85       0.60869565 0.90909091 0.47619048 0.47826087
 0.57894737 0.78571429 0.76190476 0.92857143 0.52941176 0.85
 1.         0.76470588 0.11764706 0.73684211 0.9047619  0.68421053
 0.25       0.77272727 0.88888889 0.4        0.63333333 0.73684211
 0.36842105 0.89473684 0.60869565 0.95833333 0.05       0.76
 0.73913043 0.65       0.77777778 0.85       0.58823529 0.97560976
 0.89473684 0.89473684 0.44444444 0.52631579 0.36842105 0.61904762
 0.57894737 0.58823529 0.2        1.         0.9875     1.
 1.         0.73684211 0.80952381 0.72727273]
,[0.8372093  0.8        0.73529412 0.51724138 0.9122807  0.61538462
 0.56410256 0.80434783 0.54545455 0.68571429 0.81538462 0.89361702
 0.71428571 0.72727273 0.77966102 0.57894737 0.64705882 0.71794872
 0.74418605 0.72222222 0.68965517 0.76       0.82926829 0.85
 0.17647059 0.51428571 0.82926829 0.71794872 0.59649123 0.13953488
 0.61111111 0.84210526 0.56521739 0.81081081 0.4        0.76923077
 0.71186441 0.6        0.         0.89795918 0.85714286 0.5
 0.65384615 0.83333333 0.74285714 0.82142857 0.68421053 0.58064516
 0.83333333 0.66666667 0.61538462 0.66666667 0.88888889 0.73913043
 0.62068966 0.79069767 0.87804878 0.4375     0.         0.36363636
 0.59459459 0.94117647 0.83333333 0.83018868 0.82926829 0.82352941
 0.58333333 0.72727273 0.         0.21052632 0.6        0.90566038
 0.73170732 0.57142857 0.4        0.73170732 0.87179487 0.5
 0.56       0.51282051 0.7        0.64       0.60869565 0.91428571
 0.78947368 0.89655172 0.8        0.76190476 0.58461538 0.77333333
 0.70833333 0.80434783 0.8        0.93023256 0.875      0.65168539
 0.56       0.85714286 0.31578947 0.78787879 0.83018868 0.2
 0.97777778 0.84210526 0.74545455 0.625      0.76470588 0.44444444
 0.8125     0.90909091 0.71428571 0.75       0.69565217 0.93333333
 0.46153846 0.71794872 0.76595745 0.75       0.10526316 0.84
 0.71428571 0.         0.85       0.8372093  0.18181818 0.30927835
 0.65753425 0.62222222 0.96103896 0.64150943 0.75       0.63829787
 0.85714286 0.76923077 0.52941176 0.72727273 0.79411765 0.7654321
 0.72727273 0.83870968 0.72727273 0.68292683 0.61333333 0.57777778
 0.86720867 0.46666667 0.55319149 0.62790698 0.7        0.68181818
 0.8372093  0.84615385 0.8        0.83333333 0.47058824 0.55172414
 0.84       0.85185185 0.32608696 0.69767442 0.75       0.5
 0.34782609 0.7826087  0.64516129 0.73684211 0.58064516 0.87272727
 0.46666667 0.70833333 0.62068966 0.85       0.22857143 0.70967742
 0.74285714 0.69565217 0.65116279 0.92307692 0.85714286 0.48
 0.64864865 0.89361702 0.62068966 0.75675676 0.         0.62962963
 0.66666667 0.38461538 0.79069767 0.57777778 0.22222222 0.63829787
 0.8        0.71111111 0.27777778 0.84444444 0.625      0.7027027
 0.52941176 0.74285714 0.90909091 0.60606061 0.58064516 0.83333333
 0.84848485 0.59649123 0.60869565 0.90909091 0.45454545 0.59459459
 0.66666667 0.78571429 0.71111111 0.89655172 0.69230769 0.73913043
 0.76363636 0.83870968 0.21052632 0.62222222 0.7755102  0.72222222
 0.36363636 0.68       0.7804878  0.57142857 0.67857143 0.75675676
 0.41176471 0.94444444 0.53846154 0.71134021 0.08       0.55072464
 0.80952381 0.7027027  0.8        0.82926829 0.74074074 0.95238095
 0.66666667 0.69387755 0.53333333 0.68965517 0.4516129  0.61904762
 0.52380952 0.71428571 0.22857143 0.95238095 0.84718499 0.92307692
 0.85294118 0.75675676 0.56666667 0.58181818]
