mACC, mP, mR, mF1, ACC, P, R, F1
0.6867569352708058,0.7109523559326959,0.652731905363747,0.6538667919435669
,[ 16  17  24  13  25  10   9  37  13  14  48  36  11   9  18  12  12  13
  16  16  22  19  19  17   5  16  17  14  15   5  13  19  12  17  10  17
  16  12   3  19  14   6  15  25   1  22  10  16  20  11  18  10  16  17
  13   9  21   6   2   5  12  17  22  24  16  12  11  15   5   4   4  22
  16  13   3  12  16  11   6   8  18   4  10  15  13  12  15  13   6  37
  17  38  17  20  13  42  15  14  12  18  20   8  22  16  40   7  13   2
  21  13  10  11  19  21   5  16  18  17   4  18  16  12  19   8   0  22
  24   5  36  14  11  35  25  12   5   7  28  29  15  16  21  14  14   8
 160   2  25  18  12  13  22  17  12  19  10  15  18  19  17  15  17  12
   4  16  10  15   2  26   7  18   8  15   7   7  14  15  14  18  14   9
  15  22   9  11   3  16  15   9   9  17  11  19  21  16   5  19   8  15
   5  13  17  10  13  14   9  13  19  17   3  11   8  23  17  25  12  16
  20  11   5   8  17   9   6  15  17  14  23  13   7  19  11  64   5  20
  20  15  16  18  10  38  11  12   9   5  12  12  10   9  10  20 158  24
  87  13  12  19]
,[0.94117647 0.73913043 0.72727273 0.41935484 0.78125    0.76923077
 0.9        0.58730159 0.72222222 0.77777778 0.85714286 0.81818182
 0.78571429 0.9        0.9        0.8        0.5        0.68421053
 0.94117647 0.76190476 0.84615385 0.67857143 0.76       0.89473684
 0.625      0.3902439  0.94444444 0.60869565 0.88235294 0.33333333
 0.59090909 0.95       0.8        0.65384615 0.34482759 0.89473684
 0.88888889 0.66666667 0.375      1.         0.66666667 0.66666667
 1.         0.53191489 1.         0.95652174 0.58823529 0.47058824
 0.57142857 0.91666667 0.54545455 0.55555556 0.8        0.89473684
 0.86666667 0.81818182 0.33333333 0.6        0.5        0.625
 0.42857143 0.51515152 0.75862069 0.77419355 0.76190476 0.85714286
 0.91666667 0.78947368 0.5        0.21052632 0.8        0.91666667
 0.84210526 0.43333333 0.6        0.92307692 0.69565217 0.73333333
 0.42857143 0.61538462 0.33333333 0.66666667 1.         0.625
 0.8125     0.92307692 0.71428571 0.56521739 0.75       0.75510204
 0.73913043 0.76       0.80952381 0.86956522 0.76470588 0.57534247
 0.44117647 1.         1.         0.85714286 0.86956522 1.
 0.81481481 0.48484848 0.6779661  0.58333333 1.         0.28571429
 0.80769231 0.86666667 0.58823529 0.84615385 0.9047619  0.77777778
 0.83333333 0.76190476 0.69230769 0.5862069  0.57142857 0.85714286
 0.47058824 0.5        0.9047619  0.88888889 0.         0.34375
 0.45283019 0.625      1.         0.56       0.84615385 0.71428571
 0.83333333 0.85714286 0.23809524 0.875      0.96551724 0.61702128
 0.625      0.88888889 0.7        0.77777778 0.875      0.47058824
 0.83769634 1.         0.75757576 0.72       0.66666667 0.40625
 0.78571429 0.73913043 0.8        0.39583333 0.37037037 0.34090909
 0.81818182 0.82608696 0.47222222 0.68181818 0.80952381 0.63157895
 0.44444444 1.         0.38461538 0.83333333 0.4        0.92857143
 0.58333333 0.64285714 0.5        1.         0.25       0.77777778
 0.875      0.75       0.93333333 1.         0.77777778 0.6
 0.83333333 1.         0.69230769 0.84615385 1.         0.88888889
 0.375      0.52941176 0.75       0.73913043 0.64705882 0.5
 0.84       0.76190476 0.5        0.475      0.8        0.75
 0.83333333 0.54166667 0.85       0.83333333 0.68421053 1.
 0.64285714 0.76470588 0.67857143 0.68       0.5        1.
 0.88888889 0.74193548 1.         0.75757576 1.         0.84210526
 0.86956522 1.         0.23809524 0.88888889 0.68       0.5
 1.         0.71428571 0.94444444 0.60869565 0.6969697  0.8125
 0.46666667 1.         0.52380952 0.86486486 0.14705882 0.32786885
 0.90909091 0.51724138 0.8        0.66666667 0.76923077 0.82608696
 0.6875     0.85714286 0.375      0.55555556 0.30769231 0.63157895
 0.76923077 0.9        0.34482759 0.8        0.78217822 1.
 0.89690722 0.65       0.52173913 0.59375   ]
,[0.8        0.85       0.77419355 0.5        0.83333333 0.55555556
 0.40909091 0.78723404 0.61904762 0.73684211 0.85714286 0.81818182
 0.55       0.5        0.72       0.63157895 0.57142857 0.61904762
 0.64       0.94117647 0.75862069 0.95       0.86363636 0.73913043
 0.2173913  0.72727273 0.85       0.63636364 0.71428571 0.23809524
 0.72222222 0.9047619  0.57142857 0.85       0.55555556 0.77272727
 0.66666667 0.54545455 0.17647059 0.76       0.77777778 0.33333333
 0.6        1.         0.05882353 0.81481481 0.52631579 0.76190476
 0.90909091 0.55       0.7826087  0.58823529 0.94117647 0.70833333
 0.65       0.42857143 0.95454545 0.31578947 0.11764706 0.27777778
 0.57142857 1.         0.88       0.88888889 0.76190476 0.70588235
 0.64705882 0.68181818 0.25       0.23529412 0.2        0.91666667
 0.8        0.56521739 0.17647059 0.70588235 0.84210526 0.61111111
 0.3        0.33333333 0.94736842 0.23529412 0.52631579 0.88235294
 0.56521739 0.75       0.78947368 0.65       0.27272727 0.86046512
 0.89473684 0.92682927 0.73913043 0.95238095 0.72222222 0.73684211
 0.83333333 0.7        0.75       0.94736842 0.71428571 0.44444444
 0.95652174 0.8        0.74074074 0.38888889 0.72222222 0.11764706
 0.65625    0.76470588 0.58823529 0.64705882 0.79166667 0.875
 0.27777778 0.72727273 0.72       0.77272727 0.22222222 0.69230769
 0.94117647 0.57142857 0.82608696 0.42105263 0.         0.44897959
 0.92307692 0.23809524 0.94736842 0.73684211 0.57894737 0.92105263
 0.89285714 0.5        0.26315789 0.36842105 0.875      0.74358974
 0.83333333 0.88888889 0.875      0.63636364 0.53846154 0.47058824
 1.         0.11764706 0.6097561  0.51428571 0.57142857 0.56521739
 1.         0.70833333 0.63157895 0.9047619  0.52631579 0.75
 0.85714286 0.63333333 0.4047619  0.88235294 0.80952381 0.63157895
 0.22222222 0.76190476 0.55555556 0.78947368 0.11111111 0.92857143
 0.36842105 0.85714286 0.47058824 0.75       0.31818182 0.41176471
 0.82352941 0.68181818 0.7        0.9        0.875      0.42857143
 0.75       0.91666667 0.45       0.64705882 0.14285714 0.94117647
 0.78947368 0.5        0.375      0.73913043 0.47826087 0.82608696
 0.6        0.69565217 0.27777778 0.9047619  0.4        0.68181818
 0.23809524 0.65       1.         0.5        0.68421053 0.875
 0.5        0.65       0.82608696 0.77272727 0.14285714 0.47826087
 0.42105263 0.82142857 0.80952381 0.89285714 0.70588235 0.8
 0.95238095 0.64705882 0.29411765 0.42105263 0.80952381 0.47368421
 0.375      0.68181818 0.94444444 0.7        0.76666667 0.68421053
 0.36842105 1.         0.47826087 0.88888889 0.25       0.8
 0.86956522 0.75       0.88888889 0.9        0.58823529 0.92682927
 0.57894737 0.63157895 0.5        0.26315789 0.63157895 0.57142857
 0.52631579 0.52941176 0.5        1.         0.9875     1.
 1.         0.68421053 0.57142857 0.86363636]
,[0.86486486 0.79069767 0.75       0.45614035 0.80645161 0.64516129
 0.5625     0.67272727 0.66666667 0.75675676 0.85714286 0.81818182
 0.64705882 0.64285714 0.8        0.70588235 0.53333333 0.65
 0.76190476 0.84210526 0.8        0.79166667 0.80851064 0.80952381
 0.32258065 0.50793651 0.89473684 0.62222222 0.78947368 0.27777778
 0.65       0.92682927 0.66666667 0.73913043 0.42553191 0.82926829
 0.76190476 0.6        0.24       0.86363636 0.71794872 0.44444444
 0.75       0.69444444 0.11111111 0.88       0.55555556 0.58181818
 0.70175439 0.6875     0.64285714 0.57142857 0.86486486 0.79069767
 0.74285714 0.5625     0.49411765 0.4137931  0.19047619 0.38461538
 0.48979592 0.68       0.81481481 0.82758621 0.76190476 0.77419355
 0.75862069 0.73170732 0.33333333 0.22222222 0.32       0.91666667
 0.82051282 0.49056604 0.27272727 0.8        0.76190476 0.66666667
 0.35294118 0.43243243 0.49315068 0.34782609 0.68965517 0.73170732
 0.66666667 0.82758621 0.75       0.60465116 0.4        0.80434783
 0.80952381 0.83516484 0.77272727 0.90909091 0.74285714 0.64615385
 0.57692308 0.82352941 0.85714286 0.9        0.78431373 0.61538462
 0.88       0.60377358 0.7079646  0.46666667 0.83870968 0.16666667
 0.72413793 0.8125     0.58823529 0.73333333 0.84444444 0.82352941
 0.41666667 0.74418605 0.70588235 0.66666667 0.32       0.76595745
 0.62745098 0.53333333 0.86363636 0.57142857 0.         0.38938053
 0.60759494 0.34482759 0.97297297 0.63636364 0.6875     0.8045977
 0.86206897 0.63157895 0.25       0.51851852 0.91803279 0.6744186
 0.71428571 0.88888889 0.77777778 0.7        0.66666667 0.47058824
 0.91168091 0.21052632 0.67567568 0.6        0.61538462 0.47272727
 0.88       0.72340426 0.70588235 0.55072464 0.43478261 0.46875
 0.8372093  0.71698113 0.43589744 0.76923077 0.80952381 0.63157895
 0.2962963  0.86486486 0.45454545 0.81081081 0.17391304 0.92857143
 0.4516129  0.73469388 0.48484848 0.85714286 0.28       0.53846154
 0.84848485 0.71428571 0.8        0.94736842 0.82352941 0.5
 0.78947368 0.95652174 0.54545455 0.73333333 0.25       0.91428571
 0.50847458 0.51428571 0.5        0.73913043 0.55       0.62295082
 0.7        0.72727273 0.35714286 0.62295082 0.53333333 0.71428571
 0.37037037 0.59090909 0.91891892 0.625      0.68421053 0.93333333
 0.5625     0.7027027  0.74509804 0.72340426 0.22222222 0.64705882
 0.57142857 0.77966102 0.89473684 0.81967213 0.82758621 0.82051282
 0.90909091 0.78571429 0.26315789 0.57142857 0.73913043 0.48648649
 0.54545455 0.69767442 0.94444444 0.65116279 0.73015873 0.74285714
 0.41176471 1.         0.5        0.87671233 0.18518519 0.46511628
 0.88888889 0.6122449  0.84210526 0.76595745 0.66666667 0.87356322
 0.62857143 0.72727273 0.42857143 0.35714286 0.4137931  0.6
 0.625      0.66666667 0.40816327 0.88888889 0.87292818 1.
 0.94565217 0.66666667 0.54545455 0.7037037 ]
