mACC, mP, mR, mF1, ACC, P, R, F1
0.52443857331572,0.51619327716833,0.4668897094197785,0.44764375856110994
,[ 16   8  20  14  19   6   8  30   5  16  49  40   0  14  11   9   5   1
   4   3  14  15  19   2   4   2  18  10   7   7   4   6  12  17  11   8
  12   5   5  22   3   1  17   3   4  21   1   8  18  10  16   8  14   6
   3   2   2   2   0   2   7  17  18  25  14  12   0   2   7   1   8  22
   9   7   3  11  16   5   0   1  10   0   3   8  16  12  11   9  11  39
  16  39  16  20  16  40  11  12   0  15  20   5  23  17  44   1  11   0
  23  11  11   5  20  16   7  11   0   7   2  19  14   1  13  15   2  12
  21  10  36  14   0  22  28  12   0   1  17  23   9  14   9  14  23   1
 160  12  25  13   7   4  22  16   0  16   6  10  11  18  26   4  15   3
   5  19   0   3   0  27  10   3   3  15   1   2   2   4  16  18  15  11
  18  22  13  15   0   4   2   2   0  12   5  15  27   2   0   3   9   8
   0   3  17   0   0   2   3   1  19  17   1  12   7  14  14  25  10   0
  17  13   0  10   6   1   5   4  18   6   4  13   8  18  12  66   4  18
  17   8  11  16   0  37   8   1   0  11   2   8   1  13   6  17 153  24
  87  10  10  17]
,[0.88888889 0.53333333 0.8        0.37837838 0.73076923 0.5
 0.32       0.55555556 0.625      0.4        0.64473684 0.81632653
 0.         0.66666667 0.33333333 0.25       0.55555556 0.33333333
 0.36363636 0.75       0.35897436 0.75       0.73076923 0.11764706
 0.57142857 0.4        0.42857143 0.90909091 0.875      0.5
 0.5        0.75       0.36363636 1.         0.55       0.2962963
 0.6        0.83333333 0.22727273 0.37931034 0.375      0.1
 0.80952381 0.75       0.8        0.6        0.1        0.34782609
 0.72       0.58823529 0.8        0.53333333 0.73684211 0.75
 0.5        0.66666667 1.         0.5        0.         1.
 0.175      0.47222222 0.5625     0.78125    0.875      0.33333333
 0.         0.33333333 0.41176471 0.125      0.53333333 0.91666667
 0.81818182 0.25925926 0.17647059 0.55       0.88888889 0.11111111
 0.         1.         0.43478261 0.         0.5        0.36363636
 0.38095238 0.92307692 1.         0.52941176 0.40740741 0.52702703
 0.55172414 0.4875     0.51612903 0.76923077 0.61538462 0.27210884
 0.36666667 1.         0.         0.41666667 0.51282051 0.55555556
 0.42592593 0.5        0.44       0.08333333 0.84615385 0.
 0.58974359 0.73333333 0.45833333 0.625      0.68965517 0.94117647
 0.5        0.91666667 0.         0.63636364 0.1        0.3220339
 0.53846154 0.2        0.92857143 0.78947368 0.13333333 0.27906977
 0.65625    0.625      0.87804878 0.66666667 0.         0.75862069
 0.23931624 0.52173913 0.         0.25       0.35416667 0.47916667
 0.39130435 0.38888889 0.75       0.82352941 0.62162162 0.2
 0.86021505 0.35294118 0.56818182 0.65       0.30434783 0.26666667
 0.51162791 0.84210526 0.         0.33333333 0.46153846 0.26315789
 1.         0.6        0.2826087  0.8        0.65217391 0.375
 0.55555556 0.82608696 0.         1.         0.         0.65853659
 0.32258065 1.         0.3        0.78947368 0.09090909 0.66666667
 0.4        0.36363636 0.69565217 1.         0.9375     0.57894737
 0.24657534 1.         0.59090909 0.78947368 0.         1.
 0.5        1.         0.         0.92307692 0.41666667 0.57692308
 0.54       1.         0.         1.         0.6        0.72727273
 0.         0.125      0.77272727 0.         0.         0.5
 0.42857143 0.11111111 0.61290323 0.85       0.25       0.4137931
 0.33333333 0.93333333 1.         0.33333333 0.76923077 0.
 0.68       0.46428571 0.         0.71428571 0.16216216 0.04166667
 0.5        0.22222222 0.81818182 0.85714286 0.22222222 0.54166667
 0.57142857 0.7826087  1.         0.7173913  0.22222222 0.47368421
 0.70833333 0.42105263 0.78571429 0.8        0.         0.50684932
 0.88888889 0.5        0.         0.61111111 0.0952381  0.47058824
 0.2        0.44827586 0.1875     1.         0.73557692 0.96
 0.79816514 0.58823529 0.43478261 0.36170213]
,[0.8        0.4        0.64516129 0.53846154 0.63333333 0.33333333
 0.36363636 0.63829787 0.23809524 0.84210526 0.875      0.90909091
 0.         0.77777778 0.44       0.47368421 0.23809524 0.04761905
 0.16       0.17647059 0.48275862 0.75       0.86363636 0.08695652
 0.17391304 0.09090909 0.9        0.45454545 0.33333333 0.33333333
 0.22222222 0.28571429 0.57142857 0.85       0.61111111 0.36363636
 0.5        0.22727273 0.29411765 0.88       0.16666667 0.05555556
 0.68       0.12       0.23529412 0.77777778 0.05263158 0.38095238
 0.81818182 0.5        0.69565217 0.47058824 0.82352941 0.25
 0.15       0.0952381  0.09090909 0.10526316 0.         0.11111111
 0.33333333 1.         0.72       0.92592593 0.66666667 0.70588235
 0.         0.09090909 0.35       0.05882353 0.4        0.91666667
 0.45       0.30434783 0.17647059 0.64705882 0.84210526 0.27777778
 0.         0.04166667 0.52631579 0.         0.15789474 0.47058824
 0.69565217 0.75       0.57894737 0.45       0.5        0.90697674
 0.84210526 0.95121951 0.69565217 0.95238095 0.88888889 0.70175439
 0.61111111 0.6        0.         0.78947368 0.71428571 0.27777778
 1.         0.85       0.81481481 0.05555556 0.61111111 0.
 0.71875    0.64705882 0.64705882 0.29411765 0.83333333 0.66666667
 0.38888889 0.5        0.         0.31818182 0.11111111 0.73076923
 0.82352941 0.04761905 0.56521739 0.78947368 0.0952381  0.24489796
 0.80769231 0.47619048 0.94736842 0.73684211 0.         0.57894737
 1.         0.5        0.         0.05263158 0.53125    0.58974359
 0.5        0.77777778 0.375      0.63636364 0.88461538 0.05882353
 1.         0.70588235 0.6097561  0.37142857 0.33333333 0.17391304
 1.         0.66666667 0.         0.76190476 0.31578947 0.5
 0.52380952 0.6        0.61904762 0.23529412 0.71428571 0.15789474
 0.27777778 0.9047619  0.         0.15789474 0.         0.96428571
 0.52631579 0.14285714 0.17647059 0.75       0.04545455 0.11764706
 0.11764706 0.18181818 0.8        0.9        0.9375     0.52380952
 0.9        0.91666667 0.65       0.88235294 0.         0.23529412
 0.10526316 0.11111111 0.         0.52173913 0.2173913  0.65217391
 0.77142857 0.08695652 0.         0.14285714 0.45       0.36363636
 0.         0.15       1.         0.         0.         0.125
 0.16666667 0.05       0.82608696 0.77272727 0.04761905 0.52173913
 0.36842105 0.5        0.66666667 0.89285714 0.58823529 0.
 0.80952381 0.76470588 0.         0.52631579 0.28571429 0.05263158
 0.3125     0.18181818 1.         0.3        0.13333333 0.68421053
 0.42105263 0.94736842 0.52173913 0.91666667 0.2        0.72
 0.73913043 0.4        0.61111111 0.8        0.         0.90243902
 0.42105263 0.05263158 0.         0.57894737 0.10526316 0.38095238
 0.05263158 0.76470588 0.3        0.85       0.95625    1.
 1.         0.52631579 0.47619048 0.77272727]
,[0.84210526 0.45714286 0.71428571 0.44444444 0.67857143 0.4
 0.34042553 0.59405941 0.34482759 0.54237288 0.74242424 0.86021505
 0.         0.71794872 0.37931034 0.32727273 0.33333333 0.08333333
 0.22222222 0.28571429 0.41176471 0.75       0.79166667 0.1
 0.26666667 0.14814815 0.58064516 0.60606061 0.48275862 0.4
 0.30769231 0.4137931  0.44444444 0.91891892 0.57894737 0.32653061
 0.54545455 0.35714286 0.25641026 0.53012048 0.23076923 0.07142857
 0.73913043 0.20689655 0.36363636 0.67741935 0.06896552 0.36363636
 0.76595745 0.54054054 0.74418605 0.5        0.77777778 0.375
 0.23076923 0.16666667 0.16666667 0.17391304 0.         0.2
 0.2295082  0.64150943 0.63157895 0.84745763 0.75675676 0.45283019
 0.         0.14285714 0.37837838 0.08       0.45714286 0.91666667
 0.58064516 0.28       0.17647059 0.59459459 0.86486486 0.15873016
 0.         0.08       0.47619048 0.         0.24       0.41025641
 0.49230769 0.82758621 0.73333333 0.48648649 0.44897959 0.66666667
 0.66666667 0.6446281  0.59259259 0.85106383 0.72727273 0.39215686
 0.45833333 0.75       0.         0.54545455 0.59701493 0.37037037
 0.5974026  0.62962963 0.57142857 0.06666667 0.70967742 0.
 0.64788732 0.6875     0.53658537 0.4        0.75471698 0.7804878
 0.4375     0.64705882 0.         0.42424242 0.10526316 0.44705882
 0.65116279 0.07692308 0.7027027  0.78947368 0.11111111 0.26086957
 0.72413793 0.54054054 0.91139241 0.7        0.         0.65671642
 0.3862069  0.5106383  0.         0.08695652 0.425      0.52873563
 0.43902439 0.51851852 0.5        0.71794872 0.73015873 0.09090909
 0.92485549 0.47058824 0.58823529 0.47272727 0.31818182 0.21052632
 0.67692308 0.74418605 0.         0.46376812 0.375      0.34482759
 0.6875     0.6        0.3880597  0.36363636 0.68181818 0.22222222
 0.37037037 0.86363636 0.         0.27272727 0.         0.7826087
 0.4        0.25       0.22222222 0.76923077 0.06060606 0.2
 0.18181818 0.24242424 0.74418605 0.94736842 0.9375     0.55
 0.38709677 0.95652174 0.61904762 0.83333333 0.         0.38095238
 0.17391304 0.2        0.         0.66666667 0.28571429 0.6122449
 0.63529412 0.16       0.         0.25       0.51428571 0.48484848
 0.         0.13636364 0.87179487 0.         0.         0.2
 0.24       0.06896552 0.7037037  0.80952381 0.08       0.46153846
 0.35       0.65116279 0.8        0.48543689 0.66666667 0.
 0.73913043 0.57777778 0.         0.60606061 0.20689655 0.04651163
 0.38461538 0.2        0.9        0.44444444 0.16666667 0.60465116
 0.48484848 0.85714286 0.68571429 0.80487805 0.21052632 0.57142857
 0.72340426 0.41025641 0.6875     0.8        0.         0.64912281
 0.57142857 0.0952381  0.         0.59459459 0.1        0.42105263
 0.08333333 0.56521739 0.23076923 0.91891892 0.83152174 0.97959184
 0.8877551  0.55555556 0.45454545 0.49275362]
