mACC, mP, mR, mF1, ACC, P, R, F1
0.5609313077939234,0.5591477703858991,0.5179766482355381,0.5068692349387021
,[ 16  14  19  12  23   3   0  40   4  12  49  37  11  13  16  11   5  12
  19  12  18   7  11  11   0   0   3  10   4   0  11  11  10  13   9  10
  17  12   0  21  16   4  14  19   0  17  13   8   5   8  16   8   3   3
  14  14  19   8   0   6   9  17  16  24   8  12   5  17   0   7  14  22
  15   0   1  15  16   7   8  17  10  13   0   6  12  13  14  14  14  39
  17  38  18  20   0  32  13   0   0  12  20   0  18   9  41   8  15   9
  27  15  10   5  21  19   0   8  11  11   0  14  16   8  20  12   0  15
  23   7  36  15  11  29   5  14   0  10  28  31   1  14   5  17  21   9
 139   0  21   6   0  12  20  13   1  20   8   0  21  21  14   0  15  11
   7  15   3  12   0  25   9   0   4  19   3  13  12   8  14  14  15  13
   0  21   9  14   0  17  17   6  15  12   0   2  24  19   0  16   7   9
  12  10  17   7   0  16   8  15  11  18   9  16   5  20  17  20  10   0
  16   8   1  12  16   0   1  19   0   0  27   0   4  18   5  65   4  13
  17   2  13  16   8  40  16  12   5   2   1  12   9  12   4  20 158  24
  51  15  17   3]
,[0.88888889 0.53846154 1.         0.33333333 0.88461538 0.05555556
 0.         0.43478261 0.8        0.54545455 0.875      0.94871795
 0.40740741 0.92857143 0.8        0.78571429 0.83333333 0.46153846
 0.54285714 0.66666667 0.34615385 0.33333333 0.57894737 0.40740741
 0.         0.         0.6        0.625      0.5        0.
 0.84615385 1.         0.90909091 1.         0.5        0.90909091
 0.85       0.70588235 0.         0.80769231 0.45714286 0.57142857
 0.7        0.65517241 0.         1.         0.8125     0.66666667
 1.         0.8        0.69565217 0.88888889 0.75       1.
 0.66666667 0.7        0.55882353 0.61538462 0.         0.66666667
 0.23684211 0.5483871  0.66666667 0.53333333 1.         0.85714286
 0.55555556 0.73913043 0.         0.24137931 0.73684211 0.75862069
 0.51724138 0.         0.5        0.83333333 0.88888889 0.53846154
 0.25       0.32075472 0.625      0.56521739 0.         0.75
 0.5        0.92857143 0.77777778 0.36842105 0.35897436 0.68421053
 0.43589744 0.67857143 0.9        0.90909091 0.         0.69565217
 0.48148148 0.         0.         0.42857143 0.66666667 0.
 0.85714286 0.6        0.50617284 0.28571429 0.88235294 0.1875
 0.57446809 1.         0.90909091 1.         0.63636364 0.76
 0.         1.         0.22916667 0.73333333 0.         1.
 0.72727273 0.07142857 0.95238095 0.92307692 0.         0.21126761
 0.82142857 0.63636364 0.73469388 0.83333333 0.78571429 0.80555556
 1.         0.77777778 0.         0.76923077 0.82352941 0.36046512
 0.25       0.33333333 0.41666667 0.5862069  0.65625    0.2
 0.97202797 0.         0.53846154 0.27272727 0.         0.57142857
 0.86956522 1.         0.07692308 0.48780488 0.8        0.
 0.67741935 0.80769231 0.17721519 0.         1.         0.61111111
 0.15555556 0.83333333 0.25       0.70588235 0.         0.78125
 0.47368421 0.         0.13333333 0.86363636 0.25       0.65
 0.92307692 0.8        0.4375     0.77777778 0.75       0.325
 0.         1.         0.25714286 0.82352941 0.         0.39534884
 0.48571429 0.54545455 0.68181818 0.75       0.         0.33333333
 0.61538462 0.63333333 0.         0.8        0.5        0.9
 0.31578947 1.         0.70833333 0.53846154 0.         0.84210526
 0.57142857 0.57692308 0.91666667 0.81818182 0.23076923 0.69565217
 0.83333333 0.83333333 0.45945946 0.625      0.34482759 0.
 0.88888889 1.         1.         0.63157895 0.84210526 0.
 0.25       0.42222222 0.         0.         0.45       0.
 0.44444444 0.81818182 0.17241379 0.75581395 0.17391304 0.61904762
 0.94444444 0.05128205 0.61904762 0.94117647 1.         0.74074074
 0.66666667 0.85714286 0.83333333 0.13333333 0.1        0.75
 0.81818182 0.75       0.16       0.83333333 0.83597884 0.72727273
 0.87931034 0.71428571 0.39534884 0.75      ]
,[0.8        0.7        0.61290323 0.46153846 0.76666667 0.16666667
 0.         0.85106383 0.19047619 0.63157895 0.875      0.84090909
 0.55       0.72222222 0.64       0.57894737 0.23809524 0.57142857
 0.76       0.70588235 0.62068966 0.35       0.5        0.47826087
 0.         0.         0.15       0.45454545 0.19047619 0.
 0.61111111 0.52380952 0.47619048 0.65       0.5        0.45454545
 0.70833333 0.54545455 0.         0.84       0.88888889 0.22222222
 0.56       0.76       0.         0.62962963 0.68421053 0.38095238
 0.22727273 0.4        0.69565217 0.47058824 0.17647059 0.125
 0.7        0.66666667 0.86363636 0.42105263 0.         0.33333333
 0.42857143 1.         0.64       0.88888889 0.38095238 0.70588235
 0.29411765 0.77272727 0.         0.41176471 0.7        0.91666667
 0.75       0.         0.05882353 0.88235294 0.84210526 0.38888889
 0.4        0.70833333 0.52631579 0.76470588 0.         0.35294118
 0.52173913 0.8125     0.73684211 0.7        0.63636364 0.90697674
 0.89473684 0.92682927 0.7826087  0.95238095 0.         0.56140351
 0.72222222 0.         0.         0.63157895 0.71428571 0.
 0.7826087  0.45       0.75925926 0.44444444 0.83333333 0.52941176
 0.84375    0.88235294 0.58823529 0.29411765 0.875      0.79166667
 0.         0.36363636 0.44       0.5        0.         0.53846154
 0.94117647 0.38095238 0.86956522 0.63157895 0.         0.30612245
 0.88461538 0.33333333 0.94736842 0.78947368 0.57894737 0.76315789
 0.17857143 0.58333333 0.         0.52631579 0.875      0.79487179
 0.05555556 0.77777778 0.20833333 0.77272727 0.80769231 0.52941176
 0.86875    0.         0.51219512 0.17142857 0.         0.52173913
 0.90909091 0.54166667 0.05263158 0.95238095 0.42105263 0.
 1.         0.7        0.33333333 0.         0.71428571 0.57894737
 0.38888889 0.71428571 0.16666667 0.63157895 0.         0.89285714
 0.47368421 0.         0.23529412 0.95       0.13636364 0.76470588
 0.70588235 0.36363636 0.7        0.7        0.9375     0.61904762
 0.         0.875      0.45       0.82352941 0.         1.
 0.89473684 0.33333333 0.625      0.52173913 0.         0.08695652
 0.68571429 0.82608696 0.         0.76190476 0.35       0.40909091
 0.57142857 0.5        1.         0.35       0.         1.
 0.44444444 0.75       0.47826087 0.81818182 0.42857143 0.69565217
 0.26315789 0.71428571 0.80952381 0.71428571 0.58823529 0.
 0.76190476 0.47058824 0.05882353 0.63157895 0.76190476 0.
 0.0625     0.86363636 0.         0.         0.9        0.
 0.21052632 0.94736842 0.2173913  0.90277778 0.2        0.52
 0.73913043 0.1        0.72222222 0.8        0.47058824 0.97560976
 0.84210526 0.63157895 0.27777778 0.10526316 0.05263158 0.57142857
 0.47368421 0.70588235 0.2        1.         0.9875     1.
 0.5862069  0.78947368 0.80952381 0.13636364]
,[0.84210526 0.60869565 0.76       0.38709677 0.82142857 0.08333333
 0.         0.57553957 0.30769231 0.58536585 0.875      0.89156627
 0.46808511 0.8125     0.71111111 0.66666667 0.37037037 0.5106383
 0.63333333 0.68571429 0.44444444 0.34146341 0.53658537 0.44
 0.         0.         0.24       0.52631579 0.27586207 0.
 0.70967742 0.6875     0.625      0.78787879 0.5        0.60606061
 0.77272727 0.61538462 0.         0.82352941 0.60377358 0.32
 0.62222222 0.7037037  0.         0.77272727 0.74285714 0.48484848
 0.37037037 0.53333333 0.69565217 0.61538462 0.28571429 0.22222222
 0.68292683 0.68292683 0.67857143 0.5        0.         0.44444444
 0.30508475 0.70833333 0.65306122 0.66666667 0.55172414 0.77419355
 0.38461538 0.75555556 0.         0.30434783 0.71794872 0.83018868
 0.6122449  0.         0.10526316 0.85714286 0.86486486 0.4516129
 0.30769231 0.44155844 0.57142857 0.65       0.         0.48
 0.5106383  0.86666667 0.75675676 0.48275862 0.45901639 0.78
 0.5862069  0.78350515 0.8372093  0.93023256 0.         0.62135922
 0.57777778 0.         0.         0.5106383  0.68965517 0.
 0.81818182 0.51428571 0.60740741 0.34782609 0.85714286 0.27692308
 0.6835443  0.9375     0.71428571 0.45454545 0.73684211 0.7755102
 0.         0.53333333 0.30136986 0.59459459 0.         0.7
 0.82051282 0.12030075 0.90909091 0.75       0.         0.25
 0.85185185 0.4375     0.82758621 0.81081081 0.66666667 0.78378378
 0.3030303  0.66666667 0.         0.625      0.84848485 0.496
 0.09090909 0.46666667 0.27777778 0.66666667 0.72413793 0.29032258
 0.91749175 0.         0.525      0.21052632 0.         0.54545455
 0.88888889 0.7027027  0.0625     0.64516129 0.55172414 0.
 0.80769231 0.75       0.23140496 0.         0.83333333 0.59459459
 0.22222222 0.76923077 0.2        0.66666667 0.         0.83333333
 0.47368421 0.         0.17021277 0.9047619  0.17647059 0.7027027
 0.8        0.5        0.53846154 0.73684211 0.83333333 0.42622951
 0.         0.93333333 0.32727273 0.82352941 0.         0.56666667
 0.62962963 0.4137931  0.65217391 0.61538462 0.         0.13793103
 0.64864865 0.71698113 0.         0.7804878  0.41176471 0.5625
 0.40677966 0.66666667 0.82926829 0.42424242 0.         0.91428571
 0.5        0.65217391 0.62857143 0.81818182 0.3        0.69565217
 0.4        0.76923077 0.5862069  0.66666667 0.43478261 0.
 0.82051282 0.64       0.11111111 0.63157895 0.8        0.
 0.1        0.56716418 0.         0.         0.6        0.
 0.28571429 0.87804878 0.19230769 0.82278481 0.18604651 0.56521739
 0.82926829 0.06779661 0.66666667 0.86486486 0.64       0.84210526
 0.74418605 0.72727273 0.41666667 0.11764706 0.06896552 0.64864865
 0.6        0.72727273 0.17777778 0.90909091 0.90544413 0.84210526
 0.70344828 0.75       0.53125    0.23076923]
