mACC, mP, mR, mF1, ACC, P, R, F1
0.6963342140026421,0.72199900066152,0.6581837592151261,0.6606343087645172
,[ 18  14  27  17  23  10  15  37  14  15  49  42  14  14  21  15  11  14
  16  13  27  16  13  17   1   2  19  13  18   5  10  20  11  20  14  22
  20  11   8  21  14   5  16  24  12  22  11  13  19   9  19   8  17  18
  12   9  15   5   0   1   9  16  19  24  17   9  13  16   7   6  12  20
  16   5   7  15  16   7   9   6  14   5  12  14   9  15  12  14  14  36
  18  39  18  20  13  46  13  18   7  15  22  13  21  10  41   3  16   3
  22  14  13   8  15  16   7  20  16  19   5  21  11  11  23  14   4  21
  25  13  38  13   5  37  24  22   6  14  31  30  14  14  20  16  21   3
 159   2  27  23  10  14  20  19  15  20  10   6  20  22  35  15  18   9
   2  19   5  13   9  26  12  16   7  19   4  12  10  14  11  18  13  13
  15  22  17  16   4  13  10   6  18  16   6  16  27  18   5  20   9  12
   6   9  16   2   3  16   5  10  18  20   6  17   7  24  17  24  13   3
  11  13   7  13  20  11   2  19  17  13  29  14   8  19  14  65   6  20
  18  10  17  15   2  37  13  10   8   9   7  14  11  11   6  20 152  24
  87  10  14  16]
,[0.72       0.82352941 0.64285714 0.68       0.88461538 0.90909091
 0.46875    0.69811321 0.7        0.78947368 0.75384615 0.71186441
 0.73684211 1.         0.75       0.51724138 0.55       0.82352941
 0.88888889 0.86666667 0.47368421 0.84210526 0.76470588 0.5862069
 0.5        0.66666667 0.86363636 0.76470588 0.62068966 0.41666667
 0.71428571 0.54054054 0.5        0.57142857 0.7        0.53658537
 0.66666667 0.73333333 0.53333333 0.77777778 0.82352941 1.
 0.76190476 0.64864865 0.75       0.40740741 0.55       0.76470588
 0.7037037  0.9        0.65517241 0.88888889 0.89473684 0.6
 0.92307692 0.81818182 0.83333333 0.71428571 0.         0.5
 0.47368421 0.76190476 0.7037037  0.92307692 0.80952381 1.
 0.86666667 0.69565217 0.53846154 0.75       0.70588235 0.90909091
 0.72727273 0.71428571 0.33333333 0.83333333 1.         0.7
 0.5625     0.6        0.77777778 1.         0.70588235 1.
 0.75       1.         1.         0.66666667 0.4516129  0.8372093
 0.75       0.56521739 0.94736842 0.90909091 0.86666667 0.42201835
 0.68421053 0.94736842 0.875      0.9375     0.45833333 0.65
 0.91304348 0.33333333 0.6119403  1.         0.84210526 0.75
 1.         0.93333333 0.92857143 0.88888889 1.         0.94117647
 1.         0.76923077 0.76190476 0.55882353 1.         0.58333333
 0.84615385 0.61111111 0.88461538 0.875      0.33333333 0.41176471
 0.6097561  0.26530612 0.9047619  0.8125     0.71428571 0.74
 0.66666667 0.48888889 0.42857143 0.66666667 0.70454545 0.71428571
 0.41176471 0.82352941 0.68965517 0.88888889 0.65625    0.6
 0.90857143 1.         0.5625     0.42592593 0.90909091 0.56
 0.83333333 0.95       0.83333333 0.71428571 0.4        0.54545455
 0.58823529 0.88       0.26119403 1.         0.5        0.75
 0.2        0.9047619  0.71428571 0.72222222 0.6        0.72222222
 0.92307692 0.88888889 0.53846154 0.95       0.28571429 0.92307692
 0.90909091 0.66666667 1.         0.9        0.86666667 0.41935484
 0.88235294 1.         0.51515152 0.66666667 0.18181818 1.
 0.76923077 0.54545455 0.9        0.64       0.42857143 0.8
 0.93103448 0.66666667 0.45454545 0.90909091 0.75       0.70588235
 0.33333333 0.52941176 0.94117647 0.5        0.375      0.84210526
 0.625      0.71428571 0.72       0.74074074 0.5        0.65384615
 0.58333333 0.77419355 0.85       0.75       1.         0.5
 0.73333333 1.         1.         0.59090909 0.71428571 0.84615385
 0.66666667 0.63333333 0.85       0.65       0.5        0.93333333
 0.8        0.86363636 0.875      0.97014925 0.375      0.66666667
 0.94736842 0.66666667 0.73913043 0.68181818 0.66666667 0.90243902
 0.59090909 0.90909091 0.66666667 0.81818182 0.63636364 0.73684211
 0.84615385 0.6875     0.6        0.95238095 0.89411765 0.85714286
 0.89690722 0.90909091 0.4375     0.48484848]
,[0.9        0.7        0.87096774 0.65384615 0.76666667 0.55555556
 0.68181818 0.78723404 0.66666667 0.78947368 0.875      0.95454545
 0.7        0.77777778 0.84       0.78947368 0.52380952 0.66666667
 0.64       0.76470588 0.93103448 0.8        0.59090909 0.73913043
 0.04347826 0.09090909 0.95       0.59090909 0.85714286 0.23809524
 0.55555556 0.95238095 0.52380952 1.         0.77777778 1.
 0.83333333 0.5        0.47058824 0.84       0.77777778 0.27777778
 0.64       0.96       0.70588235 0.81481481 0.57894737 0.61904762
 0.86363636 0.45       0.82608696 0.47058824 1.         0.75
 0.6        0.42857143 0.68181818 0.26315789 0.         0.05555556
 0.42857143 0.94117647 0.76       0.88888889 0.80952381 0.52941176
 0.76470588 0.72727273 0.35       0.35294118 0.6        0.83333333
 0.8        0.2173913  0.41176471 0.88235294 0.84210526 0.38888889
 0.45       0.25       0.73684211 0.29411765 0.63157895 0.82352941
 0.39130435 0.9375     0.63157895 0.7        0.63636364 0.8372093
 0.94736842 0.95121951 0.7826087  0.95238095 0.72222222 0.80701754
 0.72222222 0.9        0.4375     0.78947368 0.78571429 0.72222222
 0.91304348 0.5        0.75925926 0.16666667 0.88888889 0.17647059
 0.6875     0.82352941 0.76470588 0.47058824 0.625      0.66666667
 0.38888889 0.90909091 0.64       0.86363636 0.27777778 0.80769231
 0.64705882 0.52380952 1.         0.73684211 0.19047619 0.42857143
 0.96153846 0.61904762 1.         0.68421053 0.26315789 0.97368421
 0.85714286 0.91666667 0.31578947 0.73684211 0.96875    0.76923077
 0.77777778 0.77777778 0.83333333 0.72727273 0.80769231 0.17647059
 0.99375    0.11764706 0.65853659 0.65714286 0.47619048 0.60869565
 0.90909091 0.79166667 0.78947368 0.95238095 0.52631579 0.3
 0.95238095 0.73333333 0.83333333 0.88235294 0.85714286 0.47368421
 0.11111111 0.9047619  0.27777778 0.68421053 0.5        0.92857143
 0.63157895 0.76190476 0.41176471 0.95       0.18181818 0.70588235
 0.58823529 0.63636364 0.55       0.9        0.8125     0.61904762
 0.75       0.91666667 0.85       0.94117647 0.19047619 0.76470588
 0.52631579 0.33333333 0.75       0.69565217 0.26086957 0.69565217
 0.77142857 0.7826087  0.27777778 0.95238095 0.45       0.54545455
 0.28571429 0.45       0.94117647 0.1        0.15789474 1.
 0.27777778 0.5        0.7826087  0.90909091 0.28571429 0.73913043
 0.36842105 0.85714286 0.80952381 0.85714286 0.76470588 0.15
 0.52380952 0.76470588 0.41176471 0.68421053 0.95238095 0.57894737
 0.125      0.86363636 0.94444444 0.65       0.96666667 0.73684211
 0.42105263 1.         0.60869565 0.90277778 0.3        0.8
 0.7826087  0.5        0.94444444 0.75       0.11764706 0.90243902
 0.68421053 0.52631579 0.44444444 0.47368421 0.36842105 0.66666667
 0.57894737 0.64705882 0.3        1.         0.95       1.
 1.         0.52631579 0.66666667 0.72727273]
,[0.8        0.75675676 0.73972603 0.66666667 0.82142857 0.68965517
 0.55555556 0.74       0.68292683 0.78947368 0.80991736 0.81553398
 0.71794872 0.875      0.79245283 0.625      0.53658537 0.73684211
 0.74418605 0.8125     0.62790698 0.82051282 0.66666667 0.65384615
 0.08       0.16       0.9047619  0.66666667 0.72       0.3030303
 0.625      0.68965517 0.51162791 0.72727273 0.73684211 0.6984127
 0.74074074 0.59459459 0.5        0.80769231 0.8        0.43478261
 0.69565217 0.77419355 0.72727273 0.54320988 0.56410256 0.68421053
 0.7755102  0.6        0.73076923 0.61538462 0.94444444 0.66666667
 0.72727273 0.5625     0.75       0.38461538 0.         0.1
 0.45       0.84210526 0.73076923 0.90566038 0.80952381 0.69230769
 0.8125     0.71111111 0.42424242 0.48       0.64864865 0.86956522
 0.76190476 0.33333333 0.36842105 0.85714286 0.91428571 0.5
 0.5        0.35294118 0.75675676 0.45454545 0.66666667 0.90322581
 0.51428571 0.96774194 0.77419355 0.68292683 0.52830189 0.8372093
 0.8372093  0.70909091 0.85714286 0.93023256 0.78787879 0.55421687
 0.7027027  0.92307692 0.58333333 0.85714286 0.57894737 0.68421053
 0.91304348 0.4        0.67768595 0.28571429 0.86486486 0.28571429
 0.81481481 0.875      0.83870968 0.61538462 0.76923077 0.7804878
 0.56       0.83333333 0.69565217 0.67857143 0.43478261 0.67741935
 0.73333333 0.56410256 0.93877551 0.8        0.24242424 0.42
 0.74626866 0.37142857 0.95       0.74285714 0.38461538 0.84090909
 0.75       0.63768116 0.36363636 0.7        0.81578947 0.74074074
 0.53846154 0.8        0.75471698 0.8        0.72413793 0.27272727
 0.94925373 0.21052632 0.60674157 0.51685393 0.625      0.58333333
 0.86956522 0.86363636 0.81081081 0.81632653 0.45454545 0.38709677
 0.72727273 0.8        0.39772727 0.9375     0.63157895 0.58064516
 0.14285714 0.9047619  0.4        0.7027027  0.54545455 0.8125
 0.75       0.82051282 0.46666667 0.95       0.22222222 0.8
 0.71428571 0.65116279 0.70967742 0.9        0.83870968 0.5
 0.81081081 0.95652174 0.64150943 0.7804878  0.18604651 0.86666667
 0.625      0.4137931  0.81818182 0.66666667 0.32432432 0.74418605
 0.84375    0.72       0.34482759 0.93023256 0.5625     0.61538462
 0.30769231 0.48648649 0.94117647 0.16666667 0.22222222 0.91428571
 0.38461538 0.58823529 0.75       0.81632653 0.36363636 0.69387755
 0.4516129  0.81355932 0.82926829 0.8        0.86666667 0.23076923
 0.61111111 0.86666667 0.58333333 0.63414634 0.81632653 0.6875
 0.21052632 0.73076923 0.89473684 0.65       0.65909091 0.82352941
 0.55172414 0.92682927 0.71794872 0.9352518  0.33333333 0.72727273
 0.85714286 0.57142857 0.82926829 0.71428571 0.2        0.90243902
 0.63414634 0.66666667 0.53333333 0.6        0.46666667 0.7
 0.6875     0.66666667 0.4        0.97560976 0.92121212 0.92307692
 0.94565217 0.66666667 0.52830189 0.58181818]
