mACC, mP, mR, mF1, ACC, P, R, F1
0.7280383091149274,0.7402494179766961,0.6999440589466405,0.7008307314942483
,[ 18  16  24   9  28  10  14  36  12  14  50  42   9  15  25  12   6  13
  17  14  25  18  21  17   7   9  16  14  16   9   9  16   8  20  12  20
  18  14   1  22  15   7  18  25   6  24  16  12  21  13  13   6  16  20
  14  10  18   3   4  12  11  16  22  22  20  14  13  13   8   5  13  24
  19  13   5  14  17  11   5   6  11   4  13  15  15  13  16  14   9  38
  17  39  20  21  15  47  13  16  11  18  26  14  22  18  39  12  16   5
  25  14  13  12  18  20   7  20  17  19   6  16  15  12  23  14   4  17
  24   9  38  16  13  35  24  17   8  15  30  26  15  14  15  12  22  11
 160   6  24  21  12  11  20  19  13  20  10   9  19  24  27  13  15  12
   6  19   8  14  10  27  12  19   9  18   4  13  13  18  15  18  13  11
  17  21  17  15   4  16  15   4  21  13  13  20  24  19   5  19  10  14
   8  12  17  10  14  16  13  18  20  20   7  16   8  20  17  28  14  17
  17  13   2  15  19  13  11  14  16   6  29  18  10  19  12  66   8  21
  20  15   8  17   9  36  13  16   8  12   5  17  15  10  11  20 148  24
  87  12   5  15]
,[0.9        0.84210526 0.77419355 0.33333333 0.7        1.
 1.         0.67924528 0.8        0.7        0.80645161 0.91304348
 1.         0.78947368 0.75757576 0.70588235 1.         0.8125
 0.77272727 0.77777778 0.6097561  0.85714286 0.7        0.60714286
 0.38888889 0.39130435 0.76190476 0.73684211 0.72727273 0.42857143
 0.9        1.         0.57142857 0.68965517 0.63157895 0.71428571
 0.7826087  0.77777778 0.33333333 0.91666667 0.83333333 0.46666667
 0.48648649 0.56818182 0.66666667 0.92307692 0.69565217 0.54545455
 0.95454545 0.92857143 0.92857143 0.6        0.88888889 0.76923077
 0.875      0.83333333 0.81818182 0.375      0.2        0.63157895
 0.39285714 0.88888889 0.73333333 1.         0.8        0.82352941
 0.72222222 0.72222222 0.28571429 0.83333333 0.8125     0.85714286
 0.55882353 0.35135135 0.45454545 0.7        0.89473684 0.84615385
 0.35714286 0.54545455 0.91666667 0.8        0.76470588 0.9375
 0.68181818 1.         1.         0.60869565 0.75       0.79166667
 0.94444444 0.92857143 0.90909091 0.84       0.78947368 0.63513514
 0.65       0.88888889 0.91666667 0.9        0.53061224 0.82352941
 0.88       0.7826087  0.609375   0.5        0.94117647 0.38461538
 0.71428571 0.82352941 0.76470588 0.92307692 0.94736842 0.86956522
 0.53846154 0.76923077 0.89473684 0.54285714 0.75       0.94117647
 0.88235294 0.70588235 0.71875    0.7        0.16       0.47222222
 0.68571429 0.75       1.         0.59259259 0.8125     0.77777778
 0.77419355 0.89473684 0.4        0.9375     0.78947368 0.65
 0.88235294 0.875      1.         0.8        0.62857143 0.61111111
 0.94117647 0.6        0.75       0.55263158 0.70588235 0.6875
 0.95238095 0.86363636 1.         0.60606061 0.58823529 0.5625
 0.65517241 0.96       0.375      0.86666667 1.         0.57142857
 0.6        0.9047619  0.8        0.77777778 0.71428571 0.81818182
 0.8        0.82608696 0.47368421 0.9        0.8        0.72222222
 1.         0.7826087  0.88235294 1.         0.61904762 0.45833333
 0.38636364 1.         0.85       0.71428571 0.19047619 0.72727273
 0.83333333 0.66666667 0.67741935 0.86666667 0.41935484 0.48780488
 0.96       0.79166667 0.625      0.95       0.90909091 0.875
 0.32       0.57142857 0.89473684 0.76923077 0.93333333 0.94117647
 0.54166667 0.375      0.71428571 0.52631579 0.5        0.53333333
 0.66666667 0.95238095 0.89473684 0.96551724 0.93333333 0.85
 0.80952381 0.86666667 1.         0.68181818 0.76       0.8125
 0.84615385 0.66666667 0.88888889 0.75       0.46031746 0.7826087
 0.83333333 0.73076923 0.75       0.89189189 0.26666667 0.6
 0.83333333 0.78947368 1.         0.85       1.         0.9
 0.52       1.         0.88888889 0.66666667 0.55555556 0.65384615
 0.36585366 1.         0.47826087 0.95238095 0.95483871 0.92307692
 0.95604396 0.75       0.35714286 0.53571429]
,[0.9        0.8        0.77419355 0.34615385 0.93333333 0.55555556
 0.63636364 0.76595745 0.57142857 0.73684211 0.89285714 0.95454545
 0.45       0.83333333 1.         0.63157895 0.28571429 0.61904762
 0.68       0.82352941 0.86206897 0.9        0.95454545 0.73913043
 0.30434783 0.40909091 0.8        0.63636364 0.76190476 0.42857143
 0.5        0.76190476 0.38095238 1.         0.66666667 0.90909091
 0.75       0.63636364 0.05882353 0.88       0.83333333 0.38888889
 0.72       1.         0.35294118 0.88888889 0.84210526 0.57142857
 0.95454545 0.65       0.56521739 0.35294118 0.94117647 0.83333333
 0.7        0.47619048 0.81818182 0.15789474 0.23529412 0.66666667
 0.52380952 0.94117647 0.88       0.81481481 0.95238095 0.82352941
 0.76470588 0.59090909 0.4        0.29411765 0.65       1.
 0.95       0.56521739 0.29411765 0.82352941 0.89473684 0.61111111
 0.25       0.25       0.57894737 0.23529412 0.68421053 0.88235294
 0.65217391 0.8125     0.84210526 0.7        0.40909091 0.88372093
 0.89473684 0.95121951 0.86956522 1.         0.83333333 0.8245614
 0.72222222 0.8        0.6875     0.94736842 0.92857143 0.77777778
 0.95652174 0.9        0.72222222 0.66666667 0.88888889 0.29411765
 0.78125    0.82352941 0.76470588 0.70588235 0.75       0.83333333
 0.38888889 0.90909091 0.68       0.86363636 0.33333333 0.61538462
 0.88235294 0.57142857 1.         0.73684211 0.19047619 0.34693878
 0.92307692 0.42857143 1.         0.84210526 0.68421053 0.92105263
 0.85714286 0.70833333 0.42105263 0.78947368 0.9375     0.66666667
 0.83333333 0.77777778 0.625      0.54545455 0.84615385 0.64705882
 1.         0.35294118 0.58536585 0.6        0.57142857 0.47826087
 0.90909091 0.79166667 0.68421053 0.95238095 0.52631579 0.45
 0.9047619  0.8        0.64285714 0.76470588 0.71428571 0.63157895
 0.33333333 0.9047619  0.44444444 0.73684211 0.55555556 0.96428571
 0.63157895 0.9047619  0.52941176 0.9        0.18181818 0.76470588
 0.76470588 0.81818182 0.75       0.9        0.8125     0.52380952
 0.85       0.875      0.85       0.88235294 0.19047619 0.94117647
 0.78947368 0.22222222 0.875      0.56521739 0.56521739 0.86956522
 0.68571429 0.82608696 0.27777778 0.9047619  0.5        0.63636364
 0.38095238 0.6        1.         0.5        0.73684211 1.
 0.72222222 0.9        0.86956522 0.90909091 0.33333333 0.69565217
 0.42105263 0.71428571 0.80952381 1.         0.82352941 0.85
 0.80952381 0.76470588 0.11764706 0.78947368 0.9047619  0.68421053
 0.6875     0.63636364 0.88888889 0.3        0.96666667 0.94736842
 0.52631579 1.         0.52173913 0.91666667 0.4        0.84
 0.86956522 0.75       0.44444444 0.85       0.52941176 0.87804878
 0.68421053 0.84210526 0.44444444 0.63157895 0.26315789 0.80952381
 0.78947368 0.58823529 0.55       1.         0.925      1.
 1.         0.63157895 0.23809524 0.68181818]
,[0.9        0.82051282 0.77419355 0.33962264 0.8        0.71428571
 0.77777778 0.72       0.66666667 0.71794872 0.84745763 0.93333333
 0.62068966 0.81081081 0.86206897 0.66666667 0.44444444 0.7027027
 0.72340426 0.8        0.71428571 0.87804878 0.80769231 0.66666667
 0.34146341 0.4        0.7804878  0.68292683 0.74418605 0.42857143
 0.64285714 0.86486486 0.45714286 0.81632653 0.64864865 0.8
 0.76595745 0.7        0.1        0.89795918 0.83333333 0.42424242
 0.58064516 0.72463768 0.46153846 0.90566038 0.76190476 0.55813953
 0.95454545 0.76470588 0.7027027  0.44444444 0.91428571 0.8
 0.77777778 0.60606061 0.81818182 0.22222222 0.21621622 0.64864865
 0.44897959 0.91428571 0.8        0.89795918 0.86956522 0.82352941
 0.74285714 0.65       0.33333333 0.43478261 0.72222222 0.92307692
 0.7037037  0.43333333 0.35714286 0.75675676 0.89473684 0.70967742
 0.29411765 0.34285714 0.70967742 0.36363636 0.72222222 0.90909091
 0.66666667 0.89655172 0.91428571 0.65116279 0.52941176 0.83516484
 0.91891892 0.93975904 0.88888889 0.91304348 0.81081081 0.71755725
 0.68421053 0.84210526 0.78571429 0.92307692 0.67532468 0.8
 0.91666667 0.8372093  0.66101695 0.57142857 0.91428571 0.33333333
 0.74626866 0.82352941 0.76470588 0.8        0.8372093  0.85106383
 0.4516129  0.83333333 0.77272727 0.66666667 0.46153846 0.74418605
 0.88235294 0.63157895 0.83636364 0.71794872 0.17391304 0.4
 0.78688525 0.54545455 1.         0.69565217 0.74285714 0.84337349
 0.81355932 0.79069767 0.41025641 0.85714286 0.85714286 0.65822785
 0.85714286 0.82352941 0.76923077 0.64864865 0.72131148 0.62857143
 0.96969697 0.44444444 0.65753425 0.57534247 0.63157895 0.56410256
 0.93023256 0.82608696 0.8125     0.74074074 0.55555556 0.5
 0.76       0.87272727 0.47368421 0.8125     0.83333333 0.6
 0.42857143 0.9047619  0.57142857 0.75675676 0.625      0.8852459
 0.70588235 0.86363636 0.5        0.9        0.2962963  0.74285714
 0.86666667 0.8        0.81081081 0.94736842 0.7027027  0.48888889
 0.53125    0.93333333 0.85       0.78947368 0.19047619 0.82051282
 0.81081081 0.33333333 0.76363636 0.68421053 0.48148148 0.625
 0.8        0.80851064 0.38461538 0.92682927 0.64516129 0.73684211
 0.34782609 0.58536585 0.94444444 0.60606061 0.82352941 0.96969697
 0.61904762 0.52941176 0.78431373 0.66666667 0.4        0.60377358
 0.51612903 0.81632653 0.85       0.98245614 0.875      0.85
 0.80952381 0.8125     0.21052632 0.73170732 0.82608696 0.74285714
 0.75862069 0.65116279 0.88888889 0.42857143 0.62365591 0.85714286
 0.64516129 0.84444444 0.61538462 0.90410959 0.32       0.7
 0.85106383 0.76923077 0.61538462 0.85       0.69230769 0.88888889
 0.59090909 0.91428571 0.59259259 0.64864865 0.35714286 0.72340426
 0.5        0.74074074 0.51162791 0.97560976 0.93968254 0.96
 0.97752809 0.68571429 0.28571429 0.6       ]
