mACC, mP, mR, mF1, ACC, P, R, F1
0.7037648612945839,0.7283245108266464,0.6709944287288785,0.6687272535228267
,[ 20  11  24  17  26   6  16  41  13  15  48  41  12  14  25  13   9  13
  18  14  26  19  20  18  10   2  18  16  13   8  14  20  12  20   7  20
  21  18   3  18  17   6  16   1  13  11  13  12  20  13  17   6  16  17
  14  11  14   7   0   1  11  17  22  25  18  15  14  17   1   5  12  21
  14  13   8  16  17   6   8   5  12  13  13  14  18  12  12  12  20  31
  18  40  16  20  15  50  14  14  13  17  22   5  23  19  40   7  15   2
  15  13  14  11  18  19   6  16  19  12  10  14  15  10  21  12   4  22
  25  11  38  13  13  37  26  16   5  16  31  30   8  16  18  16  19   2
 160   2  24  26  13  10  20  18  16  18   7   6  21  23  19  13  19  10
   4  14   9  14   9  26  13  15   6  18   0  14  15  16   8  20  14   7
  17  23  17  16   0  16  15   8  23  15  14  16  28  21   2  18   6  16
  12   9  16  14   6  16   9  13  18  18   5  15   7  23  15  26  12  14
  18  12   6  14  19  14   0  20  16  12  25  15   6  19  17  65   5  12
  18  13  15  13  10  40  10  12   8  12  11  14  13   9   8  20 159  24
  77  13   0  15]
,[0.51282051 0.84615385 0.68571429 0.31481481 0.92857143 1.
 0.59259259 0.5942029  0.5        0.625      0.87272727 0.70689655
 0.85714286 1.         0.86206897 0.59090909 0.9        0.8125
 1.         0.93333333 0.76470588 0.7037037  0.83333333 0.9
 0.71428571 0.5        0.54545455 0.69565217 0.92857143 0.72727273
 0.48275862 1.         0.57142857 0.95238095 0.58333333 0.86956522
 0.7        0.58064516 1.         0.9        0.70833333 0.46153846
 0.84210526 1.         0.52       1.         0.59090909 0.63157895
 0.90909091 0.61904762 0.53125    0.4        1.         0.85
 0.73684211 0.84615385 0.77777778 0.77777778 0.         1.
 0.42307692 0.68       0.81481481 0.92592593 0.81818182 0.53571429
 0.60869565 0.73913043 1.         0.625      0.70588235 0.84
 0.77777778 0.68421053 0.47058824 0.72727273 0.85       0.5
 0.72727273 0.83333333 0.63157895 0.29545455 0.92857143 1.
 0.62068966 1.         0.92307692 0.92307692 0.4        0.91176471
 0.75       0.63492063 1.         0.90909091 0.68181818 0.63291139
 0.93333333 1.         0.92857143 1.         0.57894737 1.
 0.60526316 0.35849057 0.75471698 0.7        0.88235294 0.5
 1.         0.86666667 0.63636364 0.91666667 0.9        0.79166667
 0.54545455 0.57142857 0.65517241 0.4        0.76923077 0.93333333
 0.9375     0.625      0.84       1.         0.57142857 0.59459459
 0.5952381  0.78571429 0.97435897 0.86666667 0.86666667 0.67272727
 0.72222222 1.         0.55555556 0.88888889 0.51666667 0.56603774
 1.         1.         0.81818182 0.88888889 0.54285714 0.2
 0.84656085 0.66666667 0.5        0.5        0.59090909 0.5
 0.76923077 1.         0.69565217 0.9        0.53846154 0.66666667
 0.77777778 1.         0.36538462 0.86666667 0.7037037  0.55555556
 0.44444444 0.66666667 0.9        0.58333333 0.81818182 0.72222222
 0.86666667 0.9375     0.24       0.72       0.         0.7
 0.88235294 0.57142857 0.72727273 0.86956522 0.77777778 0.7
 0.62962963 1.         0.56666667 0.72727273 0.         0.84210526
 0.51724138 0.2962963  0.95833333 0.57692308 0.42424242 0.61538462
 0.77777778 0.7        0.66666667 0.9        0.75       0.35555556
 0.6        0.81818182 0.84210526 0.56       1.         0.84210526
 0.81818182 0.54166667 0.7826087  0.94736842 0.45454545 0.68181818
 0.875      0.88461538 0.9375     0.96296296 1.         0.82352941
 0.75       0.92307692 0.85714286 0.875      0.55882353 0.875
 0.         0.5        0.88888889 0.85714286 0.73529412 0.9375
 1.         0.95       0.70833333 0.82278481 0.17241379 0.52173913
 0.9        0.76470588 0.46875    0.92857143 0.71428571 0.71428571
 0.76923077 0.92307692 0.88888889 0.75       0.91666667 0.7
 0.86666667 1.         0.57142857 0.95238095 0.79899497 0.63157895
 0.62601626 0.86666667 0.         0.44117647]
,[1.         0.55       0.77419355 0.65384615 0.86666667 0.33333333
 0.72727273 0.87234043 0.61904762 0.78947368 0.85714286 0.93181818
 0.6        0.77777778 1.         0.68421053 0.42857143 0.61904762
 0.72       0.82352941 0.89655172 0.95       0.90909091 0.7826087
 0.43478261 0.09090909 0.9        0.72727273 0.61904762 0.38095238
 0.77777778 0.95238095 0.57142857 1.         0.38888889 0.90909091
 0.875      0.81818182 0.17647059 0.72       0.94444444 0.33333333
 0.64       0.04       0.76470588 0.40740741 0.68421053 0.57142857
 0.90909091 0.65       0.73913043 0.35294118 0.94117647 0.70833333
 0.7        0.52380952 0.63636364 0.36842105 0.         0.05555556
 0.52380952 1.         0.88       0.92592593 0.85714286 0.88235294
 0.82352941 0.77272727 0.05       0.29411765 0.6        0.875
 0.7        0.56521739 0.47058824 0.94117647 0.89473684 0.33333333
 0.4        0.20833333 0.63157895 0.76470588 0.68421053 0.82352941
 0.7826087  0.75       0.63157895 0.6        0.90909091 0.72093023
 0.94736842 0.97560976 0.69565217 0.95238095 0.83333333 0.87719298
 0.77777778 0.7        0.8125     0.89473684 0.78571429 0.27777778
 1.         0.95       0.74074074 0.38888889 0.83333333 0.11764706
 0.46875    0.76470588 0.82352941 0.64705882 0.75       0.79166667
 0.33333333 0.72727273 0.76       0.54545455 0.55555556 0.53846154
 0.88235294 0.47619048 0.91304348 0.63157895 0.19047619 0.44897959
 0.96153846 0.52380952 1.         0.68421053 0.68421053 0.97368421
 0.92857143 0.66666667 0.26315789 0.84210526 0.96875    0.76923077
 0.44444444 0.88888889 0.75       0.72727273 0.73076923 0.11764706
 1.         0.11764706 0.58536585 0.74285714 0.61904762 0.43478261
 0.90909091 0.75       0.84210526 0.85714286 0.36842105 0.3
 1.         0.76666667 0.45238095 0.76470588 0.9047619  0.52631579
 0.22222222 0.66666667 0.5        0.73684211 0.5        0.92857143
 0.68421053 0.71428571 0.35294118 0.9        0.         0.82352941
 0.88235294 0.72727273 0.4        1.         0.875      0.33333333
 0.85       0.95833333 0.85       0.94117647 0.         0.94117647
 0.78947368 0.44444444 0.95833333 0.65217391 0.60869565 0.69565217
 0.8        0.91304348 0.11111111 0.85714286 0.3        0.72727273
 0.57142857 0.45       0.94117647 0.7        0.31578947 1.
 0.5        0.65       0.7826087  0.81818182 0.23809524 0.65217391
 0.36842105 0.82142857 0.71428571 0.92857143 0.70588235 0.7
 0.85714286 0.70588235 0.35294118 0.73684211 0.9047619  0.73684211
 0.         0.90909091 0.88888889 0.6        0.83333333 0.78947368
 0.31578947 1.         0.73913043 0.90277778 0.25       0.48
 0.7826087  0.65       0.83333333 0.65       0.58823529 0.97560976
 0.52631579 0.63157895 0.44444444 0.63157895 0.57894737 0.66666667
 0.68421053 0.52941176 0.4        1.         0.99375    1.
 0.88505747 0.68421053 0.         0.68181818]
,[0.6779661  0.66666667 0.72727273 0.425      0.89655172 0.5
 0.65306122 0.70689655 0.55319149 0.69767442 0.86486486 0.80392157
 0.70588235 0.875      0.92592593 0.63414634 0.58064516 0.7027027
 0.8372093  0.875      0.82539683 0.80851064 0.86956522 0.8372093
 0.54054054 0.15384615 0.67924528 0.71111111 0.74285714 0.5
 0.59574468 0.97560976 0.57142857 0.97560976 0.46666667 0.88888889
 0.77777778 0.67924528 0.3        0.8        0.80952381 0.38709677
 0.72727273 0.07692308 0.61904762 0.57894737 0.63414634 0.6
 0.90909091 0.63414634 0.61818182 0.375      0.96969697 0.77272727
 0.71794872 0.64705882 0.7        0.5        0.         0.10526316
 0.46808511 0.80952381 0.84615385 0.92592593 0.8372093  0.66666667
 0.7        0.75555556 0.0952381  0.4        0.64864865 0.85714286
 0.73684211 0.61904762 0.47058824 0.82051282 0.87179487 0.4
 0.51612903 0.33333333 0.63157895 0.42622951 0.78787879 0.90322581
 0.69230769 0.85714286 0.75       0.72727273 0.55555556 0.80519481
 0.8372093  0.76923077 0.82051282 0.93023256 0.75       0.73529412
 0.84848485 0.82352941 0.86666667 0.94444444 0.66666667 0.43478261
 0.75409836 0.52054795 0.74766355 0.5        0.85714286 0.19047619
 0.63829787 0.8125     0.71794872 0.75862069 0.81818182 0.79166667
 0.4137931  0.64       0.7037037  0.46153846 0.64516129 0.68292683
 0.90909091 0.54054054 0.875      0.77419355 0.28571429 0.51162791
 0.73529412 0.62857143 0.98701299 0.76470588 0.76470588 0.79569892
 0.8125     0.8        0.35714286 0.86486486 0.67391304 0.65217391
 0.61538462 0.94117647 0.7826087  0.8        0.62295082 0.14814815
 0.91690544 0.2        0.53932584 0.59770115 0.60465116 0.46511628
 0.83333333 0.85714286 0.76190476 0.87804878 0.4375     0.4137931
 0.875      0.86792453 0.40425532 0.8125     0.79166667 0.54054054
 0.2962963  0.66666667 0.64285714 0.65116279 0.62068966 0.8125
 0.76470588 0.81081081 0.28571429 0.8        0.         0.75675676
 0.88235294 0.64       0.51612903 0.93023256 0.82352941 0.4516129
 0.72340426 0.9787234  0.68       0.82051282 0.         0.88888889
 0.625      0.35555556 0.95833333 0.6122449  0.5        0.65306122
 0.78873239 0.79245283 0.19047619 0.87804878 0.42857143 0.47761194
 0.58536585 0.58064516 0.88888889 0.62222222 0.48       0.91428571
 0.62068966 0.59090909 0.7826087  0.87804878 0.3125     0.66666667
 0.51851852 0.85185185 0.81081081 0.94545455 0.82758621 0.75675676
 0.8        0.8        0.5        0.8        0.69090909 0.8
 0.         0.64516129 0.88888889 0.70588235 0.78125    0.85714286
 0.48       0.97435897 0.72340426 0.86092715 0.20408163 0.5
 0.8372093  0.7027027  0.6        0.76470588 0.64516129 0.82474227
 0.625      0.75       0.59259259 0.68571429 0.70967742 0.68292683
 0.76470588 0.69230769 0.47058824 0.97560976 0.88579387 0.77419355
 0.73333333 0.76470588 0.         0.53571429]
