mACC, mP, mR, mF1, ACC, P, R, F1
0.725891677675033,0.7397646577469572,0.6954313303206182,0.6940409947405793
,[ 14  16  24  15  26  13  11  38  18  15  52  40  10  16  21  17   9  13
  20  14  24  16  17  16   3   8  18   9  17  11   9  17  13  19  14  20
  21   8   0  21  10   6  14  22   7  25  12  11  19  16  20   9  16  17
  13  13  17   5   2   1  13  16  21  24  17  14  14  15   0   7  15  22
  12  10   7  14  17   7   8  13  13   9  13  17  15  13  16  13  19  39
  17  38  14  21  14  41  12  16  15  17  23  11  23  16  37   8  15   3
  22  15  12  12  18  23   7  19  15  18   4  17  17   1  22  11   4  18
  25  16  38  17  14  38  27  15   4  13  31  34  13  13  19  18  21   7
 160   5  32  22  13  14  14  15  16  19   8  11  21  25  20  15  19  12
   4  21   9  13  10  27  12  17  10  19   5  11  13  17  14  19  14  14
  19  23  19  17   8  14  15   3  20  10   3  15  28  19   3  21   8  12
  15  17  16  14  10  16   9  18  10  18   8  15   6  22  15  27  15  17
  18  11   5  15  18  14   0  18  18  13  24  16   4  19  15  68   5  19
  19  14  13  16  10  39  13  16  10  12  13  14  13  13  11  20 157  24
  83  11  16  14]
,[0.82352941 0.76190476 0.66666667 0.57692308 0.86666667 0.86666667
 0.84615385 0.7037037  0.36       0.48387097 0.8        0.97560976
 0.71428571 0.88888889 0.84       0.60714286 0.69230769 0.8125
 0.8        1.         0.77419355 0.66666667 0.85       0.76190476
 0.75       0.88888889 0.69230769 0.9        0.80952381 0.34375
 0.69230769 1.         0.8125     0.73076923 0.4375     0.71428571
 0.55263158 0.88888889 0.         0.80769231 0.90909091 0.6
 0.73684211 0.53658537 0.77777778 0.86206897 0.85714286 0.91666667
 0.95       0.8        0.54054054 0.69230769 1.         0.89473684
 0.65       0.54166667 0.62962963 0.55555556 0.5        1.
 0.33333333 0.94117647 0.875      0.88888889 0.94444444 0.875
 0.82352941 0.88235294 0.         0.77777778 0.625      0.88
 0.54545455 0.47619048 0.63636364 0.93333333 0.94444444 0.7
 0.5        0.68421053 0.56521739 0.6        0.59090909 0.73913043
 0.68181818 0.72222222 1.         0.86666667 0.51351351 0.609375
 1.         0.92682927 1.         0.95454545 0.875      0.73214286
 0.8        0.88888889 0.83333333 0.85       0.575      0.91666667
 0.88461538 0.76190476 0.63793103 0.88888889 0.83333333 0.375
 0.81481481 0.83333333 1.         0.85714286 1.         0.58974359
 0.77777778 0.86363636 0.88235294 0.81818182 0.66666667 0.89473684
 0.80952381 1.         0.91666667 0.91666667 0.30769231 0.46153846
 0.44642857 0.51612903 0.74509804 0.62962963 1.         0.73076923
 0.62790698 0.78947368 0.44444444 1.         0.79487179 0.68
 0.76470588 1.         0.67857143 0.9        0.91304348 0.875
 0.87431694 0.45454545 0.55172414 0.73333333 0.56521739 0.82352941
 1.         1.         0.84210526 0.79166667 0.72727273 0.52380952
 0.77777778 0.96153846 0.34482759 0.83333333 0.86363636 0.57142857
 0.8        0.75       0.69230769 0.54166667 0.90909091 0.72972973
 0.66666667 0.94444444 0.58823529 0.79166667 0.45454545 0.84615385
 1.         0.80952381 0.66666667 0.67857143 0.66666667 0.66666667
 0.57575758 0.82142857 0.79166667 0.56666667 0.47058824 1.
 0.75       0.33333333 0.90909091 0.83333333 0.5        0.6
 0.84848485 0.82608696 0.42857143 0.72413793 0.72727273 0.8
 0.57692308 0.47222222 0.76190476 1.         0.66666667 0.88888889
 0.9        0.6        0.83333333 0.81818182 0.61538462 0.68181818
 0.85714286 0.78571429 0.9375     0.61363636 0.88235294 0.62962963
 0.69230769 1.         0.625      0.83333333 1.         0.875
 0.         0.54545455 0.9        0.86666667 0.68571429 0.88888889
 0.8        0.9047619  0.625      0.75555556 0.23809524 0.55882353
 0.67857143 0.77777778 0.52       0.76190476 0.83333333 0.92857143
 0.44827586 0.88888889 0.83333333 0.92307692 0.86666667 0.77777778
 0.59090909 0.65       0.42307692 0.90909091 0.785      0.8
 0.69747899 0.91666667 0.45714286 0.7       ]
,[0.7        0.8        0.77419355 0.57692308 0.86666667 0.72222222
 0.5        0.80851064 0.85714286 0.78947368 0.92857143 0.90909091
 0.5        0.88888889 0.84       0.89473684 0.42857143 0.61904762
 0.8        0.82352941 0.82758621 0.8        0.77272727 0.69565217
 0.13043478 0.36363636 0.9        0.40909091 0.80952381 0.52380952
 0.5        0.80952381 0.61904762 0.95       0.77777778 0.90909091
 0.875      0.36363636 0.         0.84       0.55555556 0.33333333
 0.56       0.88       0.41176471 0.92592593 0.63157895 0.52380952
 0.86363636 0.8        0.86956522 0.52941176 0.94117647 0.70833333
 0.65       0.61904762 0.77272727 0.26315789 0.11764706 0.05555556
 0.61904762 0.94117647 0.84       0.88888889 0.80952381 0.82352941
 0.82352941 0.68181818 0.         0.41176471 0.75       0.91666667
 0.6        0.43478261 0.41176471 0.82352941 0.89473684 0.38888889
 0.4        0.54166667 0.68421053 0.52941176 0.68421053 1.
 0.65217391 0.8125     0.84210526 0.65       0.86363636 0.90697674
 0.89473684 0.92682927 0.60869565 1.         0.77777778 0.71929825
 0.66666667 0.8        0.9375     0.89473684 0.82142857 0.61111111
 1.         0.8        0.68518519 0.44444444 0.83333333 0.17647059
 0.6875     0.88235294 0.70588235 0.70588235 0.75       0.95833333
 0.38888889 0.86363636 0.6        0.81818182 0.22222222 0.65384615
 1.         0.04761905 0.95652174 0.57894737 0.19047619 0.36734694
 0.96153846 0.76190476 1.         0.89473684 0.73684211 1.
 0.96428571 0.625      0.21052632 0.68421053 0.96875    0.87179487
 0.72222222 0.72222222 0.79166667 0.81818182 0.80769231 0.41176471
 1.         0.29411765 0.7804878  0.62857143 0.61904762 0.60869565
 0.63636364 0.625      0.84210526 0.9047619  0.42105263 0.55
 1.         0.83333333 0.47619048 0.88235294 0.9047619  0.63157895
 0.22222222 1.         0.5        0.68421053 0.55555556 0.96428571
 0.63157895 0.80952381 0.58823529 0.95       0.22727273 0.64705882
 0.76470588 0.77272727 0.7        0.95       0.875      0.66666667
 0.95       0.95833333 0.95       1.         0.38095238 0.82352941
 0.78947368 0.16666667 0.83333333 0.43478261 0.13043478 0.65217391
 0.8        0.82608696 0.16666667 1.         0.4        0.54545455
 0.71428571 0.85       0.94117647 0.7        0.52631579 1.
 0.5        0.9        0.43478261 0.81818182 0.38095238 0.65217391
 0.31578947 0.78571429 0.71428571 0.96428571 0.88235294 0.85
 0.85714286 0.64705882 0.29411765 0.78947368 0.85714286 0.73684211
 0.         0.81818182 1.         0.65       0.8        0.84210526
 0.21052632 1.         0.65217391 0.94444444 0.25       0.76
 0.82608696 0.7        0.72222222 0.8        0.58823529 0.95121951
 0.68421053 0.84210526 0.55555556 0.63157895 0.68421053 0.66666667
 0.68421053 0.76470588 0.55       1.         0.98125    1.
 0.95402299 0.57894737 0.76190476 0.63636364]
,[0.75675676 0.7804878  0.71641791 0.57692308 0.86666667 0.78787879
 0.62857143 0.75247525 0.50704225 0.6        0.85950413 0.94117647
 0.58823529 0.88888889 0.84       0.72340426 0.52941176 0.7027027
 0.8        0.90322581 0.8        0.72727273 0.80952381 0.72727273
 0.22222222 0.51612903 0.7826087  0.5625     0.80952381 0.41509434
 0.58064516 0.89473684 0.7027027  0.82608696 0.56       0.8
 0.67741935 0.51612903 0.         0.82352941 0.68965517 0.42857143
 0.63636364 0.66666667 0.53846154 0.89285714 0.72727273 0.66666667
 0.9047619  0.8        0.66666667 0.6        0.96969697 0.79069767
 0.65       0.57777778 0.69387755 0.35714286 0.19047619 0.10526316
 0.43333333 0.94117647 0.85714286 0.88888889 0.87179487 0.84848485
 0.82352941 0.76923077 0.         0.53846154 0.68181818 0.89795918
 0.57142857 0.45454545 0.5        0.875      0.91891892 0.5
 0.44444444 0.60465116 0.61904762 0.5625     0.63414634 0.85
 0.66666667 0.76470588 0.91428571 0.74285714 0.6440678  0.72897196
 0.94444444 0.92682927 0.75675676 0.97674419 0.82352941 0.72566372
 0.72727273 0.84210526 0.88235294 0.87179487 0.67647059 0.73333333
 0.93877551 0.7804878  0.66071429 0.59259259 0.83333333 0.24
 0.74576271 0.85714286 0.82758621 0.77419355 0.85714286 0.73015873
 0.51851852 0.86363636 0.71428571 0.81818182 0.33333333 0.75555556
 0.89473684 0.09090909 0.93617021 0.70967742 0.23529412 0.40909091
 0.6097561  0.61538462 0.85393258 0.73913043 0.84848485 0.84444444
 0.76056338 0.69767442 0.28571429 0.8125     0.87323944 0.76404494
 0.74285714 0.83870968 0.73076923 0.85714286 0.85714286 0.56
 0.93294461 0.35714286 0.64646465 0.67692308 0.59090909 0.7
 0.77777778 0.76923077 0.84210526 0.84444444 0.53333333 0.53658537
 0.875      0.89285714 0.4        0.85714286 0.88372093 0.6
 0.34782609 0.85714286 0.58064516 0.60465116 0.68965517 0.83076923
 0.64864865 0.87179487 0.58823529 0.86363636 0.3030303  0.73333333
 0.86666667 0.79069767 0.68292683 0.79166667 0.75675676 0.66666667
 0.71698113 0.88461538 0.86363636 0.72340426 0.42105263 0.90322581
 0.76923077 0.22222222 0.86956522 0.57142857 0.20689655 0.625
 0.82352941 0.82608696 0.24       0.84       0.51612903 0.64864865
 0.63829787 0.60714286 0.84210526 0.82352941 0.58823529 0.94117647
 0.64285714 0.72       0.57142857 0.81818182 0.47058824 0.66666667
 0.46153846 0.78571429 0.81081081 0.75       0.88235294 0.72340426
 0.76595745 0.78571429 0.4        0.81081081 0.92307692 0.8
 0.         0.65454545 0.94736842 0.74285714 0.73846154 0.86486486
 0.33333333 0.95       0.63829787 0.83950617 0.24390244 0.6440678
 0.74509804 0.73684211 0.60465116 0.7804878  0.68965517 0.93975904
 0.54166667 0.86486486 0.66666667 0.75       0.76470588 0.71794872
 0.63414634 0.7027027  0.47826087 0.95238095 0.87222222 0.88888889
 0.80582524 0.70967742 0.57142857 0.66666667]
