mACC, mP, mR, mF1, ACC, P, R, F1
0.5865257595772787,0.623092216541093,0.5429840662736289,0.5409298447233963
,[ 17   4  25  18  27  12  10  26   7  14  46  40  13  13  17  13   0   2
  19  11  21  14  18   8  14   2  18   9  17   3  12   8   9   1  13  16
  22   9   4  23  16   5  13  18   1  16  14  11  20  13  21  12  15  18
  12   2   7   5   0   1   7  16  20  25  14  14   1  10   0   5   3  22
   8   7   9  16  17   1   0   4  13  10   0  15   0  11  15   0  19  33
  16  38  19  21  13  50   8  16   0  18  26   1  21   7  43   9  16   3
  19  13  15   5  20   1   8  15  17  18   0  19  17   1   7  19   1   8
  25  15  37   8   0  31  27  14   0   8  11  27  12  14   7  17  21   0
 156   2  28  23  12   8  22  21  15  10   7   4  18  25  24  15  19  11
   6  19   7  11  11  23  13  17   6  18   1  13   7  12   7  19  15  11
  15  22  15  15   0  13  12   7   0   3  13  16  19  16   0  19   6   5
   0   1  16   0  10  15   1   0  20  19   3  16   7  18  14  18  14   0
  14  13   0  14  16   0   0  20   5   0  10   6   2  17   7  66   2  19
  17   9  17  14   0  39   4  15   4   9   9   0  10  11  10   9 156   3
  64   6   3  16]
,[0.56666667 1.         0.54347826 0.4        0.87096774 0.8
 1.         0.14606742 0.5        0.77777778 0.73015873 0.85106383
 0.65       1.         0.70833333 0.44827586 0.         0.09090909
 0.7037037  0.91666667 0.55263158 0.93333333 0.85714286 0.27586207
 0.4516129  0.25       0.72       0.81818182 0.89473684 0.25
 0.85714286 1.         0.40909091 0.5        0.56521739 1.
 0.88       1.         1.         0.88461538 0.32       0.18518519
 0.61904762 0.64285714 0.5        0.69565217 0.25       0.73333333
 0.60606061 0.8125     0.77777778 0.8        0.9375     0.9
 0.52173913 1.         1.         0.14285714 0.         0.33333333
 0.24137931 0.94117647 0.66666667 0.83333333 1.         0.63636364
 0.25       0.3125     0.         1.         0.2        0.81481481
 0.8        0.29166667 0.42857143 0.5        0.80952381 0.07692308
 0.         0.8        0.68421053 0.32258065 0.         0.9375
 0.         0.84615385 1.         0.         0.42222222 0.64705882
 0.72727273 0.48717949 0.95       0.875      0.86666667 0.55555556
 0.72727273 1.         0.         0.94736842 0.4        1.
 0.75       0.38888889 0.21717172 0.15517241 0.76190476 0.33333333
 0.73076923 0.92857143 0.88235294 0.83333333 0.86956522 1.
 0.61538462 0.9375     0.73913043 0.66666667 0.         0.54285714
 0.80952381 0.25       0.875      0.9047619  0.0625     0.57142857
 0.3164557  0.42857143 0.925      0.8        0.         0.59615385
 0.81818182 0.93333333 0.         0.88888889 0.91666667 0.58695652
 0.75       0.82352941 1.         0.89473684 0.47727273 0.
 0.89655172 0.66666667 0.75675676 0.82142857 0.44444444 0.44444444
 0.95652174 0.91304348 0.71428571 0.71428571 0.63636364 0.5
 0.9        0.75757576 0.22018349 0.5        0.73076923 0.47826087
 0.85714286 0.76       0.7        0.78571429 0.32352941 0.79310345
 0.86666667 1.         0.13636364 0.94736842 0.09090909 0.92857143
 1.         0.75       0.875      0.9047619  1.         0.73333333
 0.65217391 0.95652174 0.83333333 0.78947368 0.         1.
 0.48       0.77777778 0.         1.         0.52       0.72727273
 0.95       0.53333333 0.         0.79166667 0.66666667 0.83333333
 0.         0.03846154 0.72727273 0.         0.83333333 0.9375
 0.5        0.         0.76923077 0.79166667 0.21428571 0.76190476
 1.         0.6        0.93333333 0.94736842 0.73684211 0.
 0.82352941 0.92857143 0.         0.77777778 0.45714286 0.
 0.         0.57142857 0.71428571 0.         0.4        1.
 1.         0.73913043 0.7        0.86842105 0.28571429 0.52777778
 0.89473684 1.         0.85       0.82352941 0.         0.76470588
 0.5        1.         0.13793103 1.         0.42857143 0.
 0.625      0.91666667 0.14492754 1.         0.7255814  1.
 0.58181818 1.         0.6        0.35555556]
,[0.85       0.2        0.80645161 0.69230769 0.9        0.66666667
 0.45454545 0.55319149 0.33333333 0.73684211 0.82142857 0.90909091
 0.65       0.72222222 0.68       0.68421053 0.         0.0952381
 0.76       0.64705882 0.72413793 0.7        0.81818182 0.34782609
 0.60869565 0.09090909 0.9        0.40909091 0.80952381 0.14285714
 0.66666667 0.38095238 0.42857143 0.05       0.72222222 0.72727273
 0.91666667 0.40909091 0.23529412 0.92       0.88888889 0.27777778
 0.52       0.72       0.05882353 0.59259259 0.73684211 0.52380952
 0.90909091 0.65       0.91304348 0.70588235 0.88235294 0.75
 0.6        0.0952381  0.31818182 0.26315789 0.         0.05555556
 0.33333333 0.94117647 0.8        0.92592593 0.66666667 0.82352941
 0.05882353 0.45454545 0.         0.29411765 0.15       0.91666667
 0.4        0.30434783 0.52941176 0.94117647 0.89473684 0.05555556
 0.         0.16666667 0.68421053 0.58823529 0.         0.88235294
 0.         0.6875     0.78947368 0.         0.86363636 0.76744186
 0.84210526 0.92682927 0.82608696 1.         0.72222222 0.87719298
 0.44444444 0.8        0.         0.94736842 0.92857143 0.05555556
 0.91304348 0.35       0.7962963  0.5        0.88888889 0.17647059
 0.59375    0.76470588 0.88235294 0.29411765 0.83333333 0.04166667
 0.44444444 0.68181818 0.68       0.81818182 0.         0.73076923
 1.         0.04761905 0.30434783 1.         0.04761905 0.16326531
 0.96153846 0.71428571 0.97368421 0.42105263 0.         0.81578947
 0.96428571 0.58333333 0.         0.42105263 0.34375    0.69230769
 0.66666667 0.77777778 0.29166667 0.77272727 0.80769231 0.
 0.975      0.11764706 0.68292683 0.65714286 0.57142857 0.34782609
 1.         0.875      0.78947368 0.47619048 0.36842105 0.2
 0.85714286 0.83333333 0.57142857 0.88235294 0.9047619  0.57894737
 0.33333333 0.9047619  0.38888889 0.57894737 0.61111111 0.82142857
 0.68421053 0.80952381 0.35294118 0.9        0.04545455 0.76470588
 0.41176471 0.54545455 0.35       0.95       0.9375     0.52380952
 0.75       0.91666667 0.75       0.88235294 0.         0.76470588
 0.63157895 0.38888889 0.         0.13043478 0.56521739 0.69565217
 0.54285714 0.69565217 0.         0.9047619  0.3        0.22727273
 0.         0.05       0.94117647 0.         0.52631579 0.9375
 0.05555556 0.         0.86956522 0.86363636 0.14285714 0.69565217
 0.36842105 0.64285714 0.66666667 0.64285714 0.82352941 0.
 0.66666667 0.76470588 0.         0.73684211 0.76190476 0.
 0.         0.90909091 0.27777778 0.         0.33333333 0.31578947
 0.10526316 0.89473684 0.30434783 0.91666667 0.1        0.76
 0.73913043 0.45       0.94444444 0.7        0.         0.95121951
 0.21052632 0.78947368 0.22222222 0.47368421 0.47368421 0.
 0.52631579 0.64705882 0.5        0.45       0.975      0.125
 0.73563218 0.31578947 0.14285714 0.72727273]
,[0.68       0.33333333 0.64935065 0.50704225 0.8852459  0.72727273
 0.625      0.23111111 0.4        0.75675676 0.77310924 0.87912088
 0.65       0.83870968 0.69387755 0.54166667 0.         0.09302326
 0.73076923 0.75862069 0.62686567 0.8        0.8372093  0.30769231
 0.51851852 0.13333333 0.8        0.54545455 0.85       0.18181818
 0.75       0.55172414 0.41860465 0.09090909 0.63414634 0.84210526
 0.89795918 0.58064516 0.38095238 0.90196078 0.47058824 0.22222222
 0.56521739 0.67924528 0.10526316 0.64       0.37333333 0.61111111
 0.72727273 0.72222222 0.84       0.75       0.90909091 0.81818182
 0.55813953 0.17391304 0.48275862 0.18518519 0.         0.0952381
 0.28       0.94117647 0.72727273 0.87719298 0.8        0.71794872
 0.0952381  0.37037037 0.         0.45454545 0.17142857 0.8627451
 0.53333333 0.29787234 0.47368421 0.65306122 0.85       0.06451613
 0.         0.27586207 0.68421053 0.41666667 0.         0.90909091
 0.         0.75862069 0.88235294 0.         0.56716418 0.70212766
 0.7804878  0.63865546 0.88372093 0.93333333 0.78787879 0.68027211
 0.55172414 0.88888889 0.         0.94736842 0.55913978 0.10526316
 0.82352941 0.36842105 0.34126984 0.23684211 0.82051282 0.23076923
 0.65517241 0.83870968 0.88235294 0.43478261 0.85106383 0.08
 0.51612903 0.78947368 0.70833333 0.73469388 0.         0.62295082
 0.89473684 0.08       0.4516129  0.95       0.05405405 0.25396825
 0.47619048 0.53571429 0.94871795 0.55172414 0.         0.68888889
 0.8852459  0.71794872 0.         0.57142857 0.5        0.63529412
 0.70588235 0.8        0.4516129  0.82926829 0.6        0.
 0.93413174 0.2        0.71794872 0.73015873 0.5        0.3902439
 0.97777778 0.89361702 0.75       0.57142857 0.46666667 0.28571429
 0.87804878 0.79365079 0.31788079 0.63829787 0.80851064 0.52380952
 0.48       0.82608696 0.5        0.66666667 0.42307692 0.80701754
 0.76470588 0.89473684 0.19672131 0.92307692 0.06060606 0.83870968
 0.58333333 0.63157895 0.5        0.92682927 0.96774194 0.61111111
 0.69767442 0.93617021 0.78947368 0.83333333 0.         0.86666667
 0.54545455 0.51851852 0.         0.23076923 0.54166667 0.71111111
 0.69090909 0.60377358 0.         0.84444444 0.4137931  0.35714286
 0.         0.04347826 0.82051282 0.         0.64516129 0.9375
 0.1        0.         0.81632653 0.82608696 0.17142857 0.72727273
 0.53846154 0.62068966 0.77777778 0.76595745 0.77777778 0.
 0.73684211 0.83870968 0.         0.75675676 0.57142857 0.
 0.         0.70175439 0.4        0.         0.36363636 0.48
 0.19047619 0.80952381 0.42424242 0.89189189 0.14814815 0.62295082
 0.80952381 0.62068966 0.89473684 0.75675676 0.         0.84782609
 0.2962963  0.88235294 0.17021277 0.64285714 0.45       0.
 0.57142857 0.75862069 0.2247191  0.62068966 0.832      0.22222222
 0.64974619 0.48       0.23076923 0.47761194]
