mACC, mP, mR, mF1, ACC, P, R, F1
0.5465653896961691,0.527061185726079,0.49153435964989994,0.4721181581660798
,[ 17  14  24  17  21   7   6  10   4  13  49  40   5  15  13  10   8   2
   5   9  22  16  20   1   1   1   9   4   9  10   6  15   8  18  12  12
  13   3   5  24   4   2  12  11   2  18   7   8  17  11  20  10  11  16
   2   1   2   0   0   3   0  17  22  22  14   9   0   0   2   1   9  22
  17   5   6  11  17   4   0   1  12   3   0   6   6  11  15   0  11  36
  16  40  19  21  12  35  12  18   0  13  23   4  13  12  49   1  13   0
  20  15  14   8  17  19  11  14  12  19   7  19  11   1  22  19   1  15
  25  10  38  14   0  28  27  11   0   2  13  24  13  15   9  12  24   0
 159  11  26  23   7   2  19  10   0  13   7   5  17  24  21  11  11   8
   5  20   0   1   3  25  10  11   4  19   2  10   0  13  15  18  15  11
  15  22  14  14   3  17   3   6   4  10  12  16  28   6   0  19  10   4
   0   0  15   0   2   8   5   0  15  18   1  13   9  17  13  22  11   0
  13  13   0  12   7   0   1   7  13   0  24  12   1  19  12  68   1   7
  17   3  14  15   0  37   8   2   0  12   6   0   5  11   2  18 159  24
  87   7   5  16]
,[0.70833333 0.73684211 0.52173913 0.32692308 0.61764706 0.7
 0.75       0.24390244 0.5        0.40625    0.56976744 0.8
 0.83333333 1.         0.68421053 0.55555556 0.8        0.4
 0.83333333 0.42857143 0.33846154 0.69565217 0.45454545 0.2
 0.33333333 0.5        0.52941176 1.         0.69230769 0.43478261
 1.         0.68181818 0.42105263 0.9        0.4        0.70588235
 0.86666667 1.         0.41666667 0.63157895 0.22222222 0.11764706
 0.85714286 0.61111111 0.33333333 0.36734694 0.30434783 0.66666667
 0.65384615 0.52380952 0.47619048 0.83333333 1.         0.76190476
 1.         1.         1.         0.         0.         0.5
 0.         0.77272727 0.5        0.6875     0.63636364 0.39130435
 0.         0.         1.         1.         0.45       0.75862069
 0.48571429 0.14285714 0.15       0.73333333 0.94444444 0.26666667
 0.         0.5        0.54545455 0.75       0.         0.4
 0.28571429 0.91666667 0.9375     0.         0.61111111 0.63157895
 0.88888889 0.42105263 0.44186047 0.875      0.5        0.41666667
 0.57142857 1.         0.         0.86666667 0.41071429 0.4
 0.65       0.52173913 0.26923077 0.16666667 0.8125     0.
 0.54054054 1.         0.63636364 0.88888889 0.85       0.55882353
 0.275      0.60869565 0.21428571 0.43181818 0.38888889 0.54285714
 0.84615385 0.11111111 0.88       0.57575758 0.11111111 0.17857143
 0.33333333 0.52631579 0.74509804 0.82352941 0.         0.7
 0.39705882 0.61111111 0.         0.25       0.52       0.48
 0.52       0.71428571 0.64285714 0.75       0.63157895 0.
 0.88826816 0.40740741 0.46428571 0.35384615 0.4375     0.13333333
 0.9047619  0.76923077 0.         0.325      0.63636364 0.71428571
 0.62962963 0.96       0.36842105 0.40740741 0.84615385 0.61538462
 0.41666667 0.68965517 0.         0.5        0.5        0.625
 0.47619048 0.61111111 0.14285714 0.9047619  0.11111111 0.66666667
 0.         0.76470588 0.30612245 0.94736842 0.68181818 0.40740741
 0.9375     0.84615385 0.46666667 0.73684211 0.23076923 0.89473684
 0.6        0.46153846 0.33333333 0.71428571 0.4137931  0.72727273
 0.77777778 0.5        0.         0.86363636 0.83333333 0.8
 0.         0.         0.9375     0.         0.66666667 0.88888889
 0.19230769 0.         0.55555556 0.7826087  0.16666667 0.61904762
 0.5625     0.65384615 0.86666667 0.59459459 0.78571429 0.
 0.86666667 0.59090909 0.         0.70588235 0.25       0.
 0.09090909 0.5        0.61904762 0.         0.38095238 0.92307692
 0.33333333 0.475      0.54545455 0.64150943 0.07692308 0.5
 0.77272727 0.5        0.875      0.68181818 0.         0.56923077
 0.8        0.4        0.         0.46153846 0.375      0.
 0.55555556 0.6875     0.22222222 0.94736842 0.78325123 0.64864865
 0.86138614 0.4375     0.5        0.48484848]
,[0.85       0.7        0.77419355 0.65384615 0.7        0.38888889
 0.27272727 0.21276596 0.19047619 0.68421053 0.875      0.90909091
 0.25       0.83333333 0.52       0.52631579 0.38095238 0.0952381
 0.2        0.52941176 0.75862069 0.8        0.90909091 0.04347826
 0.04347826 0.04545455 0.45       0.18181818 0.42857143 0.47619048
 0.33333333 0.71428571 0.38095238 0.9        0.66666667 0.54545455
 0.54166667 0.13636364 0.29411765 0.96       0.22222222 0.11111111
 0.48       0.44       0.11764706 0.66666667 0.36842105 0.38095238
 0.77272727 0.55       0.86956522 0.58823529 0.64705882 0.66666667
 0.1        0.04761905 0.09090909 0.         0.         0.16666667
 0.         1.         0.88       0.81481481 0.66666667 0.52941176
 0.         0.         0.1        0.05882353 0.45       0.91666667
 0.85       0.2173913  0.35294118 0.64705882 0.89473684 0.22222222
 0.         0.04166667 0.63157895 0.17647059 0.         0.35294118
 0.26086957 0.6875     0.78947368 0.         0.5        0.8372093
 0.84210526 0.97560976 0.82608696 1.         0.66666667 0.61403509
 0.66666667 0.9        0.         0.68421053 0.82142857 0.22222222
 0.56521739 0.6        0.90740741 0.05555556 0.72222222 0.
 0.625      0.88235294 0.82352941 0.47058824 0.70833333 0.79166667
 0.61111111 0.63636364 0.48       0.86363636 0.38888889 0.73076923
 0.64705882 0.04761905 0.95652174 1.         0.04761905 0.30612245
 0.96153846 0.47619048 1.         0.73684211 0.         0.73684211
 0.96428571 0.45833333 0.         0.10526316 0.40625    0.61538462
 0.72222222 0.83333333 0.375      0.54545455 0.92307692 0.
 0.99375    0.64705882 0.63414634 0.65714286 0.33333333 0.08695652
 0.86363636 0.41666667 0.         0.61904762 0.36842105 0.25
 0.80952381 0.8        0.5        0.64705882 0.52380952 0.42105263
 0.27777778 0.95238095 0.         0.05263158 0.16666667 0.89285714
 0.52631579 0.52380952 0.23529412 0.95       0.09090909 0.58823529
 0.         0.59090909 0.75       0.9        0.9375     0.52380952
 0.75       0.91666667 0.7        0.82352941 0.14285714 1.
 0.15789474 0.33333333 0.16666667 0.43478261 0.52173913 0.69565217
 0.8        0.26086957 0.         0.9047619  0.5        0.18181818
 0.         0.         0.88235294 0.         0.10526316 0.5
 0.27777778 0.         0.65217391 0.81818182 0.04761905 0.56521739
 0.47368421 0.60714286 0.61904762 0.78571429 0.64705882 0.
 0.61904762 0.76470588 0.         0.63157895 0.33333333 0.
 0.0625     0.31818182 0.72222222 0.         0.8        0.63157895
 0.05263158 1.         0.52173913 0.94444444 0.05       0.28
 0.73913043 0.15       0.77777778 0.75       0.         0.90243902
 0.42105263 0.10526316 0.         0.63157895 0.31578947 0.
 0.26315789 0.64705882 0.1        0.9        0.99375    1.
 1.         0.36842105 0.23809524 0.72727273]
,[0.77272727 0.71794872 0.62337662 0.43589744 0.65625    0.5
 0.4        0.22727273 0.27586207 0.50980392 0.69014085 0.85106383
 0.38461538 0.90909091 0.59090909 0.54054054 0.51612903 0.15384615
 0.32258065 0.47368421 0.46808511 0.74418605 0.60606061 0.07142857
 0.07692308 0.08333333 0.48648649 0.30769231 0.52941176 0.45454545
 0.5        0.69767442 0.4        0.9        0.5        0.61538462
 0.66666667 0.24       0.34482759 0.76190476 0.22222222 0.11428571
 0.61538462 0.51162791 0.17391304 0.47368421 0.33333333 0.48484848
 0.70833333 0.53658537 0.61538462 0.68965517 0.78571429 0.71111111
 0.18181818 0.09090909 0.16666667 0.         0.         0.25
 0.         0.87179487 0.63768116 0.74576271 0.65116279 0.45
 0.         0.         0.18181818 0.11111111 0.45       0.83018868
 0.61818182 0.17241379 0.21052632 0.6875     0.91891892 0.24242424
 0.         0.07692308 0.58536585 0.28571429 0.         0.375
 0.27272727 0.78571429 0.85714286 0.         0.55       0.72
 0.86486486 0.58823529 0.57575758 0.93333333 0.57142857 0.4964539
 0.61538462 0.94736842 0.         0.76470588 0.54761905 0.28571429
 0.60465116 0.55813953 0.41525424 0.08333333 0.76470588 0.
 0.57971014 0.9375     0.71794872 0.61538462 0.77272727 0.65517241
 0.37931034 0.62222222 0.2962963  0.57575758 0.38888889 0.62295082
 0.73333333 0.06666667 0.91666667 0.73076923 0.06666667 0.22556391
 0.4950495  0.5        0.85393258 0.77777778 0.         0.71794872
 0.5625     0.52380952 0.         0.14814815 0.45614035 0.53932584
 0.60465116 0.76923077 0.47368421 0.63157895 0.75       0.
 0.9380531  0.5        0.53608247 0.46       0.37837838 0.10526316
 0.88372093 0.54054054 0.         0.42622951 0.46666667 0.37037037
 0.70833333 0.87272727 0.42424242 0.5        0.64705882 0.5
 0.33333333 0.8        0.         0.0952381  0.25       0.73529412
 0.5        0.56410256 0.17777778 0.92682927 0.1        0.625
 0.         0.66666667 0.43478261 0.92307692 0.78947368 0.45833333
 0.83333333 0.88       0.56       0.77777778 0.17647059 0.94444444
 0.25       0.38709677 0.22222222 0.54054054 0.46153846 0.71111111
 0.78873239 0.34285714 0.         0.88372093 0.625      0.2962963
 0.         0.         0.90909091 0.         0.18181818 0.64
 0.22727273 0.         0.6        0.8        0.07407407 0.59090909
 0.51428571 0.62962963 0.72222222 0.67692308 0.70967742 0.
 0.72222222 0.66666667 0.         0.66666667 0.28571429 0.
 0.07407407 0.38888889 0.66666667 0.         0.51612903 0.75
 0.09090909 0.6440678  0.53333333 0.76404494 0.06060606 0.35897436
 0.75555556 0.23076923 0.82352941 0.71428571 0.         0.69811321
 0.55172414 0.16666667 0.         0.53333333 0.34285714 0.
 0.35714286 0.66666667 0.13793103 0.92307692 0.87603306 0.78688525
 0.92553191 0.4        0.32258065 0.58181818]
