mACC, mP, mR, mF1, ACC, P, R, F1
0.555,0.5913096027255321,0.555,0.5422037487851828
,[ 2 12 10 10  9  3 14 15 11 16  8  8 17  8  7  0 15 16 10  5 13 13 12  2
 11 18 18 14  9 16 18 15  9  7  5 13  9  4 10 11 15 12  4  5 15 16  6 14
 13 15 15 15 14 14 11  9 16 11 14  9 17 13 16  1 13  2  5  5  1  4 15 13
  6 16  8 17  5 17  6 20 12 19  9 15  6 14 14 19 12  8 20  6  4  6  7 17
 13 18 12 13]
,[0.13333333 0.57142857 0.71428571 0.58823529 0.81818182 0.6
 0.56       0.57692308 0.73333333 0.66666667 0.34782609 0.72727273
 0.5483871  0.61538462 0.63636364 0.         0.625      0.55172414
 1.         0.71428571 0.8125     0.86666667 0.66666667 1.
 0.91666667 0.5        0.9        0.66666667 0.36       0.48484848
 0.62068966 0.34090909 0.42857143 0.77777778 0.35714286 0.72222222
 0.33333333 0.14285714 0.58823529 0.64705882 0.65217391 0.6
 0.8        0.5        0.42857143 0.55172414 0.75       0.46666667
 0.8125     0.6        0.75       0.88235294 0.77777778 0.66666667
 0.26829268 0.375      0.47058824 0.84615385 0.56       0.64285714
 0.33333333 0.86666667 0.48484848 0.06666667 0.54166667 0.22222222
 0.25       0.38461538 0.33333333 0.44444444 0.9375     0.54166667
 0.6        0.61538462 0.57142857 0.85       0.5        0.34693878
 0.2        0.54054054 0.70588235 0.79166667 0.9        0.3
 0.375      0.63636364 0.77777778 0.63333333 0.44444444 0.47058824
 0.90909091 0.42857143 0.30769231 0.66666667 0.77777778 0.89473684
 0.76470588 0.81818182 0.70588235 0.92857143]
,[0.1  0.6  0.5  0.5  0.45 0.15 0.7  0.75 0.55 0.8  0.4  0.4  0.85 0.4
 0.35 0.   0.75 0.8  0.5  0.25 0.65 0.65 0.6  0.1  0.55 0.9  0.9  0.7
 0.45 0.8  0.9  0.75 0.45 0.35 0.25 0.65 0.45 0.2  0.5  0.55 0.75 0.6
 0.2  0.25 0.75 0.8  0.3  0.7  0.65 0.75 0.75 0.75 0.7  0.7  0.55 0.45
 0.8  0.55 0.7  0.45 0.85 0.65 0.8  0.05 0.65 0.1  0.25 0.25 0.05 0.2
 0.75 0.65 0.3  0.8  0.4  0.85 0.25 0.85 0.3  1.   0.6  0.95 0.45 0.75
 0.3  0.7  0.7  0.95 0.6  0.4  1.   0.3  0.2  0.3  0.35 0.85 0.65 0.9
 0.6  0.65]
,[0.11428571 0.58536585 0.58823529 0.54054054 0.58064516 0.24
 0.62222222 0.65217391 0.62857143 0.72727273 0.37209302 0.51612903
 0.66666667 0.48484848 0.4516129  0.         0.68181818 0.65306122
 0.66666667 0.37037037 0.72222222 0.74285714 0.63157895 0.18181818
 0.6875     0.64285714 0.9        0.68292683 0.4        0.60377358
 0.73469388 0.46875    0.43902439 0.48275862 0.29411765 0.68421053
 0.38297872 0.16666667 0.54054054 0.59459459 0.69767442 0.6
 0.32       0.33333333 0.54545455 0.65306122 0.42857143 0.56
 0.72222222 0.66666667 0.75       0.81081081 0.73684211 0.68292683
 0.36065574 0.40909091 0.59259259 0.66666667 0.62222222 0.52941176
 0.47887324 0.74285714 0.60377358 0.05714286 0.59090909 0.13793103
 0.25       0.3030303  0.08695652 0.27586207 0.83333333 0.59090909
 0.4        0.69565217 0.47058824 0.85       0.33333333 0.49275362
 0.24       0.70175439 0.64864865 0.86363636 0.6        0.42857143
 0.33333333 0.66666667 0.73684211 0.76       0.5106383  0.43243243
 0.95238095 0.35294118 0.24242424 0.4137931  0.48275862 0.87179487
 0.7027027  0.85714286 0.64864865 0.76470588]
