mACC, mP, mR, mF1, ACC, P, R, F1
0.584,0.59515087169023,0.584,0.5650472701281302
,[ 5 16 11  9 14  5 15 19 12 17  5 11 16  6  8  0 15 13 10 11 12  9  9  1
  8 18 19 15 17 11 17  7 12  4 12 13 13  0 10 11 14  9 15 10  9 17  9 16
 13 16 12 16 15 11 12 14 19 17 15 11 11 18 17  1  9  8  2  8  0  3 18 12
 10 17 15 17  8 19  5 17 16 20 15 10  9 15 14 16 10 11 20  6  0  6  7 15
 18 18 12  9]
,[0.12820513 0.72727273 0.44       0.5625     0.875      0.625
 0.53571429 0.45238095 0.52173913 0.89473684 0.35714286 0.6875
 0.38095238 0.75       0.53333333 0.         0.625      0.5
 0.83333333 0.42307692 0.375      0.75       0.5625     0.5
 1.         0.81818182 0.79166667 0.75       0.5862069  0.55
 1.         0.5        0.375      0.44444444 0.33333333 0.68421053
 0.41935484 0.         0.5        0.6875     0.58333333 0.5625
 0.71428571 0.55555556 0.69230769 0.35416667 0.81818182 0.48484848
 0.76470588 0.69565217 0.85714286 0.51612903 0.625      0.6875
 0.48       0.4516129  0.55882353 0.62962963 0.65217391 0.73333333
 0.35483871 0.54545455 0.73913043 0.5        0.69230769 0.24242424
 0.16666667 0.66666667 0.         0.6        0.85714286 0.8
 0.5        0.89473684 0.78947368 0.89473684 0.33333333 0.5
 0.45454545 0.53125    0.51612903 0.86956522 0.75       0.76923077
 0.69230769 0.68181818 0.7        0.84210526 0.66666667 1.
 0.90909091 0.375      0.         0.4        0.58333333 0.78947368
 0.64285714 0.69230769 0.85714286 0.81818182]
,[0.25 0.8  0.55 0.45 0.7  0.25 0.75 0.95 0.6  0.85 0.25 0.55 0.8  0.3
 0.4  0.   0.75 0.65 0.5  0.55 0.6  0.45 0.45 0.05 0.4  0.9  0.95 0.75
 0.85 0.55 0.85 0.35 0.6  0.2  0.6  0.65 0.65 0.   0.5  0.55 0.7  0.45
 0.75 0.5  0.45 0.85 0.45 0.8  0.65 0.8  0.6  0.8  0.75 0.55 0.6  0.7
 0.95 0.85 0.75 0.55 0.55 0.9  0.85 0.05 0.45 0.4  0.1  0.4  0.   0.15
 0.9  0.6  0.5  0.85 0.75 0.85 0.4  0.95 0.25 0.85 0.8  1.   0.75 0.5
 0.45 0.75 0.7  0.8  0.5  0.55 1.   0.3  0.   0.3  0.35 0.75 0.9  0.9
 0.6  0.45]
,[0.16949153 0.76190476 0.48888889 0.5        0.77777778 0.35714286
 0.625      0.61290323 0.55813953 0.87179487 0.29411765 0.61111111
 0.51612903 0.42857143 0.45714286 0.         0.68181818 0.56521739
 0.625      0.47826087 0.46153846 0.5625     0.5        0.09090909
 0.57142857 0.85714286 0.86363636 0.75       0.69387755 0.55
 0.91891892 0.41176471 0.46153846 0.27586207 0.42857143 0.66666667
 0.50980392 0.         0.5        0.61111111 0.63636364 0.5
 0.73170732 0.52631579 0.54545455 0.5        0.58064516 0.60377358
 0.7027027  0.74418605 0.70588235 0.62745098 0.68181818 0.61111111
 0.53333333 0.54901961 0.7037037  0.72340426 0.69767442 0.62857143
 0.43137255 0.67924528 0.79069767 0.09090909 0.54545455 0.30188679
 0.125      0.5        0.         0.24       0.87804878 0.68571429
 0.5        0.87179487 0.76923077 0.87179487 0.36363636 0.65517241
 0.32258065 0.65384615 0.62745098 0.93023256 0.75       0.60606061
 0.54545455 0.71428571 0.7        0.82051282 0.57142857 0.70967742
 0.95238095 0.33333333 0.         0.34285714 0.4375     0.76923077
 0.75       0.7826087  0.70588235 0.58064516]
