mACC, mP, mR, mF1, ACC, P, R, F1
0.382,0.44030867780950156,0.382,0.362144143526963
,[ 2  6  3  5  3  0  1  4  1 14  0  0  4  1  2  0 11 14  1  6  0  7  0  2
  9  6 18 17 11  0  5 12  4  3  6 11  2  0 16  9  7  6  5  6  9  3  7  4
  6 18  8 10  9 15 11 17 13 11 12 10 12 16 15  0  2  3  5  0  0  3 16  9
  5 20  8 13  0  5  1 19  4 19 11 15  3 10 13 17 14 14 20  8  7  1  4 10
 18 14  7  0]
,[0.0952381  0.18181818 1.         0.29411765 1.         0.
 0.05       0.8        1.         0.82352941 0.         0.
 0.44444444 0.25       0.18181818 0.         0.78571429 0.48275862
 0.16666667 0.54545455 0.         0.7        0.         0.5
 0.5625     0.33333333 0.66666667 0.53125    0.33333333 0.
 0.71428571 0.52173913 0.08       0.17647059 0.3        0.91666667
 0.11111111 0.         0.37209302 0.75       0.875      0.35294118
 0.27777778 0.5        0.6        0.27272727 1.         0.8
 0.6        0.38297872 0.25806452 0.45454545 0.75       0.27777778
 0.37931034 0.32692308 0.19117647 0.78571429 0.19047619 0.66666667
 0.23529412 0.84210526 0.9375     0.         0.4        0.2
 0.14285714 0.         0.         0.10714286 0.88888889 1.
 0.27777778 0.30769231 0.57142857 0.86666667 0.         0.14285714
 0.05882353 0.57575758 0.8        0.55882353 0.45833333 0.35714286
 0.75       0.26315789 0.68421053 0.80952381 0.36842105 0.66666667
 0.95238095 0.61538462 0.20588235 0.1        0.8        0.76923077
 0.51428571 0.41176471 0.77777778 0.        ]
,[0.1  0.3  0.15 0.25 0.15 0.   0.05 0.2  0.05 0.7  0.   0.   0.2  0.05
 0.1  0.   0.55 0.7  0.05 0.3  0.   0.35 0.   0.1  0.45 0.3  0.9  0.85
 0.55 0.   0.25 0.6  0.2  0.15 0.3  0.55 0.1  0.   0.8  0.45 0.35 0.3
 0.25 0.3  0.45 0.15 0.35 0.2  0.3  0.9  0.4  0.5  0.45 0.75 0.55 0.85
 0.65 0.55 0.6  0.5  0.6  0.8  0.75 0.   0.1  0.15 0.25 0.   0.   0.15
 0.8  0.45 0.25 1.   0.4  0.65 0.   0.25 0.05 0.95 0.2  0.95 0.55 0.75
 0.15 0.5  0.65 0.85 0.7  0.7  1.   0.4  0.35 0.05 0.2  0.5  0.9  0.7
 0.35 0.  ]
,[0.09756098 0.22641509 0.26086957 0.27027027 0.26086957 0.
 0.05       0.32       0.0952381  0.75675676 0.         0.
 0.27586207 0.08333333 0.12903226 0.         0.64705882 0.57142857
 0.07692308 0.38709677 0.         0.46666667 0.         0.16666667
 0.5        0.31578947 0.76595745 0.65384615 0.41509434 0.
 0.37037037 0.55813953 0.11428571 0.16216216 0.3        0.6875
 0.10526316 0.         0.50793651 0.5625     0.5        0.32432432
 0.26315789 0.375      0.51428571 0.19354839 0.51851852 0.32
 0.4        0.53731343 0.31372549 0.47619048 0.5625     0.40540541
 0.44897959 0.47222222 0.29545455 0.64705882 0.28915663 0.57142857
 0.33802817 0.82051282 0.83333333 0.         0.16       0.17142857
 0.18181818 0.         0.         0.125      0.84210526 0.62068966
 0.26315789 0.47058824 0.47058824 0.74285714 0.         0.18181818
 0.05405405 0.71698113 0.32       0.7037037  0.5        0.48387097
 0.25       0.34482759 0.66666667 0.82926829 0.48275862 0.68292683
 0.97560976 0.48484848 0.25925926 0.06666667 0.32       0.60606061
 0.65454545 0.51851852 0.48275862 0.        ]
