mACC, mP, mR, mF1, ACC, P, R, F1
0.45,0.4648852627418141,0.45,0.4258196807369407
,[ 1 14  1  0  2  1  0  9  1 14  0  0  0  3  4  0 14 14  4 10 13  0 13  7
 10 17 18 14  8  0  3  5  3  1 15 15  5  0  9 12 15 13 17  9  9  7 13 17
 17 16 16 16 13 14  9 12  1 17  8 12  1 18 16  0 11  7  0  3  8  1 19 13
  4 17 10 15  1 17  2 18 10 19 11 12  5  6 10 17 10 12 20  7  4  0  7 15
 14 17 12  0]
,[0.05555556 0.33333333 1.         0.         0.25       0.04545455
 0.         0.81818182 1.         0.875      0.         0.
 0.         0.375      0.8        0.         0.5        0.53846154
 0.5        0.33333333 0.43333333 0.         0.40625    0.20588235
 0.83333333 0.36956522 1.         0.82352941 0.4        0.
 0.2        0.41666667 0.16666667 0.03448276 0.2173913  0.78947368
 0.71428571 0.         0.52941176 0.75       0.34883721 0.41935484
 0.65384615 0.40909091 0.9        0.4375     0.68421053 0.425
 0.25757576 0.66666667 0.41025641 0.32653061 0.72222222 0.66666667
 0.31034483 0.4        0.08333333 0.85       0.57142857 0.42857143
 0.0625     1.         0.84210526 0.         0.52380952 0.16666667
 0.         0.27272727 0.66666667 0.08333333 0.7037037  0.38235294
 0.66666667 0.89473684 0.71428571 0.88235294 0.09090909 0.30357143
 0.09090909 0.72       0.76923077 0.95       0.6875     0.66666667
 0.38461538 0.24       0.71428571 0.65384615 0.5        0.85714286
 0.95238095 0.7        0.2        0.         0.36842105 0.83333333
 0.77777778 0.68       0.8        0.        ]
,[0.05 0.7  0.05 0.   0.1  0.05 0.   0.45 0.05 0.7  0.   0.   0.   0.15
 0.2  0.   0.7  0.7  0.2  0.5  0.65 0.   0.65 0.35 0.5  0.85 0.9  0.7
 0.4  0.   0.15 0.25 0.15 0.05 0.75 0.75 0.25 0.   0.45 0.6  0.75 0.65
 0.85 0.45 0.45 0.35 0.65 0.85 0.85 0.8  0.8  0.8  0.65 0.7  0.45 0.6
 0.05 0.85 0.4  0.6  0.05 0.9  0.8  0.   0.55 0.35 0.   0.15 0.4  0.05
 0.95 0.65 0.2  0.85 0.5  0.75 0.05 0.85 0.1  0.9  0.5  0.95 0.55 0.6
 0.25 0.3  0.5  0.85 0.5  0.6  1.   0.35 0.2  0.   0.35 0.75 0.7  0.85
 0.6  0.  ]
,[0.05263158 0.4516129  0.0952381  0.         0.14285714 0.04761905
 0.         0.58064516 0.0952381  0.77777778 0.         0.
 0.         0.21428571 0.32       0.         0.58333333 0.60869565
 0.28571429 0.4        0.52       0.         0.5        0.25925926
 0.625      0.51515152 0.94736842 0.75675676 0.4        0.
 0.17142857 0.3125     0.15789474 0.04081633 0.33707865 0.76923077
 0.37037037 0.         0.48648649 0.66666667 0.47619048 0.50980392
 0.73913043 0.42857143 0.6        0.38888889 0.66666667 0.56666667
 0.39534884 0.72727273 0.54237288 0.46376812 0.68421053 0.68292683
 0.36734694 0.48       0.0625     0.85       0.47058824 0.5
 0.05555556 0.94736842 0.82051282 0.         0.53658537 0.22580645
 0.         0.19354839 0.5        0.0625     0.80851064 0.48148148
 0.30769231 0.87179487 0.58823529 0.81081081 0.06451613 0.44736842
 0.0952381  0.8        0.60606061 0.95       0.61111111 0.63157895
 0.3030303  0.26666667 0.58823529 0.73913043 0.5        0.70588235
 0.97560976 0.46666667 0.2        0.         0.35897436 0.78947368
 0.73684211 0.75555556 0.68571429 0.        ]
