mACC, mP, mR, mF1, ACC, P, R, F1
0.636,0.6660985208255136,0.6359999999999999,0.6261542570855654
,[11 19 14  9 16  2 18 15 16 17  4 13 14 13  7  0 17 16 14  6 12 16 15  2
 11  7 20 14 16 11 14  7 17  8 15 18 15  4 11 18 16  8 15  9 11 18 12 13
 15 14 12 16 17 12 10 14 11 18 16 13  9 18 16  7 10 11  1  6 13 10 18 13
  8 17 12 19  5 20  6 20 17 19 14 12  7 12 15 15 14 18 20  8  1  9  8 15
 20 16 16 15]
,[0.14666667 0.65517241 0.73684211 0.81818182 0.8        0.4
 0.62068966 0.88235294 0.72727273 0.85       0.28571429 0.56521739
 0.73684211 0.76470588 0.58333333 0.         0.68       0.64
 0.7        0.46153846 0.46153846 0.61538462 0.625      0.33333333
 0.73333333 0.77777778 1.         1.         0.36363636 0.61111111
 0.93333333 0.77777778 0.34693878 0.88888889 0.39473684 0.9
 0.34883721 0.44444444 0.57894737 0.54545455 0.66666667 0.61538462
 0.78947368 0.6        0.78571429 0.51428571 0.75       0.72222222
 0.88235294 0.7        0.8        0.66666667 0.85       0.57142857
 0.71428571 0.41176471 0.6875     0.69230769 0.76190476 0.54166667
 0.39130435 0.81818182 0.8        0.46666667 0.76923077 0.31428571
 0.25       0.42857143 0.52       0.83333333 0.85714286 0.8125
 0.72727273 1.         0.63157895 0.82608696 0.5        0.68965517
 0.5        0.76923077 0.53125    0.95       0.82352941 0.57142857
 0.58333333 0.85714286 0.68181818 0.68181818 0.7        0.75
 0.90909091 0.72727273 1.         0.5625     0.8        0.88235294
 0.86956522 0.88888889 0.76190476 0.71428571]
,[0.55 0.95 0.7  0.45 0.8  0.1  0.9  0.75 0.8  0.85 0.2  0.65 0.7  0.65
 0.35 0.   0.85 0.8  0.7  0.3  0.6  0.8  0.75 0.1  0.55 0.35 1.   0.7
 0.8  0.55 0.7  0.35 0.85 0.4  0.75 0.9  0.75 0.2  0.55 0.9  0.8  0.4
 0.75 0.45 0.55 0.9  0.6  0.65 0.75 0.7  0.6  0.8  0.85 0.6  0.5  0.7
 0.55 0.9  0.8  0.65 0.45 0.9  0.8  0.35 0.5  0.55 0.05 0.3  0.65 0.5
 0.9  0.65 0.4  0.85 0.6  0.95 0.25 1.   0.3  1.   0.85 0.95 0.7  0.6
 0.35 0.6  0.75 0.75 0.7  0.9  1.   0.4  0.05 0.45 0.4  0.75 1.   0.8
 0.8  0.75]
,[0.23157895 0.7755102  0.71794872 0.58064516 0.8        0.16
 0.73469388 0.81081081 0.76190476 0.85       0.23529412 0.60465116
 0.71794872 0.7027027  0.4375     0.         0.75555556 0.71111111
 0.7        0.36363636 0.52173913 0.69565217 0.68181818 0.15384615
 0.62857143 0.48275862 1.         0.82352941 0.5        0.57894737
 0.8        0.48275862 0.49275362 0.55172414 0.51724138 0.9
 0.47619048 0.27586207 0.56410256 0.67924528 0.72727273 0.48484848
 0.76923077 0.51428571 0.64705882 0.65454545 0.66666667 0.68421053
 0.81081081 0.7        0.68571429 0.72727273 0.85       0.58536585
 0.58823529 0.51851852 0.61111111 0.7826087  0.7804878  0.59090909
 0.41860465 0.85714286 0.8        0.4        0.60606061 0.4
 0.08333333 0.35294118 0.57777778 0.625      0.87804878 0.72222222
 0.51612903 0.91891892 0.61538462 0.88372093 0.33333333 0.81632653
 0.375      0.86956522 0.65384615 0.95       0.75675676 0.58536585
 0.4375     0.70588235 0.71428571 0.71428571 0.7        0.81818182
 0.95238095 0.51612903 0.0952381  0.5        0.53333333 0.81081081
 0.93023256 0.84210526 0.7804878  0.73170732]
