mACC, mP, mR, mF1, ACC, P, R, F1
0.653,0.659752060177067,0.6530000000000001,0.645532585915279
,[ 6 16 14 16 14  9 17 14  8 19  8 14 17 15  9  4 17 17 12  6 16 15 12  5
 13 17 20 16 18 13 13 11 12 14 10 17 11  6 14 17 15 13 15  8 12 19  7 14
 13 14 14 12 19 15 11 13 12 18 14 12 12 18 17  4 12  5  6  5  8 11 14 15
  9 19 12 19  7 18 12 19 15 20 16 12  5 13 15 18 10 15 20  6  2  9 14 19
 18 17 14 14]
,[0.26086957 0.88888889 0.63636364 0.51612903 0.82352941 0.69230769
 0.56666667 0.56       0.88888889 0.82608696 0.53333333 0.58333333
 0.70833333 0.6        0.32142857 0.36363636 0.85       0.62962963
 0.70588235 0.5        0.69565217 0.78947368 0.63157895 0.41666667
 0.86666667 0.68       0.90909091 0.64       0.75       0.52
 0.86666667 0.55       0.57142857 0.73684211 0.625      0.73913043
 0.55       0.26086957 0.73684211 0.85       0.65217391 0.54166667
 0.75       0.72727273 0.54545455 0.57575758 0.58333333 0.73684211
 0.68421053 0.63636364 0.82352941 0.70588235 0.73076923 0.625
 0.52380952 0.35135135 0.63157895 0.75       0.82352941 0.63157895
 0.42857143 0.85714286 0.77272727 0.23529412 0.66666667 0.25
 0.4        0.55555556 0.8        0.73333333 0.93333333 0.83333333
 0.5625     0.9047619  0.70588235 0.82608696 0.5        0.5625
 0.52173913 0.7037037  0.83333333 0.95238095 0.64       0.48
 0.55555556 0.52       0.83333333 0.75       0.58823529 0.78947368
 0.90909091 0.5        0.14285714 0.6        0.93333333 0.86363636
 0.9        0.80952381 0.875      0.875     ]
,[0.3  0.8  0.7  0.8  0.7  0.45 0.85 0.7  0.4  0.95 0.4  0.7  0.85 0.75
 0.45 0.2  0.85 0.85 0.6  0.3  0.8  0.75 0.6  0.25 0.65 0.85 1.   0.8
 0.9  0.65 0.65 0.55 0.6  0.7  0.5  0.85 0.55 0.3  0.7  0.85 0.75 0.65
 0.75 0.4  0.6  0.95 0.35 0.7  0.65 0.7  0.7  0.6  0.95 0.75 0.55 0.65
 0.6  0.9  0.7  0.6  0.6  0.9  0.85 0.2  0.6  0.25 0.3  0.25 0.4  0.55
 0.7  0.75 0.45 0.95 0.6  0.95 0.35 0.9  0.6  0.95 0.75 1.   0.8  0.6
 0.25 0.65 0.75 0.9  0.5  0.75 1.   0.3  0.1  0.45 0.7  0.95 0.9  0.85
 0.7  0.7 ]
,[0.27906977 0.84210526 0.66666667 0.62745098 0.75675676 0.54545455
 0.68       0.62222222 0.55172414 0.88372093 0.45714286 0.63636364
 0.77272727 0.66666667 0.375      0.25806452 0.85       0.72340426
 0.64864865 0.375      0.74418605 0.76923077 0.61538462 0.3125
 0.74285714 0.75555556 0.95238095 0.71111111 0.81818182 0.57777778
 0.74285714 0.55       0.58536585 0.71794872 0.55555556 0.79069767
 0.55       0.27906977 0.71794872 0.85       0.69767442 0.59090909
 0.75       0.51612903 0.57142857 0.71698113 0.4375     0.71794872
 0.66666667 0.66666667 0.75675676 0.64864865 0.82608696 0.68181818
 0.53658537 0.45614035 0.61538462 0.81818182 0.75675676 0.61538462
 0.5        0.87804878 0.80952381 0.21621622 0.63157895 0.25
 0.34285714 0.34482759 0.53333333 0.62857143 0.8        0.78947368
 0.5        0.92682927 0.64864865 0.88372093 0.41176471 0.69230769
 0.55813953 0.80851064 0.78947368 0.97560976 0.71111111 0.53333333
 0.34482759 0.57777778 0.78947368 0.81818182 0.54054054 0.76923077
 0.95238095 0.375      0.11764706 0.51428571 0.8        0.9047619
 0.9        0.82926829 0.77777778 0.77777778]
