mACC, mP, mR, mF1, ACC, P, R, F1
0.621,0.6819926693168437,0.6210000000000001,0.6183755155472768
,[ 5 13 12 17 13  8 14 13 12 19  5 14 14 16 16  9 16 14 12  4 13 19 12  3
 11 16 19  6 16 14 14  8 12 15 10 15  8  5 14 11 16 14 12  7 13 18  9 13
 13 17 15 15 14  9  4  8 13 13 14 15 14 19 17  4 10  6  8  5 13 11 16 11
  9 20  9 19  8 16 17  9 15 20 15 11  7 10 14 16 15 13 15  4  6  8 13 14
 17 18 17 14]
,[0.35714286 0.72222222 0.85714286 0.39534884 0.92857143 0.66666667
 0.4        0.59090909 0.85714286 0.9047619  0.83333333 0.60869565
 1.         0.8        0.34042553 0.36       0.57142857 0.4375
 0.6        0.8        0.86666667 0.51351351 0.85714286 0.5
 0.78571429 0.69565217 1.         1.         0.59259259 0.7
 0.82352941 0.53333333 0.54545455 0.83333333 0.66666667 1.
 0.72727273 0.71428571 0.66666667 0.84615385 0.43243243 0.51851852
 0.48       0.7        0.54166667 0.58064516 0.69230769 0.61904762
 0.76470588 0.73913043 0.78947368 0.75       0.56       1.
 1.         0.38095238 0.65       0.68421053 0.82352941 0.57692308
 0.4375     0.76       0.70833333 0.44444444 0.5        0.4
 0.26666667 0.55555556 0.54166667 0.78571429 1.         0.78571429
 0.45       0.60606061 0.9        0.76       0.4        0.57142857
 0.20481928 0.81818182 0.51724138 0.83333333 0.44117647 0.91666667
 0.875      0.55555556 0.60869565 0.76190476 0.46875    0.92857143
 0.9375     0.8        0.6        0.8        1.         0.93333333
 0.80952381 0.85714286 0.73913043 0.73684211]
,[0.25 0.65 0.6  0.85 0.65 0.4  0.7  0.65 0.6  0.95 0.25 0.7  0.7  0.8
 0.8  0.45 0.8  0.7  0.6  0.2  0.65 0.95 0.6  0.15 0.55 0.8  0.95 0.3
 0.8  0.7  0.7  0.4  0.6  0.75 0.5  0.75 0.4  0.25 0.7  0.55 0.8  0.7
 0.6  0.35 0.65 0.9  0.45 0.65 0.65 0.85 0.75 0.75 0.7  0.45 0.2  0.4
 0.65 0.65 0.7  0.75 0.7  0.95 0.85 0.2  0.5  0.3  0.4  0.25 0.65 0.55
 0.8  0.55 0.45 1.   0.45 0.95 0.4  0.8  0.85 0.45 0.75 1.   0.75 0.55
 0.35 0.5  0.7  0.8  0.75 0.65 0.75 0.2  0.3  0.4  0.65 0.7  0.85 0.9
 0.85 0.7 ]
,[0.29411765 0.68421053 0.70588235 0.53968254 0.76470588 0.5
 0.50909091 0.61904762 0.70588235 0.92682927 0.38461538 0.65116279
 0.82352941 0.8        0.47761194 0.4        0.66666667 0.53846154
 0.6        0.32       0.74285714 0.66666667 0.70588235 0.23076923
 0.64705882 0.74418605 0.97435897 0.46153846 0.68085106 0.7
 0.75675676 0.45714286 0.57142857 0.78947368 0.57142857 0.85714286
 0.51612903 0.37037037 0.68292683 0.66666667 0.56140351 0.59574468
 0.53333333 0.46666667 0.59090909 0.70588235 0.54545455 0.63414634
 0.7027027  0.79069767 0.76923077 0.75       0.62222222 0.62068966
 0.33333333 0.3902439  0.65       0.66666667 0.75675676 0.65217391
 0.53846154 0.84444444 0.77272727 0.27586207 0.5        0.34285714
 0.32       0.34482759 0.59090909 0.64705882 0.88888889 0.64705882
 0.45       0.75471698 0.6        0.84444444 0.4        0.66666667
 0.33009709 0.58064516 0.6122449  0.90909091 0.55555556 0.6875
 0.5        0.52631579 0.65116279 0.7804878  0.57692308 0.76470588
 0.83333333 0.32       0.4        0.53333333 0.78787879 0.8
 0.82926829 0.87804878 0.79069767 0.71794872]
