mACC, mP, mR, mF1, ACC, P, R, F1
0.5745,0.6191323262601849,0.5745000000000001,0.566254676877458
,[ 2 13 15 17 11  6 17 15 13 17  7 13 13 11  8  8 16 10 13  5 12 11 10  2
  7 12 19 15 12 13 15 11  8 14  9 15  9  3  2 13 15  1 13 10 11 17  9 10
 12 17 14 15 18 13 15  8 17 18 10  9 13 13 16  5 15  5  2  8  4  2 13 10
  6 18 14 18  6 19  8 15  6 18 10 11  4 13 11 14 14 13 19 12  2  7 13 19
 19 17 14  9]
,[0.16666667 0.68421053 0.75       0.32075472 0.61111111 0.85714286
 0.43589744 0.71428571 0.72222222 0.80952381 0.38888889 0.86666667
 0.61904762 0.64705882 0.25       0.57142857 0.64       0.55555556
 0.52       0.625      0.54545455 0.91666667 0.76923077 0.25
 0.7        0.8        0.79166667 0.68181818 0.75       0.5
 0.68181818 0.55       0.8        0.60869565 0.47368421 0.71428571
 0.47368421 0.23076923 1.         0.37142857 0.83333333 0.25
 0.5        0.4        0.57894737 0.425      1.         0.52631579
 0.75       0.65384615 0.77777778 0.68181818 0.64285714 0.76470588
 0.41666667 0.53333333 0.38636364 0.94736842 0.55555556 0.64285714
 0.46428571 1.         0.69565217 0.5        0.20833333 0.38461538
 0.11764706 0.5        0.5        1.         0.72222222 0.66666667
 0.5        0.94736842 0.4516129  0.75       0.26086957 0.52777778
 0.4        0.55555556 0.75       0.85714286 0.76923077 0.57894737
 0.57142857 0.72222222 0.78571429 0.93333333 0.34146341 0.72222222
 1.         0.44444444 0.10526316 0.875      0.8125     0.63333333
 0.86363636 0.68       0.93333333 0.75      ]
,[0.1  0.65 0.75 0.85 0.55 0.3  0.85 0.75 0.65 0.85 0.35 0.65 0.65 0.55
 0.4  0.4  0.8  0.5  0.65 0.25 0.6  0.55 0.5  0.1  0.35 0.6  0.95 0.75
 0.6  0.65 0.75 0.55 0.4  0.7  0.45 0.75 0.45 0.15 0.1  0.65 0.75 0.05
 0.65 0.5  0.55 0.85 0.45 0.5  0.6  0.85 0.7  0.75 0.9  0.65 0.75 0.4
 0.85 0.9  0.5  0.45 0.65 0.65 0.8  0.25 0.75 0.25 0.1  0.4  0.2  0.1
 0.65 0.5  0.3  0.9  0.7  0.9  0.3  0.95 0.4  0.75 0.3  0.9  0.5  0.55
 0.2  0.65 0.55 0.7  0.7  0.65 0.95 0.6  0.1  0.35 0.65 0.95 0.95 0.85
 0.7  0.45]
,[0.125      0.66666667 0.75       0.46575342 0.57894737 0.44444444
 0.57627119 0.73170732 0.68421053 0.82926829 0.36842105 0.74285714
 0.63414634 0.59459459 0.30769231 0.47058824 0.71111111 0.52631579
 0.57777778 0.35714286 0.57142857 0.6875     0.60606061 0.14285714
 0.46666667 0.68571429 0.86363636 0.71428571 0.66666667 0.56521739
 0.71428571 0.55       0.53333333 0.65116279 0.46153846 0.73170732
 0.46153846 0.18181818 0.18181818 0.47272727 0.78947368 0.08333333
 0.56521739 0.44444444 0.56410256 0.56666667 0.62068966 0.51282051
 0.66666667 0.73913043 0.73684211 0.71428571 0.75       0.7027027
 0.53571429 0.45714286 0.53125    0.92307692 0.52631579 0.52941176
 0.54166667 0.78787879 0.74418605 0.33333333 0.32608696 0.3030303
 0.10810811 0.44444444 0.28571429 0.18181818 0.68421053 0.57142857
 0.375      0.92307692 0.54901961 0.81818182 0.27906977 0.67857143
 0.4        0.63829787 0.42857143 0.87804878 0.60606061 0.56410256
 0.2962963  0.68421053 0.64705882 0.8        0.45901639 0.68421053
 0.97435897 0.5106383  0.1025641  0.5        0.72222222 0.76
 0.9047619  0.75555556 0.8        0.5625    ]
