mACC, mP, mR, mF1, ACC, P, R, F1
0.5485,0.6011084102054576,0.5485,0.5403120709855416
,[ 1 17 14 14 10  8 12 14 14 19  2  7 12  9  8  5 13 19 13  5 15 14  9  3
 11  9 19 10 18 14 18  9  4 17  4 14 12  0  8 13 10  2 10  9 16 15  6 17
  5 13 10 11 11 12  6  9 15 16 16  9  7 13 17  1 12  7  0  5  8  5 17 11
  8 17  8 19  1 17  6 13 14 18 10 11  8 16 13 17 13  9 18  6  2  8 14 16
 17 19 13  8]
,[0.1        0.5        0.82352941 0.51851852 0.90909091 0.44444444
 0.75       0.7        0.53846154 0.76       0.66666667 0.4375
 0.85714286 0.39130435 0.23529412 0.13513514 0.76470588 0.475
 0.44827586 0.55555556 0.78947368 0.31818182 0.9        0.13636364
 0.73333333 0.6        0.79166667 1.         0.41860465 0.60869565
 0.5625     0.6        0.26666667 0.85       0.57142857 0.7
 0.48       0.         0.72727273 0.5        0.76923077 0.66666667
 0.58823529 0.5625     0.47058824 0.51724138 1.         0.53125
 0.5        0.68421053 0.90909091 0.78571429 0.84615385 0.92307692
 0.6        0.5        0.375      0.8        0.47058824 0.75
 0.33333333 0.86666667 0.77272727 0.05555556 0.44444444 0.10294118
 0.         0.38461538 0.33333333 1.         0.80952381 0.61111111
 0.53333333 0.94444444 1.         0.46341463 0.5        0.53125
 0.3        0.61904762 0.875      0.94736842 0.66666667 0.61111111
 0.61538462 0.34042553 1.         0.80952381 0.8125     1.
 0.94736842 0.42857143 0.22222222 0.25       0.82352941 0.8
 0.62962963 0.37254902 0.65       0.88888889]
,[0.05 0.85 0.7  0.7  0.5  0.4  0.6  0.7  0.7  0.95 0.1  0.35 0.6  0.45
 0.4  0.25 0.65 0.95 0.65 0.25 0.75 0.7  0.45 0.15 0.55 0.45 0.95 0.5
 0.9  0.7  0.9  0.45 0.2  0.85 0.2  0.7  0.6  0.   0.4  0.65 0.5  0.1
 0.5  0.45 0.8  0.75 0.3  0.85 0.25 0.65 0.5  0.55 0.55 0.6  0.3  0.45
 0.75 0.8  0.8  0.45 0.35 0.65 0.85 0.05 0.6  0.35 0.   0.25 0.4  0.25
 0.85 0.55 0.4  0.85 0.4  0.95 0.05 0.85 0.3  0.65 0.7  0.9  0.5  0.55
 0.4  0.8  0.65 0.85 0.65 0.45 0.9  0.3  0.1  0.4  0.7  0.8  0.85 0.95
 0.65 0.4 ]
,[0.06666667 0.62962963 0.75675676 0.59574468 0.64516129 0.42105263
 0.66666667 0.7        0.60869565 0.84444444 0.17391304 0.38888889
 0.70588235 0.41860465 0.2962963  0.1754386  0.7027027  0.63333333
 0.53061224 0.34482759 0.76923077 0.4375     0.6        0.14285714
 0.62857143 0.51428571 0.86363636 0.66666667 0.57142857 0.65116279
 0.69230769 0.51428571 0.22857143 0.85       0.2962963  0.7
 0.53333333 0.         0.51612903 0.56521739 0.60606061 0.17391304
 0.54054054 0.5        0.59259259 0.6122449  0.46153846 0.65384615
 0.33333333 0.66666667 0.64516129 0.64705882 0.66666667 0.72727273
 0.4        0.47368421 0.5        0.8        0.59259259 0.5625
 0.34146341 0.74285714 0.80952381 0.05263158 0.5106383  0.15909091
 0.         0.3030303  0.36363636 0.4        0.82926829 0.57894737
 0.45714286 0.89473684 0.57142857 0.62295082 0.09090909 0.65384615
 0.3        0.63414634 0.77777778 0.92307692 0.57142857 0.57894737
 0.48484848 0.47761194 0.78787879 0.82926829 0.72222222 0.62068966
 0.92307692 0.35294118 0.13793103 0.30769231 0.75675676 0.8
 0.72340426 0.53521127 0.65       0.55172414]
