mACC, mP, mR, mF1, ACC, P, R, F1
0.4115,0.45404319425973144,0.4115,0.38271323944921015
,[ 5  9  4 13  2  0  7  5  1 16  4  0 13  2  0  0  9 18  7  6  6 16  1  5
 10  9 19 15 11 11  1  9  3  1  5 14 11  1  4 15  5  1  6  5  8 15  6 13
  1 12  6 15  8 12  5 14  9 17 10 14  4 15 15  1 10  1  2  1  1  1 16 10
  8 19  8 16  0  2  1 18  4 19  7  5  3  3 12 17 15 14 14 10 11  4 14 12
 12 17 11  0]
,[0.10638298 0.75       0.8        0.34210526 0.4        0.
 0.29166667 0.71428571 0.5        0.88888889 0.33333333 0.
 0.43333333 0.4        0.         0.         0.47368421 0.42857143
 0.58333333 0.75       0.5        0.3902439  0.2        0.27777778
 0.625      0.2195122  0.54285714 0.41666667 0.5        0.64705882
 1.         0.40909091 0.075      0.07142857 0.17241379 0.875
 0.64705882 0.1        0.57142857 0.31914894 0.83333333 0.5
 0.5        0.41666667 0.5        0.33333333 0.85714286 0.52
 0.2        0.34285714 0.75       0.65217391 0.53333333 0.54545455
 0.41666667 0.34146341 0.25714286 0.56666667 0.35714286 0.35897436
 0.16       0.83333333 0.75       0.2        0.33333333 1.
 0.18181818 0.09090909 0.5        0.16666667 0.59259259 1.
 0.5        0.44186047 0.2962963  0.88888889 0.         0.0952381
 0.0625     0.34615385 0.57142857 0.7037037  0.53846154 1.
 0.6        0.125      0.42857143 0.77272727 0.26315789 0.42424242
 0.875      0.35714286 0.15492958 0.4        0.73684211 0.70588235
 0.92307692 0.34693878 0.5        0.        ]
,[0.25 0.45 0.2  0.65 0.1  0.   0.35 0.25 0.05 0.8  0.2  0.   0.65 0.1
 0.   0.   0.45 0.9  0.35 0.3  0.3  0.8  0.05 0.25 0.5  0.45 0.95 0.75
 0.55 0.55 0.05 0.45 0.15 0.05 0.25 0.7  0.55 0.05 0.2  0.75 0.25 0.05
 0.3  0.25 0.4  0.75 0.3  0.65 0.05 0.6  0.3  0.75 0.4  0.6  0.25 0.7
 0.45 0.85 0.5  0.7  0.2  0.75 0.75 0.05 0.5  0.05 0.1  0.05 0.05 0.05
 0.8  0.5  0.4  0.95 0.4  0.8  0.   0.1  0.05 0.9  0.2  0.95 0.35 0.25
 0.15 0.15 0.6  0.85 0.75 0.7  0.7  0.5  0.55 0.2  0.7  0.6  0.6  0.85
 0.55 0.  ]
,[0.14925373 0.5625     0.32       0.44827586 0.16       0.
 0.31818182 0.37037037 0.09090909 0.84210526 0.25       0.
 0.52       0.16       0.         0.         0.46153846 0.58064516
 0.4375     0.42857143 0.375      0.52459016 0.08       0.26315789
 0.55555556 0.29508197 0.69090909 0.53571429 0.52380952 0.59459459
 0.0952381  0.42857143 0.1        0.05882353 0.20408163 0.77777778
 0.59459459 0.06666667 0.2962963  0.44776119 0.38461538 0.09090909
 0.375      0.3125     0.44444444 0.46153846 0.44444444 0.57777778
 0.08       0.43636364 0.42857143 0.69767442 0.45714286 0.57142857
 0.3125     0.45901639 0.32727273 0.68       0.41666667 0.47457627
 0.17777778 0.78947368 0.75       0.08       0.4        0.0952381
 0.12903226 0.06451613 0.09090909 0.07692308 0.68085106 0.66666667
 0.44444444 0.6031746  0.34042553 0.84210526 0.         0.09756098
 0.05555556 0.5        0.2962963  0.80851064 0.42424242 0.4
 0.24       0.13636364 0.5        0.80952381 0.38961039 0.52830189
 0.77777778 0.41666667 0.24175824 0.26666667 0.71794872 0.64864865
 0.72727273 0.49275362 0.52380952 0.        ]
