mACC, mP, mR, mF1, ACC, P, R, F1
0.502,0.5172583796352933,0.502,0.47813579830383757
,[ 5 14 11  0 15  1  4 15  8 17  9  8 13 16  0 12 13 13  8  7 15 16 10  2
  7 15 17 15  7  7 18  3 10 19 16 18  6  0 12 11  0 14 15 11 11 18  6  0
 14 17 16 15 12  3 11  1  4 20  4  9  0 18 16  2 11  5  0  8  8  1 15 13
  3 15 13 18  2 15  0 16 14 20 17 11  7  6  7  0 11 10 19 16  1  8  7  4
 16 17 11  9]
,[0.23809524 0.58333333 0.47826087 0.         0.3        0.14285714
 0.36363636 0.71428571 0.72727273 0.89473684 0.16981132 0.28571429
 0.86666667 0.37209302 0.         0.375      0.61904762 0.56521739
 0.5        0.36842105 0.57692308 0.55172414 0.76923077 0.2
 0.77777778 0.32608696 0.80952381 0.75       0.21212121 0.28
 0.75       0.11538462 0.58823529 0.95       0.5        0.9
 0.85714286 0.         0.63157895 0.57894737 0.         0.42424242
 0.40540541 0.31428571 0.64705882 0.40909091 0.6        0.
 0.51851852 0.5862069  0.8        0.48387097 0.75       0.27272727
 0.42307692 0.2        0.8        0.60606061 0.10526316 0.9
 0.         0.66666667 0.94117647 0.33333333 0.47826087 0.18518519
 0.         0.42105263 0.47058824 1.         0.88235294 0.72222222
 0.5        0.9375     0.26530612 0.75       0.08       0.6
 0.         0.84210526 0.53846154 0.90909091 0.43589744 0.40740741
 0.53846154 0.85714286 1.         0.         0.57894737 1.
 0.86363636 0.51612903 0.16666667 0.66666667 0.58333333 0.66666667
 0.84210526 0.5483871  0.84615385 0.75      ]
,[0.25 0.7  0.55 0.   0.75 0.05 0.2  0.75 0.4  0.85 0.45 0.4  0.65 0.8
 0.   0.6  0.65 0.65 0.4  0.35 0.75 0.8  0.5  0.1  0.35 0.75 0.85 0.75
 0.35 0.35 0.9  0.15 0.5  0.95 0.8  0.9  0.3  0.   0.6  0.55 0.   0.7
 0.75 0.55 0.55 0.9  0.3  0.   0.7  0.85 0.8  0.75 0.6  0.15 0.55 0.05
 0.2  1.   0.2  0.45 0.   0.9  0.8  0.1  0.55 0.25 0.   0.4  0.4  0.05
 0.75 0.65 0.15 0.75 0.65 0.9  0.1  0.75 0.   0.8  0.7  1.   0.85 0.55
 0.35 0.3  0.35 0.   0.55 0.5  0.95 0.8  0.05 0.4  0.35 0.2  0.8  0.85
 0.55 0.45]
,[0.24390244 0.63636364 0.51162791 0.         0.42857143 0.07407407
 0.25806452 0.73170732 0.51612903 0.87179487 0.24657534 0.33333333
 0.74285714 0.50793651 0.         0.46153846 0.63414634 0.60465116
 0.44444444 0.35897436 0.65217391 0.65306122 0.60606061 0.13333333
 0.48275862 0.45454545 0.82926829 0.75       0.26415094 0.31111111
 0.81818182 0.13043478 0.54054054 0.95       0.61538462 0.9
 0.44444444 0.         0.61538462 0.56410256 0.         0.52830189
 0.52631579 0.4        0.59459459 0.5625     0.4        0.
 0.59574468 0.69387755 0.8        0.58823529 0.66666667 0.19354839
 0.47826087 0.08       0.32       0.75471698 0.13793103 0.6
 0.         0.76595745 0.86486486 0.15384615 0.51162791 0.21276596
 0.         0.41025641 0.43243243 0.0952381  0.81081081 0.68421053
 0.23076923 0.83333333 0.37681159 0.81818182 0.08888889 0.66666667
 0.         0.82051282 0.60869565 0.95238095 0.57627119 0.46808511
 0.42424242 0.44444444 0.51851852 0.         0.56410256 0.66666667
 0.9047619  0.62745098 0.07692308 0.5        0.4375     0.30769231
 0.82051282 0.66666667 0.66666667 0.5625    ]
