mACC, mP, mR, mF1, ACC, P, R, F1
0.5925,0.6278047878070947,0.5925,0.5770837968460732
,[ 4 12 13 15 12  8 14 12 14 17  6  9 12 18  7  0 15 17 14  3 15 18  9  5
 11 20 18 12 14 15 13  5 10  5 13 18  8  1 15 13 18 13 14 11  9 19 10 14
 12 18 18 18 15 10  9 17 13 20 14  9 10 16 15  2 12  5  0  9  2  7 16 12
  7 19 11 17  8  5  6 13 16 19 18 13  8 11 12 15 12 16 20  1  3 11  8 19
 13 17 12  8]
,[0.2        0.92307692 0.72222222 0.68181818 0.70588235 0.53333333
 0.60869565 0.75       0.82352941 0.85       0.66666667 0.5
 0.6        0.48648649 0.18918919 0.         0.71428571 0.51515152
 0.35       0.375      0.65217391 0.62068966 0.81818182 0.625
 0.6875     0.66666667 0.5        1.         0.77777778 0.55555556
 0.8125     0.71428571 0.52631579 0.33333333 0.41935484 0.7826087
 0.88888889 1.         0.625      0.68421053 0.45       0.59090909
 0.5        0.2244898  0.5625     0.475      0.625      0.63636364
 0.75       0.6        0.66666667 0.35294118 0.55555556 0.66666667
 0.52941176 0.29824561 0.68421053 0.76923077 0.7        0.69230769
 0.625      0.76190476 1.         0.66666667 0.48       0.5
 0.         0.9        0.66666667 0.4375     0.94117647 0.8
 0.7        0.73076923 0.6875     0.94444444 0.5        0.5
 0.42857143 0.72222222 0.32653061 0.76       0.75       0.8125
 0.34782609 0.91666667 0.66666667 0.78947368 0.6        0.59259259
 0.90909091 0.25       0.6        0.47826087 0.8        1.
 0.86666667 0.62962963 0.75       0.72727273]
,[0.2  0.6  0.65 0.75 0.6  0.4  0.7  0.6  0.7  0.85 0.3  0.45 0.6  0.9
 0.35 0.   0.75 0.85 0.7  0.15 0.75 0.9  0.45 0.25 0.55 1.   0.9  0.6
 0.7  0.75 0.65 0.25 0.5  0.25 0.65 0.9  0.4  0.05 0.75 0.65 0.9  0.65
 0.7  0.55 0.45 0.95 0.5  0.7  0.6  0.9  0.9  0.9  0.75 0.5  0.45 0.85
 0.65 1.   0.7  0.45 0.5  0.8  0.75 0.1  0.6  0.25 0.   0.45 0.1  0.35
 0.8  0.6  0.35 0.95 0.55 0.85 0.4  0.25 0.3  0.65 0.8  0.95 0.9  0.65
 0.4  0.55 0.6  0.75 0.6  0.8  1.   0.05 0.15 0.55 0.4  0.95 0.65 0.85
 0.6  0.4 ]
,[0.2        0.72727273 0.68421053 0.71428571 0.64864865 0.45714286
 0.65116279 0.66666667 0.75675676 0.85       0.4137931  0.47368421
 0.6        0.63157895 0.24561404 0.         0.73170732 0.64150943
 0.46666667 0.21428571 0.69767442 0.73469388 0.58064516 0.35714286
 0.61111111 0.8        0.64285714 0.75       0.73684211 0.63829787
 0.72222222 0.37037037 0.51282051 0.28571429 0.50980392 0.8372093
 0.55172414 0.0952381  0.68181818 0.66666667 0.6        0.61904762
 0.58333333 0.31884058 0.5        0.63333333 0.55555556 0.66666667
 0.66666667 0.72       0.76595745 0.50704225 0.63829787 0.57142857
 0.48648649 0.44155844 0.66666667 0.86956522 0.7        0.54545455
 0.55555556 0.7804878  0.85714286 0.17391304 0.53333333 0.33333333
 0.         0.6        0.17391304 0.38888889 0.86486486 0.68571429
 0.46666667 0.82608696 0.61111111 0.89473684 0.44444444 0.33333333
 0.35294118 0.68421053 0.46376812 0.84444444 0.81818182 0.72222222
 0.37209302 0.6875     0.63157895 0.76923077 0.6        0.68085106
 0.95238095 0.08333333 0.24       0.51162791 0.53333333 0.97435897
 0.74285714 0.72340426 0.66666667 0.51612903]
