mACC, mP, mR, mF1, ACC, P, R, F1
0.6099735799207398,0.6365909687914266,0.5675179266719853,0.5642158277309501
,[ 17  15  24   1  26  11   1  39   6   3  48  43  12  13  25  13  10  12
  19  11  16   3   6  18   8   0   0  13  11   0   9   4  13  16  12  20
  14  10   0  24  17   4  14  14   1  23  16  12   3  13  16  14   2  20
  13   1  18  10   0   9  15  16  17  23  16  15  13  19   0   0  11   9
  12   0   8  14  17  10   7  17  14  14   0   9   0  14  13  14   7  40
  16  40  20  20   0  43  14  17   7  17  25   3  20  14  46  15   8   7
  22  15  12   9  20  19   6  15  14  14   1  15  17   7  22  16   0   2
  22  12  36  14  15  34  26  16   0  15  23  33   1  13  19  17  16   8
 159   0  29  26   0  13  22  17  12  12   9   0  21  19  18   0  18   4
   7  19   7  13   4  26  10   0   2  20   3  14   4  12  11  19  15  14
  17  23   5  15   0  15  12  13  20  17   0   0  26  20   0  17   6  13
  14   4  16   9   0  16  11   0  11  16   1  11   7  24  15  20   0  17
   2  13   2  14  17   0   3  20   5  12  26   7   5  19  22  67   2   2
  16   0  16  16   8  38  10   9   6   7   0  16  11  13   8  20 157  24
  50  14  19   0]
,[0.94444444 0.83333333 0.77419355 0.03571429 0.83870968 0.55
 0.03846154 0.66101695 0.66666667 0.42857143 0.85714286 0.81132075
 0.42857143 0.86666667 0.73529412 0.72222222 0.83333333 0.85714286
 0.67857143 0.78571429 0.43243243 0.375      0.75       0.62068966
 0.32       0.         0.         0.68421053 0.52380952 0.
 0.9        1.         0.72222222 0.94117647 0.31578947 0.64516129
 0.77777778 0.90909091 0.         0.88888889 0.41463415 1.
 0.77777778 0.875      0.5        0.76666667 0.84210526 0.75
 0.6        0.76470588 0.59259259 0.53846154 1.         0.86956522
 0.43333333 1.         0.7826087  0.66666667 0.         0.40909091
 0.28846154 0.94117647 0.94444444 0.65714286 0.84210526 0.9375
 0.92857143 0.79166667 0.         0.         0.47826087 0.9
 1.         0.         0.53333333 1.         0.94444444 0.83333333
 0.33333333 0.34       0.7        0.4516129  0.         1.
 0.         1.         0.92857143 0.93333333 0.30434783 0.74074074
 1.         0.83333333 0.74074074 0.86956522 0.         0.33858268
 0.60869565 0.80952381 1.         0.89473684 0.5952381  1.
 0.86956522 0.73684211 0.46       0.51724138 1.         0.09333333
 0.78571429 1.         0.92307692 1.         0.86956522 0.95
 0.85714286 0.83333333 0.73684211 0.875      0.0625     0.78947368
 0.85       0.63636364 1.         0.84210526 0.         0.22222222
 0.62857143 0.63157895 0.97297297 0.875      0.9375     0.73913043
 0.66666667 0.88888889 0.         0.75       0.85185185 0.11418685
 1.         0.61904762 0.9047619  0.39534884 0.84210526 0.33333333
 0.71621622 0.         0.31521739 0.68421053 0.         0.76470588
 0.88       0.80952381 0.92307692 0.8        0.5625     0.
 0.80769231 0.95       0.25       0.         0.72       0.8
 0.5        0.73076923 1.         0.86666667 0.15384615 0.43333333
 0.76923077 0.         0.2        0.58823529 0.5        1.
 1.         0.75       0.57894737 0.95       0.6        0.24561404
 0.89473684 1.         1.         0.1171875  0.         1.
 0.57142857 0.76470588 0.83333333 0.70833333 0.         0.
 0.86666667 0.83333333 0.         0.94444444 0.6        0.92857143
 0.60869565 0.8        0.94117647 0.64285714 0.         0.94117647
 0.52380952 0.         0.91666667 1.         0.5        0.91666667
 0.875      0.77419355 0.78947368 0.95238095 0.         0.89473684
 1.         0.86666667 0.16666667 0.93333333 0.89473684 0.
 0.75       0.51282051 0.625      0.25531915 0.78787879 0.22580645
 0.625      0.76       0.44       0.66336634 0.66666667 0.66666667
 0.88888889 0.         0.61538462 0.94117647 0.88888889 0.71698113
 0.55555556 0.6        0.66666667 0.77777778 0.         0.69565217
 0.57894737 0.76470588 0.36363636 0.95238095 0.88202247 0.72727273
 0.87719298 1.         0.40425532 0.        ]
,[0.85       0.75       0.77419355 0.03846154 0.86666667 0.61111111
 0.04545455 0.82978723 0.28571429 0.15789474 0.85714286 0.97727273
 0.6        0.72222222 1.         0.68421053 0.47619048 0.57142857
 0.76       0.64705882 0.55172414 0.15       0.27272727 0.7826087
 0.34782609 0.         0.         0.59090909 0.52380952 0.
 0.5        0.19047619 0.61904762 0.8        0.66666667 0.90909091
 0.58333333 0.45454545 0.         0.96       0.94444444 0.22222222
 0.56       0.56       0.05882353 0.85185185 0.84210526 0.57142857
 0.13636364 0.65       0.69565217 0.82352941 0.11764706 0.83333333
 0.65       0.04761905 0.81818182 0.52631579 0.         0.5
 0.71428571 0.94117647 0.68       0.85185185 0.76190476 0.88235294
 0.76470588 0.86363636 0.         0.         0.55       0.375
 0.6        0.         0.47058824 0.82352941 0.89473684 0.55555556
 0.35       0.70833333 0.73684211 0.82352941 0.         0.52941176
 0.         0.875      0.68421053 0.7        0.31818182 0.93023256
 0.84210526 0.97560976 0.86956522 0.95238095 0.         0.75438596
 0.77777778 0.85       0.4375     0.89473684 0.89285714 0.16666667
 0.86956522 0.7        0.85185185 0.83333333 0.44444444 0.41176471
 0.6875     0.88235294 0.70588235 0.52941176 0.83333333 0.79166667
 0.33333333 0.68181818 0.56       0.63636364 0.05555556 0.57692308
 1.         0.33333333 0.95652174 0.84210526 0.         0.04081633
 0.84615385 0.57142857 0.94736842 0.73684211 0.78947368 0.89473684
 0.92857143 0.66666667 0.         0.78947368 0.71875    0.84615385
 0.05555556 0.72222222 0.79166667 0.77272727 0.61538462 0.47058824
 0.99375    0.         0.70731707 0.74285714 0.         0.56521739
 1.         0.70833333 0.63157895 0.57142857 0.47368421 0.
 1.         0.63333333 0.42857143 0.         0.85714286 0.21052632
 0.38888889 0.9047619  0.38888889 0.68421053 0.22222222 0.92857143
 0.52631579 0.         0.11764706 1.         0.13636364 0.82352941
 0.23529412 0.54545455 0.55       0.95       0.9375     0.66666667
 0.85       0.95833333 0.25       0.88235294 0.         0.88235294
 0.63157895 0.72222222 0.83333333 0.73913043 0.         0.
 0.74285714 0.86956522 0.         0.80952381 0.3        0.59090909
 0.66666667 0.2        0.94117647 0.45       0.         1.
 0.61111111 0.         0.47826087 0.72727273 0.04761905 0.47826087
 0.36842105 0.85714286 0.71428571 0.71428571 0.         0.85
 0.0952381  0.76470588 0.11764706 0.73684211 0.80952381 0.
 0.1875     0.90909091 0.27777778 0.6        0.86666667 0.36842105
 0.26315789 1.         0.95652174 0.93055556 0.1        0.08
 0.69565217 0.         0.88888889 0.8        0.47058824 0.92682927
 0.52631579 0.47368421 0.33333333 0.36842105 0.         0.76190476
 0.57894737 0.76470588 0.4        1.         0.98125    1.
 0.57471264 0.73684211 0.9047619  0.        ]
,[0.89473684 0.78947368 0.77419355 0.03703704 0.85245902 0.57894737
 0.04166667 0.73584906 0.4        0.23076923 0.85714286 0.88659794
 0.5        0.78787879 0.84745763 0.7027027  0.60606061 0.68571429
 0.71698113 0.70967742 0.48484848 0.21428571 0.4        0.69230769
 0.33333333 0.         0.         0.63414634 0.52380952 0.
 0.64285714 0.32       0.66666667 0.86486486 0.42857143 0.75471698
 0.66666667 0.60606061 0.         0.92307692 0.57627119 0.36363636
 0.65116279 0.68292683 0.10526316 0.80701754 0.84210526 0.64864865
 0.22222222 0.7027027  0.64       0.65116279 0.21052632 0.85106383
 0.52       0.09090909 0.8        0.58823529 0.         0.45
 0.4109589  0.94117647 0.79069767 0.74193548 0.8        0.90909091
 0.83870968 0.82608696 0.         0.         0.51162791 0.52941176
 0.75       0.         0.5        0.90322581 0.91891892 0.66666667
 0.34146341 0.45945946 0.71794872 0.58333333 0.         0.69230769
 0.         0.93333333 0.78787879 0.8        0.31111111 0.82474227
 0.91428571 0.8988764  0.8        0.90909091 0.         0.4673913
 0.68292683 0.82926829 0.60869565 0.89473684 0.71428571 0.28571429
 0.86956522 0.71794872 0.5974026  0.63829787 0.61538462 0.15217391
 0.73333333 0.9375     0.8        0.69230769 0.85106383 0.86363636
 0.48       0.75       0.63636364 0.73684211 0.05882353 0.66666667
 0.91891892 0.4375     0.97777778 0.84210526 0.         0.06896552
 0.72131148 0.6        0.96       0.8        0.85714286 0.80952381
 0.7761194  0.76190476 0.         0.76923077 0.77966102 0.20121951
 0.10526316 0.66666667 0.84444444 0.52307692 0.71111111 0.3902439
 0.83246073 0.         0.43609023 0.71232877 0.         0.65
 0.93617021 0.75555556 0.75       0.66666667 0.51428571 0.
 0.89361702 0.76       0.31578947 0.         0.7826087  0.33333333
 0.4375     0.80851064 0.56       0.76470588 0.18181818 0.59090909
 0.625      0.         0.14814815 0.74074074 0.21428571 0.90322581
 0.38095238 0.63157895 0.56410256 0.95       0.73170732 0.35897436
 0.87179487 0.9787234  0.4        0.20689655 0.         0.9375
 0.6        0.74285714 0.83333333 0.72340426 0.         0.
 0.8        0.85106383 0.         0.87179487 0.4        0.72222222
 0.63636364 0.32       0.94117647 0.52941176 0.         0.96969697
 0.56410256 0.         0.62857143 0.84210526 0.08695652 0.62857143
 0.51851852 0.81355932 0.75       0.81632653 0.         0.87179487
 0.17391304 0.8125     0.13793103 0.82352941 0.85       0.
 0.3        0.6557377  0.38461538 0.35820896 0.82539683 0.28
 0.37037037 0.86363636 0.60273973 0.77456647 0.17391304 0.14285714
 0.7804878  0.         0.72727273 0.86486486 0.61538462 0.80851064
 0.54054054 0.52941176 0.44444444 0.5        0.         0.72727273
 0.57894737 0.76470588 0.38095238 0.97560976 0.92899408 0.84210526
 0.69444444 0.84848485 0.55882353 0.        ]
