mACC, mP, mR, mF1, ACC, P, R, F1
0.7549537648612946,0.7768592528514212,0.7294272812305587,0.7345682053663852
,[ 16  17  24  18  27  14  15  31  10  13  55  39  16  16  22  14  14  14
  19  16  23  20  21  18   9  10  15  14  17   7  12  18  10  19  14  19
  19   9   8  21  17   5  18  22   6  22  14  10  19  16  19  13  16  19
  13  15  18  11   0   6  13  17  20  25  16  14  13  16   6   8  15  23
  16  13   9  11  18   9  15  12  11  12  13  15  19  13  13  11  17  42
  17  40  18  21  15  45  13  17  12  19  25   7  23  19  46   9  17   0
  26  14  15  14  19  21   7  19  15  18   9  20  12  12  22  17   6  22
  24  13  38  18  14  35  25  17   5  13  32  35  14  13  15  20  23   6
 160   5  31  29  14  19  22  19  16  15  10  11  19  22  11  12  20  11
   9  21   9  14  10  28  10  21  12  20   8  12  14  16  17  18  16  13
  19  23  16  16   5  16  18  12  21  18  19  16  23  18   2  16  11  19
  14   9  17  13   9  16  12  15  18  19   4  15   6  26  16  25  14  15
  21  14   4  15  21  17   7  20  17  12  24  16   6  19  17  66   6  18
  16  13  15  17  11  40  16  14  13  13  11  15  11  13   5  20 156  24
  76  14   0  16]
,[0.76190476 0.89473684 0.75       0.85714286 0.93103448 0.875
 0.83333333 0.91176471 0.76923077 0.68421053 0.87301587 0.95121951
 0.66666667 0.84210526 0.73333333 0.66666667 0.77777778 0.7
 0.76       1.         0.79310345 0.86956522 0.95454545 0.9
 1.         0.71428571 0.83333333 0.7        0.89473684 0.46666667
 0.75       1.         1.         0.9047619  0.63636364 0.63333333
 1.         1.         0.57142857 0.95454545 0.73913043 0.83333333
 0.81818182 0.84615385 0.85714286 0.95652174 0.7        0.83333333
 0.95       0.8        0.73076923 0.92857143 0.88888889 0.95
 0.86666667 0.51724138 1.         0.84615385 0.         1.
 0.23636364 0.94444444 0.76923077 1.         0.94117647 0.93333333
 0.92857143 0.88888889 0.66666667 0.57142857 0.75       0.58974359
 0.94117647 0.76470588 0.31034483 0.84615385 0.85714286 0.75
 0.65217391 0.92307692 0.61111111 0.57142857 0.8125     1.
 0.65517241 0.92857143 0.92857143 1.         0.77272727 0.72413793
 0.89473684 0.81632653 0.75       0.91304348 0.625      0.72580645
 1.         1.         0.92307692 0.86363636 0.5952381  1.
 0.85185185 0.57575758 0.58227848 0.81818182 0.85       0.
 0.96296296 1.         0.88235294 0.77777778 0.9047619  0.91304348
 1.         0.82608696 0.9375     0.64285714 0.81818182 0.71428571
 1.         0.35294118 0.95652174 1.         0.4        0.44
 0.61538462 0.48148148 1.         0.85714286 0.875      0.74468085
 0.86206897 0.80952381 0.71428571 1.         0.91428571 0.46052632
 0.77777778 0.92857143 0.78947368 0.5        0.6969697  0.85714286
 0.83769634 0.71428571 0.53448276 0.74358974 0.56       0.57575758
 1.         0.9047619  0.84210526 0.83333333 0.625      0.91666667
 0.9047619  0.95652174 0.33333333 1.         0.76923077 0.64705882
 0.34615385 0.84       0.9        0.875      0.66666667 0.8
 1.         0.7        0.57142857 0.90909091 0.32       0.92307692
 0.875      0.61538462 0.70833333 0.94736842 1.         0.40625
 0.73076923 0.95833333 0.76190476 0.8        0.45454545 0.88888889
 0.72       0.70588235 0.95454545 0.62068966 0.41304348 0.61538462
 0.67647059 0.58064516 0.5        0.84210526 0.73333333 0.73076923
 0.36842105 0.9        0.89473684 1.         0.81818182 0.94117647
 0.63157895 0.71428571 0.85714286 0.95       0.8        0.75
 0.85714286 0.92857143 0.94117647 0.89285714 0.93333333 0.9375
 0.80769231 0.77777778 0.57142857 0.57692308 0.80769231 0.77272727
 0.77777778 0.47619048 0.94444444 0.8        0.55813953 0.84210526
 0.4        0.86363636 0.62962963 0.78571429 0.5        0.7826087
 0.94117647 0.86666667 0.9375     0.80952381 0.91666667 0.81632653
 0.64       0.93333333 0.86666667 0.92857143 0.78571429 0.88235294
 0.73333333 0.76470588 0.55555556 0.95238095 0.82978723 0.57142857
 0.63333333 0.82352941 0.         0.76190476]
,[0.8        0.85       0.77419355 0.69230769 0.9        0.77777778
 0.68181818 0.65957447 0.47619048 0.68421053 0.98214286 0.88636364
 0.8        0.88888889 0.88       0.73684211 0.66666667 0.66666667
 0.76       0.94117647 0.79310345 1.         0.95454545 0.7826087
 0.39130435 0.45454545 0.75       0.63636364 0.80952381 0.33333333
 0.66666667 0.85714286 0.47619048 0.95       0.77777778 0.86363636
 0.79166667 0.40909091 0.47058824 0.84       0.94444444 0.27777778
 0.72       0.88       0.35294118 0.81481481 0.73684211 0.47619048
 0.86363636 0.8        0.82608696 0.76470588 0.94117647 0.79166667
 0.65       0.71428571 0.81818182 0.57894737 0.         0.33333333
 0.61904762 1.         0.8        0.92592593 0.76190476 0.82352941
 0.76470588 0.72727273 0.3        0.47058824 0.75       0.95833333
 0.8        0.56521739 0.52941176 0.64705882 0.94736842 0.5
 0.75       0.5        0.57894737 0.70588235 0.68421053 0.88235294
 0.82608696 0.8125     0.68421053 0.55       0.77272727 0.97674419
 0.89473684 0.97560976 0.7826087  1.         0.83333333 0.78947368
 0.72222222 0.85       0.75       1.         0.89285714 0.38888889
 1.         0.95       0.85185185 0.5        0.94444444 0.
 0.8125     0.82352941 0.88235294 0.82352941 0.79166667 0.875
 0.38888889 0.86363636 0.6        0.81818182 0.5        0.76923077
 0.70588235 0.57142857 0.95652174 0.89473684 0.28571429 0.44897959
 0.92307692 0.61904762 1.         0.94736842 0.73684211 0.92105263
 0.89285714 0.70833333 0.26315789 0.68421053 1.         0.8974359
 0.77777778 0.72222222 0.625      0.90909091 0.88461538 0.35294118
 1.         0.29411765 0.75609756 0.82857143 0.66666667 0.82608696
 1.         0.79166667 0.84210526 0.71428571 0.52631579 0.55
 0.9047619  0.73333333 0.26190476 0.70588235 0.95238095 0.57894737
 0.5        1.         0.5        0.73684211 0.55555556 1.
 0.52631579 1.         0.70588235 1.         0.36363636 0.70588235
 0.82352941 0.72727273 0.85       0.9        1.         0.61904762
 0.95       0.95833333 0.8        0.94117647 0.23809524 0.94117647
 0.94736842 0.66666667 0.875      0.7826087  0.82608696 0.69565217
 0.65714286 0.7826087  0.11111111 0.76190476 0.55       0.86363636
 0.66666667 0.45       1.         0.65       0.47368421 1.
 0.66666667 0.75       0.7826087  0.86363636 0.19047619 0.65217391
 0.31578947 0.92857143 0.76190476 0.89285714 0.82352941 0.75
 1.         0.82352941 0.23529412 0.78947368 1.         0.89473684
 0.4375     0.90909091 0.94444444 0.6        0.8        0.84210526
 0.31578947 1.         0.73913043 0.91666667 0.3        0.72
 0.69565217 0.65       0.83333333 0.85       0.64705882 0.97560976
 0.84210526 0.73684211 0.72222222 0.68421053 0.57894737 0.71428571
 0.57894737 0.76470588 0.25       1.         0.975      1.
 0.87356322 0.73684211 0.         0.72727273]
,[0.7804878  0.87179487 0.76190476 0.76595745 0.91525424 0.82352941
 0.75       0.7654321  0.58823529 0.68421053 0.92436975 0.91764706
 0.72727273 0.86486486 0.8        0.7        0.71794872 0.68292683
 0.76       0.96969697 0.79310345 0.93023256 0.95454545 0.8372093
 0.5625     0.55555556 0.78947368 0.66666667 0.85       0.38888889
 0.70588235 0.92307692 0.64516129 0.92682927 0.7        0.73076923
 0.88372093 0.58064516 0.51612903 0.89361702 0.82926829 0.41666667
 0.76595745 0.8627451  0.5        0.88       0.71794872 0.60606061
 0.9047619  0.8        0.7755102  0.83870968 0.91428571 0.86363636
 0.74285714 0.6        0.9        0.6875     0.         0.5
 0.34210526 0.97142857 0.78431373 0.96153846 0.84210526 0.875
 0.83870968 0.8        0.4137931  0.51612903 0.75       0.73015873
 0.86486486 0.65       0.39130435 0.73333333 0.9        0.6
 0.69767442 0.64864865 0.59459459 0.63157895 0.74285714 0.9375
 0.73076923 0.86666667 0.78787879 0.70967742 0.77272727 0.83168317
 0.89473684 0.88888889 0.76595745 0.95454545 0.71428571 0.75630252
 0.83870968 0.91891892 0.82758621 0.92682927 0.71428571 0.56
 0.92       0.71698113 0.69172932 0.62068966 0.89473684 0.
 0.88135593 0.90322581 0.88235294 0.8        0.84444444 0.89361702
 0.56       0.84444444 0.73170732 0.72       0.62068966 0.74074074
 0.82758621 0.43636364 0.95652174 0.94444444 0.33333333 0.44444444
 0.73846154 0.54166667 1.         0.9        0.8        0.82352941
 0.87719298 0.75555556 0.38461538 0.8125     0.95522388 0.60869565
 0.77777778 0.8125     0.69767442 0.64516129 0.77966102 0.5
 0.91168091 0.41666667 0.62626263 0.78378378 0.60869565 0.67857143
 1.         0.84444444 0.84210526 0.76923077 0.57142857 0.6875
 0.9047619  0.83018868 0.29333333 0.82758621 0.85106383 0.61111111
 0.40909091 0.91304348 0.64285714 0.8        0.60606061 0.88888889
 0.68965517 0.82352941 0.63157895 0.95238095 0.34042553 0.8
 0.84848485 0.66666667 0.77272727 0.92307692 1.         0.49056604
 0.82608696 0.95833333 0.7804878  0.86486486 0.3125     0.91428571
 0.81818182 0.68571429 0.91304348 0.69230769 0.55072464 0.65306122
 0.66666667 0.66666667 0.18181818 0.8        0.62857143 0.79166667
 0.47457627 0.6        0.94444444 0.78787879 0.6        0.96969697
 0.64864865 0.73170732 0.81818182 0.9047619  0.30769231 0.69767442
 0.46153846 0.92857143 0.84210526 0.89285714 0.875      0.83333333
 0.89361702 0.8        0.33333333 0.66666667 0.89361702 0.82926829
 0.56       0.625      0.94444444 0.68571429 0.65753425 0.84210526
 0.35294118 0.92682927 0.68       0.84615385 0.375      0.75
 0.8        0.74285714 0.88235294 0.82926829 0.75862069 0.88888889
 0.72727273 0.82352941 0.78787879 0.78787879 0.66666667 0.78947368
 0.64705882 0.76470588 0.34482759 0.97560976 0.89655172 0.72727273
 0.73429952 0.77777778 0.         0.74418605]
