mACC, mP, mR, mF1, ACC, P, R, F1
0.6857661822985469,0.7040136469404765,0.6520592688331961,0.6509735867321074
,[ 17  15  27  12  26   9   7  34  15  14  46  41  11  12  22  12  14  15
  19  16  25  16  18  17  14  11  17  16  17   0  11  13  12  13  10  19
  16  14   1  20  14   3  17  23   8  24   7  12  17  10  20   8  17  19
   9  14  15   6   1   2   8  14  21  25  18  10  13   7  11   7   9  22
  10   6   7  16  17   9   1   4  12  11   7  12  17  14  15  14  17  41
  16  38  19  20  12  36  14  17   5  18  27   5  20  17  40   8  17   7
  25  14  15  11  18  16   6  13  18  15   6  18  11  13  22  10   3  10
  25  13  38  16  12  25  27  16   1  12  30  30  11  15  19  18  23   7
 160   6  31  17   3  13  21  17  14  17   4   6  19  21  16  15  18  12
   1  21   8  16  12  26   6  15   8  19   3  13  11  12  12  18  15   8
  14  23  19  14   1  14  11   6  14  11  10  17  24  17   0  19   9  14
  11  12  16  12   8  16  10  17  14  15   5  14   5  25  14  27  13  14
  17  15   3  13  19   5   7   9  16  10  27  15   6  19  15  65   4  23
  19   1  17  18   9  37  10  13   8   9   3  13  10  11  14  20 153  24
  87  17  13  17]
,[0.80952381 0.51724138 0.79411765 0.52173913 0.78787879 0.45
 0.58333333 0.60714286 0.44117647 0.7        0.92       0.89130435
 0.78571429 1.         0.64705882 0.70588235 0.42424242 0.71428571
 0.82608696 0.84210526 0.6097561  0.88888889 0.45       0.94444444
 0.34146341 0.52380952 0.68       0.28571429 0.89473684 0.
 0.6875     1.         0.54545455 1.         0.625      0.79166667
 0.76190476 0.82352941 0.5        0.95238095 0.875      1.
 0.5483871  0.60526316 0.38095238 0.92307692 0.77777778 0.92307692
 0.85       0.90909091 0.66666667 0.88888889 0.85       0.67857143
 0.81818182 0.60869565 0.57692308 0.54545455 0.11111111 1.
 0.53333333 0.77777778 0.875      0.86206897 0.52941176 1.
 1.         0.77777778 0.61111111 0.46666667 0.9        0.88
 0.66666667 0.33333333 0.46666667 0.8        0.77272727 0.9
 0.5        0.4        0.70588235 0.73333333 0.875      0.92307692
 0.43589744 0.875      0.88235294 0.77777778 0.70833333 0.82
 0.61538462 0.88372093 0.9047619  1.         1.         0.50704225
 0.48275862 0.62962963 0.625      0.75       0.50943396 0.71428571
 1.         0.53125    0.45977011 0.66666667 1.         0.36842105
 0.71428571 1.         0.75       0.78571429 1.         1.
 0.85714286 0.92857143 0.9        0.75       0.85714286 0.85714286
 0.78571429 0.325      0.95652174 0.83333333 0.15789474 0.5
 0.78125    0.76470588 1.         0.53333333 0.92307692 0.92592593
 0.46551724 0.88888889 0.5        0.92307692 0.81081081 0.44776119
 0.73333333 0.68181818 0.67857143 0.62068966 0.56097561 0.53846154
 0.83769634 0.33333333 0.45588235 0.73913043 0.1875     0.86666667
 0.7        0.80952381 1.         0.65384615 0.4        0.42857143
 0.7037037  0.75       0.36363636 0.57692308 0.66666667 0.57142857
 0.5        0.77777778 0.57142857 0.94117647 0.46153846 0.83870968
 1.         0.65217391 0.44444444 0.9047619  0.375      0.86666667
 1.         0.92307692 0.8        0.9        0.83333333 0.4
 0.58333333 0.92       0.63333333 0.7        0.5        1.
 0.91666667 0.75       1.         0.91666667 0.41666667 0.5862069
 0.96       0.60714286 0.         0.54285714 0.69230769 0.875
 0.61111111 0.66666667 0.94117647 0.85714286 0.61538462 0.94117647
 0.625      0.51515152 0.77777778 0.68181818 0.26315789 0.7
 0.55555556 0.65789474 0.77777778 0.9        0.92857143 0.73684211
 0.70833333 0.9375     0.27272727 0.86666667 0.73076923 0.5
 0.875      0.47368421 0.94117647 0.625      0.6        0.75
 0.85714286 0.95       0.5        0.73033708 0.4        0.40350877
 0.9047619  0.33333333 0.89473684 0.72       0.9        0.94871795
 0.71428571 0.92857143 0.8        1.         0.27272727 0.26530612
 0.76923077 0.91666667 0.34146341 0.95238095 0.91616766 0.85714286
 0.89690722 0.24637681 0.48148148 0.47222222]
,[0.85       0.75       0.87096774 0.46153846 0.86666667 0.5
 0.31818182 0.72340426 0.71428571 0.73684211 0.82142857 0.93181818
 0.55       0.66666667 0.88       0.63157895 0.66666667 0.71428571
 0.76       0.94117647 0.86206897 0.8        0.81818182 0.73913043
 0.60869565 0.5        0.85       0.72727273 0.80952381 0.
 0.61111111 0.61904762 0.57142857 0.65       0.55555556 0.86363636
 0.66666667 0.63636364 0.05882353 0.8        0.77777778 0.16666667
 0.68       0.92       0.47058824 0.88888889 0.36842105 0.57142857
 0.77272727 0.5        0.86956522 0.47058824 1.         0.79166667
 0.45       0.66666667 0.68181818 0.31578947 0.05882353 0.11111111
 0.38095238 0.82352941 0.84       0.92592593 0.85714286 0.58823529
 0.76470588 0.31818182 0.55       0.41176471 0.45       0.91666667
 0.5        0.26086957 0.41176471 0.94117647 0.89473684 0.5
 0.05       0.16666667 0.63157895 0.64705882 0.36842105 0.70588235
 0.73913043 0.875      0.78947368 0.7        0.77272727 0.95348837
 0.84210526 0.92682927 0.82608696 0.95238095 0.66666667 0.63157895
 0.77777778 0.85       0.3125     0.94736842 0.96428571 0.27777778
 0.86956522 0.85       0.74074074 0.44444444 0.94444444 0.41176471
 0.78125    0.82352941 0.88235294 0.64705882 0.75       0.66666667
 0.33333333 0.59090909 0.72       0.68181818 0.33333333 0.69230769
 0.64705882 0.61904762 0.95652174 0.52631579 0.14285714 0.20408163
 0.96153846 0.61904762 1.         0.84210526 0.63157895 0.65789474
 0.96428571 0.66666667 0.05263158 0.63157895 0.9375     0.76923077
 0.61111111 0.83333333 0.79166667 0.81818182 0.88461538 0.41176471
 1.         0.35294118 0.75609756 0.48571429 0.14285714 0.56521739
 0.95454545 0.70833333 0.73684211 0.80952381 0.21052632 0.3
 0.9047619  0.7        0.38095238 0.88235294 0.85714286 0.63157895
 0.05555556 1.         0.44444444 0.84210526 0.66666667 0.92857143
 0.31578947 0.71428571 0.47058824 0.95       0.13636364 0.76470588
 0.64705882 0.54545455 0.6        0.9        0.9375     0.38095238
 0.7        0.95833333 0.95       0.82352941 0.04761905 0.82352941
 0.57894737 0.33333333 0.58333333 0.47826087 0.43478261 0.73913043
 0.68571429 0.73913043 0.         0.9047619  0.45       0.63636364
 0.52380952 0.6        0.94117647 0.6        0.42105263 1.
 0.55555556 0.85       0.60869565 0.68181818 0.23809524 0.60869565
 0.26315789 0.89285714 0.66666667 0.96428571 0.76470588 0.7
 0.80952381 0.88235294 0.17647059 0.68421053 0.9047619  0.26315789
 0.4375     0.40909091 0.88888889 0.5        0.9        0.78947368
 0.31578947 1.         0.65217391 0.90277778 0.2        0.92
 0.82608696 0.05       0.94444444 0.9        0.52941176 0.90243902
 0.52631579 0.68421053 0.44444444 0.47368421 0.15789474 0.61904762
 0.52631579 0.64705882 0.7        1.         0.95625    1.
 1.         0.89473684 0.61904762 0.77272727]
,[0.82926829 0.6122449  0.83076923 0.48979592 0.82539683 0.47368421
 0.41176471 0.66019417 0.54545455 0.71794872 0.86792453 0.91111111
 0.64705882 0.8        0.74576271 0.66666667 0.51851852 0.71428571
 0.79166667 0.88888889 0.71428571 0.84210526 0.58064516 0.82926829
 0.4375     0.51162791 0.75555556 0.41025641 0.85       0.
 0.64705882 0.76470588 0.55813953 0.78787879 0.58823529 0.82608696
 0.71111111 0.71794872 0.10526316 0.86956522 0.82352941 0.28571429
 0.60714286 0.73015873 0.42105263 0.90566038 0.5        0.70588235
 0.80952381 0.64516129 0.75471698 0.61538462 0.91891892 0.73076923
 0.58064516 0.63636364 0.625      0.4        0.07692308 0.2
 0.44444444 0.8        0.85714286 0.89285714 0.65454545 0.74074074
 0.86666667 0.4516129  0.57894737 0.4375     0.6        0.89795918
 0.57142857 0.29268293 0.4375     0.86486486 0.82926829 0.64285714
 0.09090909 0.23529412 0.66666667 0.6875     0.51851852 0.8
 0.5483871  0.875      0.83333333 0.73684211 0.73913043 0.88172043
 0.71111111 0.9047619  0.86363636 0.97560976 0.8        0.5625
 0.59574468 0.72340426 0.41666667 0.8372093  0.66666667 0.4
 0.93023256 0.65384615 0.56737589 0.53333333 0.97142857 0.38888889
 0.74626866 0.90322581 0.81081081 0.70967742 0.85714286 0.8
 0.48       0.72222222 0.8        0.71428571 0.48       0.76595745
 0.70967742 0.42622951 0.95652174 0.64516129 0.15       0.28985507
 0.86206897 0.68421053 1.         0.65306122 0.75       0.76923077
 0.62790698 0.76190476 0.0952381  0.75       0.86956522 0.56603774
 0.66666667 0.75       0.73076923 0.70588235 0.68656716 0.46666667
 0.91168091 0.34285714 0.56880734 0.5862069  0.16216216 0.68421053
 0.80769231 0.75555556 0.84848485 0.72340426 0.27586207 0.35294118
 0.79166667 0.72413793 0.37209302 0.69767442 0.75       0.6
 0.1        0.875      0.5        0.88888889 0.54545455 0.88135593
 0.48       0.68181818 0.45714286 0.92682927 0.2        0.8125
 0.78571429 0.68571429 0.68571429 0.9        0.88235294 0.3902439
 0.63636364 0.93877551 0.76       0.75675676 0.08695652 0.90322581
 0.70967742 0.46153846 0.73684211 0.62857143 0.42553191 0.65384615
 0.8        0.66666667 0.         0.67857143 0.54545455 0.73684211
 0.56410256 0.63157895 0.94117647 0.70588235 0.5        0.96969697
 0.58823529 0.64150943 0.68292683 0.68181818 0.25       0.65116279
 0.35714286 0.75757576 0.71794872 0.93103448 0.83870968 0.71794872
 0.75555556 0.90909091 0.21428571 0.76470588 0.80851064 0.34482759
 0.58333333 0.43902439 0.91428571 0.55555556 0.72       0.76923077
 0.46153846 0.97435897 0.56603774 0.80745342 0.26666667 0.56097561
 0.86363636 0.08695652 0.91891892 0.8        0.66666667 0.925
 0.60606061 0.78787879 0.57142857 0.64285714 0.2        0.37142857
 0.625      0.75862069 0.45901639 0.97560976 0.93577982 0.92307692
 0.94565217 0.38636364 0.54166667 0.5862069 ]
