mACC, mP, mR, mF1, ACC, P, R, F1
0.5473910171730515,0.523175807736882,0.48436290268520116,0.46591349377269176
,[  7  16  25   3  27   0   1  38   4   9  51  38   0   5   6   5  11  15
  17   6  21  16   4   8   5   0   0   2   5   0   7   9  11  19   3  15
   9   1   0  24   3   6  15  15   0  25   7  13   6  12  15   7   5  14
   8   1  11   6   0   7   0  17  21  23  16  11  11  13   0   0   0  23
   3   0   6   0  17   8   7   0  14  13   1   2   1  13  14  14  13  41
  14  38  18  19   0  44  13  16  10  18  26   0  19   9  47   8  17   5
  16  12  12   3  20  19   0  21   3   5   0  18  13   0  23  11   0  16
  24  11  38  15  13  38  22  15   3   8  27  26   5   4   9  14  21   4
 160   0  29  20   1   8  19  11  15  17   4   0   8  19  16   0  15   5
   8  18   0  16   0  25  11   0   0  20   4  13   0   7   6  17  16   2
   7  22   5   0   0  14   6   6  16  18   0   2  25  14   0  20  12   9
   4   6  17   8   2  16   9   9  19   6   1  13   4  25  12  25   1  18
   9  12   1  14  21   3   0  14   8   0  22   3   1  19   9  67   8  15
  19   0  13  13   9  40  11   4   6   1   0  13   7   4   4  19 158  24
  87  14  17  14]
,[0.5        0.84210526 0.67567568 0.05769231 0.38028169 0.
 0.5        0.51351351 0.57142857 0.5625     0.59302326 0.80851064
 0.         1.         0.6        0.83333333 0.2972973  0.53571429
 0.89473684 0.75       0.41176471 0.37209302 1.         0.4
 0.18518519 0.         0.         0.66666667 0.27777778 0.
 0.7        0.9        0.35483871 0.95       0.1875     0.78947368
 0.81818182 0.2        0.         0.82758621 1.         0.46153846
 0.83333333 0.51724138 0.         0.71428571 0.77777778 0.76470588
 0.42857143 0.52173913 0.55555556 0.77777778 0.5        0.875
 0.61538462 1.         0.44       1.         0.         0.77777778
 0.         0.70833333 0.67741935 0.63888889 0.55172414 0.84615385
 0.91666667 0.68421053 0.         0.         0.         0.76666667
 0.6        0.         0.66666667 0.         0.73913043 0.53333333
 0.36842105 0.         0.56       0.33333333 0.09090909 0.28571429
 0.33333333 1.         0.93333333 0.77777778 0.38235294 0.43157895
 0.93333333 0.5        0.7826087  1.         0.         0.41121495
 0.68421053 0.88888889 0.76923077 0.51428571 0.3880597  0.
 0.9047619  0.39130435 0.36153846 0.57142857 0.89473684 0.35714286
 0.27118644 1.         0.85714286 0.75       0.83333333 0.79166667
 0.         0.875      0.33333333 0.45454545 0.         0.48648649
 0.68421053 0.         0.71875    0.55       0.         0.27118644
 0.34782609 0.78571429 0.7755102  0.5        0.65       0.5
 0.59459459 0.9375     0.5        1.         0.71052632 0.24761905
 0.5        0.5        0.3        0.66666667 0.65625    0.22222222
 0.64516129 0.         0.53703704 0.43478261 0.5        1.
 0.95       0.91666667 0.3        0.5        0.5        0.
 0.66666667 0.65517241 0.32       0.         0.83333333 0.41666667
 0.22857143 0.81818182 0.         0.57142857 0.         0.46296296
 0.64705882 0.         0.         0.90909091 0.21052632 0.65
 0.         0.7        0.42857143 1.         0.44444444 0.22222222
 0.77777778 0.78571429 0.38461538 0.         0.         0.63636364
 0.6        0.46153846 0.61538462 0.72       0.         0.0952381
 0.5952381  0.60869565 0.         0.83333333 0.54545455 0.9
 0.28571429 0.85714286 0.80952381 0.61538462 0.15384615 0.76190476
 0.3        0.5        0.55882353 0.66666667 0.07692308 0.86666667
 1.         0.36764706 1.         0.5952381  1.         0.9
 0.64285714 0.8        0.5        0.875      0.67741935 0.06122449
 0.         0.63636364 0.57142857 0.         0.55       0.75
 0.16666667 0.82608696 0.9        0.72043011 0.09756098 0.25862069
 0.76       0.         0.65       0.76470588 0.75       0.37735849
 0.52380952 0.66666667 0.75       0.33333333 0.         0.56521739
 0.63636364 0.8        0.36363636 0.9047619  0.73831776 0.72727273
 0.82857143 0.53846154 0.48571429 0.42424242]
,[0.35       0.8        0.80645161 0.11538462 0.9        0.
 0.04545455 0.80851064 0.19047619 0.47368421 0.91071429 0.86363636
 0.         0.27777778 0.24       0.26315789 0.52380952 0.71428571
 0.68       0.35294118 0.72413793 0.8        0.18181818 0.34782609
 0.2173913  0.         0.         0.09090909 0.23809524 0.
 0.38888889 0.42857143 0.52380952 0.95       0.16666667 0.68181818
 0.375      0.04545455 0.         0.96       0.16666667 0.33333333
 0.6        0.6        0.         0.92592593 0.36842105 0.61904762
 0.27272727 0.6        0.65217391 0.41176471 0.29411765 0.58333333
 0.4        0.04761905 0.5        0.31578947 0.         0.38888889
 0.         1.         0.84       0.85185185 0.76190476 0.64705882
 0.64705882 0.59090909 0.         0.         0.         0.95833333
 0.15       0.         0.35294118 0.         0.89473684 0.44444444
 0.35       0.         0.73684211 0.76470588 0.05263158 0.11764706
 0.04347826 0.8125     0.73684211 0.7        0.59090909 0.95348837
 0.73684211 0.92682927 0.7826087  0.9047619  0.         0.77192982
 0.72222222 0.8        0.625      0.94736842 0.92857143 0.
 0.82608696 0.45       0.87037037 0.44444444 0.94444444 0.29411765
 0.5        0.70588235 0.70588235 0.17647059 0.83333333 0.79166667
 0.         0.95454545 0.12       0.22727273 0.         0.69230769
 0.76470588 0.         1.         0.57894737 0.         0.32653061
 0.92307692 0.52380952 1.         0.78947368 0.68421053 1.
 0.78571429 0.625      0.15789474 0.42105263 0.84375    0.66666667
 0.27777778 0.22222222 0.375      0.63636364 0.80769231 0.23529412
 1.         0.         0.70731707 0.57142857 0.04761905 0.34782609
 0.86363636 0.45833333 0.78947368 0.80952381 0.21052632 0.
 0.38095238 0.63333333 0.38095238 0.         0.71428571 0.26315789
 0.44444444 0.85714286 0.         0.84210526 0.         0.89285714
 0.57894737 0.         0.         1.         0.18181818 0.76470588
 0.         0.31818182 0.3        0.85       1.         0.0952381
 0.35       0.91666667 0.25       0.         0.         0.82352941
 0.31578947 0.33333333 0.66666667 0.7826087  0.         0.08695652
 0.71428571 0.60869565 0.         0.95238095 0.6        0.40909091
 0.19047619 0.3        1.         0.4        0.10526316 1.
 0.5        0.45       0.82608696 0.27272727 0.04761905 0.56521739
 0.21052632 0.89285714 0.57142857 0.89285714 0.05882353 0.9
 0.42857143 0.70588235 0.05882353 0.73684211 1.         0.15789474
 0.         0.63636364 0.44444444 0.         0.73333333 0.15789474
 0.05263158 1.         0.39130435 0.93055556 0.4        0.6
 0.82608696 0.         0.72222222 0.65       0.52941176 0.97560976
 0.57894737 0.21052632 0.33333333 0.05263158 0.         0.61904762
 0.36842105 0.23529412 0.2        0.95       0.9875     1.
 1.         0.73684211 0.80952381 0.63636364]
,[0.41176471 0.82051282 0.73529412 0.07692308 0.53465347 0.
 0.08333333 0.62809917 0.28571429 0.51428571 0.71830986 0.83516484
 0.         0.43478261 0.34285714 0.4        0.37931034 0.6122449
 0.77272727 0.48       0.525      0.50793651 0.30769231 0.37209302
 0.2        0.         0.         0.16       0.25641026 0.
 0.5        0.58064516 0.42307692 0.95       0.17647059 0.73170732
 0.51428571 0.07407407 0.         0.88888889 0.28571429 0.38709677
 0.69767442 0.55555556 0.         0.80645161 0.5        0.68421053
 0.33333333 0.55813953 0.6        0.53846154 0.37037037 0.7
 0.48484848 0.09090909 0.46808511 0.48       0.         0.51851852
 0.         0.82926829 0.75       0.73015873 0.64       0.73333333
 0.75862069 0.63414634 0.         0.         0.         0.85185185
 0.24       0.         0.46153846 0.         0.80952381 0.48484848
 0.35897436 0.         0.63636364 0.46428571 0.06666667 0.16666667
 0.07692308 0.89655172 0.82352941 0.73684211 0.46428571 0.5942029
 0.82352941 0.64957265 0.7826087  0.95       0.         0.53658537
 0.7027027  0.84210526 0.68965517 0.66666667 0.54736842 0.
 0.86363636 0.41860465 0.51086957 0.5        0.91891892 0.32258065
 0.35164835 0.82758621 0.77419355 0.28571429 0.83333333 0.79166667
 0.         0.91304348 0.17647059 0.3030303  0.         0.57142857
 0.72222222 0.         0.83636364 0.56410256 0.         0.2962963
 0.50526316 0.62857143 0.87356322 0.6122449  0.66666667 0.66666667
 0.67692308 0.75       0.24       0.59259259 0.77142857 0.36111111
 0.35714286 0.30769231 0.33333333 0.65116279 0.72413793 0.22857143
 0.78431373 0.         0.61052632 0.49382716 0.08695652 0.51612903
 0.9047619  0.61111111 0.43478261 0.61818182 0.2962963  0.
 0.48484848 0.6440678  0.34782609 0.         0.76923077 0.32258065
 0.30188679 0.8372093  0.         0.68085106 0.         0.6097561
 0.61111111 0.         0.         0.95238095 0.19512195 0.7027027
 0.         0.4375     0.35294118 0.91891892 0.61538462 0.13333333
 0.48275862 0.84615385 0.3030303  0.         0.         0.71794872
 0.4137931  0.38709677 0.64       0.75       0.         0.09090909
 0.64935065 0.60869565 0.         0.88888889 0.57142857 0.5625
 0.22857143 0.44444444 0.89473684 0.48484848 0.125      0.86486486
 0.375      0.47368421 0.66666667 0.38709677 0.05882353 0.68421053
 0.34782609 0.52083333 0.72727273 0.71428571 0.11111111 0.9
 0.51428571 0.75       0.10526316 0.8        0.80769231 0.08823529
 0.         0.63636364 0.5        0.         0.62857143 0.26086957
 0.08       0.9047619  0.54545455 0.81212121 0.15686275 0.36144578
 0.79166667 0.         0.68421053 0.7027027  0.62068966 0.54421769
 0.55       0.32       0.46153846 0.09090909 0.         0.59090909
 0.46666667 0.36363636 0.25806452 0.92682927 0.84491979 0.84210526
 0.90625    0.62222222 0.60714286 0.50909091]
