mACC, mP, mR, mF1, ACC, P, R, F1
0.7095442536327609,0.7341835296531456,0.678197507293783,0.682194399086518
,[ 17  16  26  12  26  10   6  34  12  11  52  42  14  14  23  12  14  14
  17  14  23   9  15  20  12   9  18  14  17   9   9  12   9  20  12  22
  21  14   0  21  12   5  17  19   8  25  15   9  20  14  20  16  16  13
  10  15  21   3   0   2  16  17  19  19  18  14  15  13   0   4  12  22
  15  10   9  16  17  14   9  13  13  11  12  16  15  13  15  12  13  39
  18  38  19  19  11  43  14  16   8  16  22   1  22  18  50  10  17   7
  18  14  10  12  18  20   9  17  16  14   1  13  17   8  23  15   3  13
  25  12  37  19  14  37  26  16   5  14  28  33  13  15  14  16  15   6
 159   5  31  22  14  19  20  20  13  19   3   5  19  27  23  14  17  11
   0  16  10  15   5  26  10  16  11  20   2  12  11  16  16  18  16   3
  16  23  16  15   1  15  14   8  20  12   0  14  26  15   3  20  10  14
  11   9  17  13   6  16   9  13  18   5  12  18   7  25  14  26  11  17
  21  12   4  11  20  15   4  16  17  11  25  17   7  18  19  67   2  23
  20  16  17  16  10  31  14  14   8  14   8  15  11  12  11  20 159  24
  74  15  16  12]
,[0.77272727 0.61538462 0.83870968 0.63157895 0.92857143 1.
 0.66666667 0.82926829 0.92307692 0.73333333 0.85245902 0.76363636
 0.73684211 1.         0.63888889 0.85714286 0.33333333 0.82352941
 1.         0.93333333 0.67647059 0.9        0.88235294 0.625
 0.4        0.75       0.62068966 0.82352941 0.65384615 0.40909091
 0.75       1.         0.9        0.90909091 0.57142857 0.53658537
 0.75       0.875      0.         0.875      0.63157895 0.625
 0.48571429 0.67857143 0.88888889 0.86206897 0.57692308 0.69230769
 0.83333333 0.875      0.60606061 0.59259259 0.84210526 1.
 1.         0.68181818 0.875      0.5        0.         0.25
 0.5        0.77272727 0.82608696 1.         0.85714286 0.875
 0.9375     0.76470588 0.         0.66666667 0.8        0.91666667
 0.68181818 0.32258065 0.42857143 0.88888889 0.89473684 0.7
 0.81818182 0.37142857 0.72222222 0.57894737 0.85714286 0.88888889
 0.88235294 1.         0.65217391 0.75       0.52       0.79591837
 0.81818182 0.86363636 0.86363636 1.         1.         0.5375
 0.875      1.         0.8        0.88888889 0.75862069 1.
 0.91666667 0.33962264 0.625      0.83333333 0.94444444 0.25925926
 0.94736842 1.         0.83333333 1.         0.9        0.95238095
 0.69230769 0.85       0.64       0.82352941 0.33333333 0.92857143
 0.80952381 0.5        0.95833333 1.         0.13043478 0.40625
 0.6097561  0.63157895 0.94871795 0.95       0.875      0.80434783
 0.72222222 0.84210526 1.         0.73684211 0.84848485 0.33
 0.86666667 0.9375     1.         0.84210526 0.83333333 0.42857143
 0.8030303  0.45454545 0.62       0.62857143 0.31111111 0.82608696
 0.90909091 0.8        0.86666667 0.82608696 0.375      0.71428571
 0.82608696 0.87096774 0.2987013  0.77777778 0.68       0.61111111
 0.         0.72727273 0.83333333 0.68181818 0.45454545 0.44827586
 0.83333333 0.84210526 0.6875     0.95238095 0.5        1.
 1.         0.76190476 0.88888889 1.         0.64       0.25
 0.84210526 0.95833333 0.66666667 0.68181818 0.125      0.9375
 0.82352941 0.61538462 0.64516129 0.85714286 0.         0.875
 0.96296296 0.83333333 0.21428571 1.         0.83333333 0.77777778
 0.91666667 0.69230769 1.         0.86666667 1.         0.88888889
 0.69230769 0.59090909 0.81818182 0.83333333 0.35294118 0.43902439
 1.         0.86206897 1.         0.89655172 1.         0.80952381
 0.875      1.         0.66666667 0.84615385 0.68965517 0.41666667
 0.36363636 0.5        0.5862069  0.91666667 0.67567568 0.68
 1.         1.         0.46341463 0.81707317 0.15384615 0.31081081
 0.83333333 0.57142857 0.85       0.88888889 0.83333333 1.
 0.66666667 1.         0.8        0.82352941 0.66666667 0.65217391
 0.84615385 0.92307692 0.42307692 0.95238095 0.73271889 0.82758621
 0.63793103 0.75       0.44444444 0.66666667]
,[0.85       0.8        0.83870968 0.46153846 0.86666667 0.55555556
 0.27272727 0.72340426 0.57142857 0.57894737 0.92857143 0.95454545
 0.7        0.77777778 0.92       0.63157895 0.66666667 0.66666667
 0.68       0.82352941 0.79310345 0.45       0.68181818 0.86956522
 0.52173913 0.40909091 0.9        0.63636364 0.80952381 0.42857143
 0.5        0.57142857 0.42857143 1.         0.66666667 1.
 0.875      0.63636364 0.         0.84       0.66666667 0.27777778
 0.68       0.76       0.47058824 0.92592593 0.78947368 0.42857143
 0.90909091 0.7        0.86956522 0.94117647 0.94117647 0.54166667
 0.5        0.71428571 0.95454545 0.15789474 0.         0.11111111
 0.76190476 1.         0.76       0.7037037  0.85714286 0.82352941
 0.88235294 0.59090909 0.         0.23529412 0.6        0.91666667
 0.75       0.43478261 0.52941176 0.94117647 0.89473684 0.77777778
 0.45       0.54166667 0.68421053 0.64705882 0.63157895 0.94117647
 0.65217391 0.8125     0.78947368 0.6        0.59090909 0.90697674
 0.94736842 0.92682927 0.82608696 0.9047619  0.61111111 0.75438596
 0.77777778 0.8        0.5        0.84210526 0.78571429 0.05555556
 0.95652174 0.9        0.92592593 0.55555556 0.94444444 0.41176471
 0.5625     0.82352941 0.58823529 0.70588235 0.75       0.83333333
 0.5        0.77272727 0.64       0.63636364 0.05555556 0.5
 1.         0.38095238 1.         0.78947368 0.14285714 0.26530612
 0.96153846 0.57142857 0.97368421 1.         0.73684211 0.97368421
 0.92857143 0.66666667 0.26315789 0.73684211 0.875      0.84615385
 0.72222222 0.83333333 0.58333333 0.72727273 0.57692308 0.35294118
 0.99375    0.29411765 0.75609756 0.62857143 0.66666667 0.82608696
 0.90909091 0.83333333 0.68421053 0.9047619  0.15789474 0.25
 0.9047619  0.9        0.54761905 0.82352941 0.80952381 0.57894737
 0.         0.76190476 0.55555556 0.78947368 0.27777778 0.92857143
 0.52631579 0.76190476 0.64705882 1.         0.09090909 0.70588235
 0.64705882 0.72727273 0.8        0.9        1.         0.14285714
 0.8        0.95833333 0.8        0.88235294 0.04761905 0.88235294
 0.73684211 0.44444444 0.83333333 0.52173913 0.         0.60869565
 0.74285714 0.65217391 0.16666667 0.95238095 0.5        0.63636364
 0.52380952 0.45       1.         0.65       0.31578947 1.
 0.5        0.65       0.7826087  0.22727273 0.57142857 0.7826087
 0.36842105 0.89285714 0.66666667 0.92857143 0.64705882 0.85
 1.         0.70588235 0.23529412 0.57894737 0.95238095 0.78947368
 0.25       0.72727273 0.94444444 0.55       0.83333333 0.89473684
 0.36842105 0.94736842 0.82608696 0.93055556 0.1        0.92
 0.86956522 0.8        0.94444444 0.8        0.58823529 0.75609756
 0.73684211 0.73684211 0.44444444 0.73684211 0.42105263 0.71428571
 0.57894737 0.70588235 0.55       1.         0.99375    1.
 0.85057471 0.78947368 0.76190476 0.54545455]
,[0.80952381 0.69565217 0.83870968 0.53333333 0.89655172 0.71428571
 0.38709677 0.77272727 0.70588235 0.64705882 0.88888889 0.84848485
 0.71794872 0.875      0.75409836 0.72727273 0.44444444 0.73684211
 0.80952381 0.875      0.73015873 0.6        0.76923077 0.72727273
 0.45283019 0.52941176 0.73469388 0.71794872 0.72340426 0.41860465
 0.6        0.72727273 0.58064516 0.95238095 0.61538462 0.6984127
 0.80769231 0.73684211 0.         0.85714286 0.64864865 0.38461538
 0.56666667 0.71698113 0.61538462 0.89285714 0.66666667 0.52941176
 0.86956522 0.77777778 0.71428571 0.72727273 0.88888889 0.7027027
 0.66666667 0.69767442 0.91304348 0.24       0.         0.15384615
 0.60377358 0.87179487 0.79166667 0.82608696 0.85714286 0.84848485
 0.90909091 0.66666667 0.         0.34782609 0.68571429 0.91666667
 0.71428571 0.37037037 0.47368421 0.91428571 0.89473684 0.73684211
 0.58064516 0.44067797 0.7027027  0.61111111 0.72727273 0.91428571
 0.75       0.89655172 0.71428571 0.66666667 0.55319149 0.84782609
 0.87804878 0.89411765 0.84444444 0.95       0.75862069 0.62773723
 0.82352941 0.88888889 0.61538462 0.86486486 0.77192982 0.10526316
 0.93617021 0.49315068 0.74626866 0.66666667 0.94444444 0.31818182
 0.70588235 0.90322581 0.68965517 0.82758621 0.81818182 0.88888889
 0.58064516 0.80952381 0.64       0.71794872 0.0952381  0.65
 0.89473684 0.43243243 0.9787234  0.88235294 0.13636364 0.32098765
 0.74626866 0.6        0.96103896 0.97435897 0.8        0.88095238
 0.8125     0.74418605 0.41666667 0.73684211 0.86153846 0.47482014
 0.78787879 0.88235294 0.73684211 0.7804878  0.68181818 0.38709677
 0.88826816 0.35714286 0.68131868 0.62857143 0.42424242 0.82608696
 0.90909091 0.81632653 0.76470588 0.86363636 0.22222222 0.37037037
 0.86363636 0.8852459  0.38655462 0.8        0.73913043 0.59459459
 0.         0.74418605 0.66666667 0.73170732 0.34482759 0.60465116
 0.64516129 0.8        0.66666667 0.97560976 0.15384615 0.82758621
 0.78571429 0.74418605 0.84210526 0.94736842 0.7804878  0.18181818
 0.82051282 0.95833333 0.72727273 0.76923077 0.06896552 0.90909091
 0.77777778 0.51612903 0.72727273 0.64864865 0.         0.71794872
 0.83870968 0.73170732 0.1875     0.97560976 0.625      0.7
 0.66666667 0.54545455 1.         0.74285714 0.48       0.94117647
 0.58064516 0.61904762 0.8        0.35714286 0.43636364 0.5625
 0.53846154 0.87719298 0.8        0.9122807  0.78571429 0.82926829
 0.93333333 0.82758621 0.34782609 0.6875     0.8        0.54545455
 0.2962963  0.59259259 0.72340426 0.6875     0.74626866 0.77272727
 0.53846154 0.97297297 0.59375    0.87012987 0.12121212 0.46464646
 0.85106383 0.66666667 0.89473684 0.84210526 0.68965517 0.86111111
 0.7        0.84848485 0.57142857 0.77777778 0.51612903 0.68181818
 0.6875     0.8        0.47826087 0.97560976 0.84350133 0.90566038
 0.72906404 0.76923077 0.56140351 0.6       ]
