mACC, mP, mR, mF1, ACC, P, R, F1
0.7501651254953765,0.7611091003433366,0.7243483621993868,0.7241684022111727
,[ 17  15  23  14  27   8  11  33  14  15  51  42  12  11  24  16   9  16
  20  17  25  17  15  18  14  13  17  18  18   8  12  20  12  19  15  20
  20  12   9  22  17  10  17  22  11  23  12   9  19  19  15  11  16  21
  13  12  22  10   1   9  14  17  21  24  17  13  10  16  14   5  12  23
  16  15   5  15  18  12   9   7  12  13   6  15  13   9  13  12  17  38
  18  39  19  20  14  47  15  17   9  15  24  12  23  18  32  14  13   0
  28  14  12  14  18  21   7  21  18  16  10  19  16  12  23  16   2  23
  24  11  38  16  13  35  27  18   6   9  30  29  12  14  16  17  24   6
 160   6  24  29  11  15  17  17  16  19  11  12  19  24  28  16  19  12
   9  21   8  11   8  28  10  19  11  19   6  14  13  14  16  19  13  12
  19  24  19  16   7  17  14   7  20  19   5  17  24  18   3  20  12  16
   7  15  16  16   9  15  14  17  20  20  14  14   6  26  14  26  12  13
  21  11   6  15  21  11   7  18  16  15  21  16   6  19  13  63   9  18
  19   7  16  19  11  36  16  16  13  11  14  13  13  10   9  20 153  24
  87  14  16  20]
,[0.80952381 0.88235294 0.95833333 0.63636364 0.87096774 0.88888889
 0.78571429 0.825      0.73684211 0.83333333 0.92727273 0.77777778
 0.8        1.         0.68571429 0.64       0.5625     0.8
 0.8        0.80952381 0.86206897 0.77272727 0.78947368 0.75
 0.77777778 0.5        0.65384615 0.62068966 0.9        0.53333333
 0.70588235 0.60606061 0.6        0.9047619  0.48387097 0.76923077
 0.64516129 0.75       0.75       0.95652174 0.60714286 0.625
 0.53125    0.88       0.6875     0.88461538 0.63157895 1.
 0.67857143 0.79166667 0.78947368 0.6875     0.72727273 0.84
 0.68421053 0.75       0.61111111 0.58823529 1.         0.9
 0.51851852 0.73913043 0.6        0.88888889 0.77272727 1.
 1.         0.66666667 0.73684211 0.55555556 0.85714286 0.71875
 0.88888889 0.55555556 0.5        0.71428571 0.9        0.92307692
 0.52941176 0.7        0.70588235 0.8125     1.         0.9375
 0.65       1.         0.92857143 1.         0.77272727 0.88372093
 0.7826087  0.92857143 0.82608696 0.90909091 0.63636364 0.57317073
 0.75       0.85       1.         0.9375     0.5106383  0.85714286
 0.67647059 0.75       0.72727273 0.51851852 0.8125     0.
 0.90322581 0.93333333 1.         0.82352941 0.94736842 0.91304348
 0.53846154 0.80769231 0.9        0.69565217 0.52631579 0.79166667
 1.         0.85714286 0.88461538 0.8        0.2        0.38983051
 0.72727273 0.91666667 1.         0.84210526 1.         0.7
 0.93103448 0.85714286 1.         0.75       0.85714286 0.6744186
 1.         1.         0.84210526 0.65384615 0.68571429 0.54545455
 0.94117647 0.66666667 0.77419355 0.52727273 0.91666667 0.46875
 0.89473684 0.89473684 1.         0.82608696 0.6875     0.85714286
 0.73076923 0.85714286 0.25       0.57142857 0.63333333 0.66666667
 0.5625     0.77777778 0.66666667 0.91666667 0.38095238 0.84848485
 0.76923077 0.9047619  0.61111111 0.95       0.54545455 1.
 0.86666667 0.875      0.66666667 0.65517241 0.86666667 0.42857143
 0.7037037  0.85714286 0.65517241 0.72727273 0.58333333 0.85
 0.73684211 0.53846154 0.83333333 0.76       0.625      0.5483871
 0.92307692 0.9        0.75       0.86956522 0.63157895 0.69565217
 0.875      0.55555556 0.8        0.64       0.69230769 0.88235294
 0.73684211 0.44736842 0.83333333 0.76923077 0.7        0.63636364
 0.66666667 0.96296296 1.         1.         0.75       0.86666667
 0.80769231 0.91666667 0.75       0.71428571 0.80769231 0.84615385
 0.77777778 0.58064516 0.64       0.78947368 0.91304348 0.59259259
 0.5        0.95       0.76470588 0.91304348 0.69230769 0.69230769
 0.9047619  0.77777778 0.84210526 0.86363636 0.6875     0.97297297
 0.66666667 0.84210526 0.61904762 0.78571429 0.82352941 1.
 0.61904762 1.         0.42857143 0.95238095 0.93865031 0.92307692
 0.8877551  0.63636364 0.48484848 0.42553191]
,[0.85       0.75       0.74193548 0.53846154 0.9        0.44444444
 0.5        0.70212766 0.66666667 0.78947368 0.91071429 0.95454545
 0.6        0.61111111 0.96       0.84210526 0.42857143 0.76190476
 0.8        1.         0.86206897 0.85       0.68181818 0.7826087
 0.60869565 0.59090909 0.85       0.81818182 0.85714286 0.38095238
 0.66666667 0.95238095 0.57142857 0.95       0.83333333 0.90909091
 0.83333333 0.54545455 0.52941176 0.88       0.94444444 0.55555556
 0.68       0.88       0.64705882 0.85185185 0.63157895 0.42857143
 0.86363636 0.95       0.65217391 0.64705882 0.94117647 0.875
 0.65       0.57142857 1.         0.52631579 0.05882353 0.5
 0.66666667 1.         0.84       0.88888889 0.80952381 0.76470588
 0.58823529 0.72727273 0.7        0.29411765 0.6        0.95833333
 0.8        0.65217391 0.29411765 0.88235294 0.94736842 0.66666667
 0.45       0.29166667 0.63157895 0.76470588 0.31578947 0.88235294
 0.56521739 0.5625     0.68421053 0.6        0.77272727 0.88372093
 0.94736842 0.95121951 0.82608696 0.95238095 0.77777778 0.8245614
 0.83333333 0.85       0.5625     0.78947368 0.85714286 0.66666667
 1.         0.9        0.59259259 0.77777778 0.72222222 0.
 0.875      0.82352941 0.70588235 0.82352941 0.75       0.875
 0.38888889 0.95454545 0.72       0.72727273 0.55555556 0.73076923
 0.94117647 0.57142857 1.         0.84210526 0.0952381  0.46938776
 0.92307692 0.52380952 1.         0.84210526 0.68421053 0.92105263
 0.96428571 0.75       0.31578947 0.47368421 0.9375     0.74358974
 0.66666667 0.77777778 0.66666667 0.77272727 0.92307692 0.35294118
 1.         0.35294118 0.58536585 0.82857143 0.52380952 0.65217391
 0.77272727 0.70833333 0.84210526 0.9047619  0.57894737 0.6
 0.9047619  0.8        0.66666667 0.94117647 0.9047619  0.63157895
 0.5        1.         0.44444444 0.57894737 0.44444444 1.
 0.52631579 0.9047619  0.64705882 0.95       0.27272727 0.82352941
 0.76470588 0.63636364 0.8        0.95       0.8125     0.57142857
 0.95       1.         0.95       0.94117647 0.33333333 1.
 0.73684211 0.38888889 0.83333333 0.82608696 0.2173913  0.73913043
 0.68571429 0.7826087  0.16666667 0.95238095 0.6        0.72727273
 0.33333333 0.75       0.94117647 0.8        0.47368421 0.9375
 0.77777778 0.85       0.86956522 0.90909091 0.66666667 0.60869565
 0.31578947 0.92857143 0.66666667 0.92857143 0.70588235 0.65
 1.         0.64705882 0.35294118 0.78947368 1.         0.57894737
 0.4375     0.81818182 0.88888889 0.75       0.7        0.84210526
 0.31578947 1.         0.56521739 0.875      0.45       0.72
 0.82608696 0.35       0.88888889 0.95       0.64705882 0.87804878
 0.84210526 0.84210526 0.72222222 0.57894737 0.73684211 0.61904762
 0.68421053 0.58823529 0.45       1.         0.95625    1.
 1.         0.73684211 0.76190476 0.90909091]
,[0.82926829 0.81081081 0.83636364 0.58333333 0.8852459  0.59259259
 0.61111111 0.75862069 0.7        0.81081081 0.91891892 0.85714286
 0.68571429 0.75862069 0.8        0.72727273 0.48648649 0.7804878
 0.8        0.89473684 0.86206897 0.80952381 0.73170732 0.76595745
 0.68292683 0.54166667 0.73913043 0.70588235 0.87804878 0.44444444
 0.68571429 0.74074074 0.58536585 0.92682927 0.6122449  0.83333333
 0.72727273 0.63157895 0.62068966 0.91666667 0.73913043 0.58823529
 0.59649123 0.88       0.66666667 0.86792453 0.63157895 0.6
 0.76       0.86363636 0.71428571 0.66666667 0.82051282 0.85714286
 0.66666667 0.64864865 0.75862069 0.55555556 0.11111111 0.64285714
 0.58333333 0.85       0.7        0.88888889 0.79069767 0.86666667
 0.74074074 0.69565217 0.71794872 0.38461538 0.70588235 0.82142857
 0.84210526 0.6        0.37037037 0.78947368 0.92307692 0.77419355
 0.48648649 0.41176471 0.66666667 0.78787879 0.48       0.90909091
 0.60465116 0.72       0.78787879 0.75       0.77272727 0.88372093
 0.85714286 0.93975904 0.82608696 0.93023256 0.7        0.67625899
 0.78947368 0.85       0.72       0.85714286 0.64       0.75
 0.80701754 0.81818182 0.65306122 0.62222222 0.76470588 0.
 0.88888889 0.875      0.82758621 0.82352941 0.8372093  0.89361702
 0.4516129  0.875      0.8        0.71111111 0.54054054 0.76
 0.96969697 0.68571429 0.93877551 0.82051282 0.12903226 0.42592593
 0.81355932 0.66666667 1.         0.84210526 0.8125     0.79545455
 0.94736842 0.8        0.48       0.58064516 0.89552239 0.70731707
 0.8        0.875      0.74418605 0.70833333 0.78688525 0.42857143
 0.96969697 0.46153846 0.66666667 0.64444444 0.66666667 0.54545455
 0.82926829 0.79069767 0.91428571 0.86363636 0.62857143 0.70588235
 0.80851064 0.82758621 0.36363636 0.71111111 0.74509804 0.64864865
 0.52941176 0.875      0.53333333 0.70967742 0.41025641 0.91803279
 0.625      0.9047619  0.62857143 0.95       0.36363636 0.90322581
 0.8125     0.73684211 0.72727273 0.7755102  0.83870968 0.48979592
 0.80851064 0.92307692 0.7755102  0.82051282 0.42424242 0.91891892
 0.73684211 0.4516129  0.83333333 0.79166667 0.32258065 0.62962963
 0.78688525 0.8372093  0.27272727 0.90909091 0.61538462 0.71111111
 0.48275862 0.63829787 0.86486486 0.71111111 0.5625     0.90909091
 0.75675676 0.5862069  0.85106383 0.83333333 0.68292683 0.62222222
 0.42857143 0.94545455 0.8        0.96296296 0.72727273 0.74285714
 0.89361702 0.75862069 0.48       0.75       0.89361702 0.6875
 0.56       0.67924528 0.74418605 0.76923077 0.79245283 0.69565217
 0.38709677 0.97435897 0.65       0.89361702 0.54545455 0.70588235
 0.86363636 0.48275862 0.86486486 0.9047619  0.66666667 0.92307692
 0.74418605 0.84210526 0.66666667 0.66666667 0.77777778 0.76470588
 0.65       0.74074074 0.43902439 0.97560976 0.94736842 0.96
 0.94054054 0.68292683 0.59259259 0.57971014]
