mACC, mP, mR, mF1, ACC, P, R, F1
0.584214002642008,0.5886761970264673,0.5393839460876726,0.5305408453706268
,[ 14  14  21  10  26   6   0  36   9  14  53  39  13  13  22  14   8  14
  21   7  20   8  12  18   2   0   6  11   6   0   9  14  11  18   8  15
  15  10   0  23  16   5  10  18   0  24  17  12   8  11  14  11   3   2
  12  16  20  11   0   6  10  17   2  22   7  14   7  15   0   7  10  21
  16   0   3  15  16   9  12  19  10  15   0   7  16  15  15  12  14  41
  16  38  14  20   0  42  11   0   5   4  25   0  21   6  48   5  15   7
  25  12   8   8  20  17   0  18  14  12   0  17  15  11  23  13   1   6
  21   4  38  14  14  28   6  15   0  18  31  30   0   9   5  13  23   9
 147   1  26   9   0  13  18  19   0  15   9   0  19  25  19   0  16   7
   7  17   5  17   2  28  10   0   3  20   6  13  11   2   9   8  13  12
   0  23  13  13   0  16  16   3  12  21   0   8  24  16   0  15   6  11
   9   8  16   6   1  16   9  16  16  18   8  15   7  25  18  26  10   0
  16  12   3  15  20   0   2  20   0   1  27   0   8  18  10  69   2  14
  16   0  12  13   8  37  13  12   6   4   0  12  11  10   4  20 155  24
  47  13  17   2]
,[0.875      0.875      0.77777778 0.28571429 0.8125     0.0952381
 0.         0.51428571 0.69230769 0.4        0.92982456 0.90697674
 0.52       0.86666667 0.73333333 0.73684211 0.8        0.7
 0.48837209 0.7        0.4        0.34782609 0.375      0.5625
 0.2        0.         0.75       0.73333333 0.4        0.
 0.9        1.         0.78571429 0.7826087  0.47058824 1.
 0.88235294 0.90909091 0.         0.79310345 0.37209302 0.71428571
 1.         0.85714286 0.         0.96       0.62962963 0.70588235
 1.         0.78571429 0.77777778 0.55       0.6        0.5
 0.48       0.8        0.83333333 0.84615385 0.         0.75
 0.25641026 0.62962963 0.33333333 0.64705882 1.         0.93333333
 0.77777778 0.68181818 0.         0.53846154 1.         0.875
 0.8        0.         0.6        0.83333333 0.94117647 0.64285714
 0.3        0.42222222 0.66666667 0.625      0.         0.875
 0.53333333 0.88235294 0.88235294 0.31578947 0.56       0.77358491
 0.72727273 0.79166667 1.         0.76923077 0.         0.39622642
 1.         0.         0.83333333 0.8        0.625      0.
 0.75       1.         0.51612903 0.33333333 0.9375     0.12962963
 0.5952381  1.         0.8        0.88888889 0.8        0.85
 0.         0.85714286 0.23728814 0.75       0.         0.70833333
 0.71428571 0.06832298 0.92       1.         0.03448276 0.26086957
 0.84       0.57142857 0.79166667 0.7        0.82352941 0.84848485
 1.         1.         0.         0.32727273 0.81578947 0.42857143
 0.         0.33333333 0.625      0.65       0.71875    0.42857143
 0.85964912 0.07692308 0.59090909 0.40909091 0.         0.39393939
 1.         1.         0.         0.55555556 0.34615385 0.
 0.73076923 0.71428571 0.18446602 0.         0.94117647 0.58333333
 0.33333333 0.94444444 0.33333333 0.5        0.66666667 0.54901961
 0.625      0.         0.17647059 0.31746032 0.46153846 0.8125
 0.91666667 1.         0.20454545 1.         0.8125     0.375
 0.         0.95833333 0.2826087  0.72222222 0.         0.76190476
 0.61538462 1.         0.85714286 0.6        0.         1.
 0.43636364 0.72727273 0.         0.65217391 0.5        0.84615385
 0.33333333 1.         0.94117647 0.75       0.09090909 0.76190476
 0.45       0.61538462 0.5        0.69230769 0.2962963  0.625
 0.53846154 0.83333333 0.94736842 0.86666667 0.38461538 0.
 0.76190476 0.70588235 0.5        0.75       0.8        0.
 1.         0.54054054 0.         0.33333333 0.45       0.
 0.42105263 1.         0.71428571 0.47586207 0.11764706 0.7
 0.94117647 0.         0.85714286 0.92857143 0.8        0.925
 0.86666667 0.92307692 1.         0.16       0.         0.85714286
 0.73333333 0.76923077 0.15384615 0.95238095 0.83333333 0.96
 0.85454545 0.68421053 0.24285714 0.5       ]
,[0.7        0.7        0.67741935 0.38461538 0.86666667 0.33333333
 0.         0.76595745 0.42857143 0.73684211 0.94642857 0.88636364
 0.65       0.72222222 0.88       0.73684211 0.38095238 0.66666667
 0.84       0.41176471 0.68965517 0.4        0.54545455 0.7826087
 0.08695652 0.         0.3        0.5        0.28571429 0.
 0.5        0.66666667 0.52380952 0.9        0.44444444 0.68181818
 0.625      0.45454545 0.         0.92       0.88888889 0.27777778
 0.4        0.72       0.         0.88888889 0.89473684 0.57142857
 0.36363636 0.55       0.60869565 0.64705882 0.17647059 0.08333333
 0.6        0.76190476 0.90909091 0.57894737 0.         0.33333333
 0.47619048 1.         0.08       0.81481481 0.33333333 0.82352941
 0.41176471 0.68181818 0.         0.41176471 0.5        0.875
 0.8        0.         0.17647059 0.88235294 0.84210526 0.5
 0.6        0.79166667 0.52631579 0.88235294 0.         0.41176471
 0.69565217 0.9375     0.78947368 0.6        0.63636364 0.95348837
 0.84210526 0.92682927 0.60869565 0.95238095 0.         0.73684211
 0.61111111 0.         0.3125     0.21052632 0.89285714 0.
 0.91304348 0.3        0.88888889 0.27777778 0.83333333 0.41176471
 0.78125    0.70588235 0.47058824 0.47058824 0.83333333 0.70833333
 0.         0.81818182 0.56       0.54545455 0.         0.65384615
 0.88235294 0.52380952 1.         0.68421053 0.04761905 0.12244898
 0.80769231 0.19047619 1.         0.73684211 0.73684211 0.73684211
 0.21428571 0.625      0.         0.94736842 0.96875    0.76923077
 0.         0.5        0.20833333 0.59090909 0.88461538 0.52941176
 0.91875    0.05882353 0.63414634 0.25714286 0.         0.56521739
 0.81818182 0.79166667 0.         0.71428571 0.47368421 0.
 0.9047619  0.83333333 0.45238095 0.         0.76190476 0.36842105
 0.38888889 0.80952381 0.27777778 0.89473684 0.11111111 1.
 0.52631579 0.         0.17647059 1.         0.27272727 0.76470588
 0.64705882 0.09090909 0.45       0.4        0.8125     0.57142857
 0.         0.95833333 0.65       0.76470588 0.         0.94117647
 0.84210526 0.16666667 0.5        0.91304348 0.         0.34782609
 0.68571429 0.69565217 0.         0.71428571 0.3        0.5
 0.42857143 0.4        0.94117647 0.3        0.05263158 1.
 0.5        0.8        0.69565217 0.81818182 0.38095238 0.65217391
 0.36842105 0.89285714 0.85714286 0.92857143 0.58823529 0.
 0.76190476 0.70588235 0.17647059 0.78947368 0.95238095 0.
 0.125      0.90909091 0.         0.05       0.9        0.
 0.42105263 0.94736842 0.43478261 0.95833333 0.1        0.56
 0.69565217 0.         0.66666667 0.65       0.47058824 0.90243902
 0.68421053 0.63157895 0.33333333 0.21052632 0.         0.57142857
 0.57894737 0.58823529 0.2        1.         0.96875    1.
 0.54022989 0.68421053 0.80952381 0.09090909]
,[0.77777778 0.77777778 0.72413793 0.32786885 0.83870968 0.14814815
 0.         0.61538462 0.52941176 0.51851852 0.9380531  0.89655172
 0.57777778 0.78787879 0.8        0.73684211 0.51612903 0.68292683
 0.61764706 0.51851852 0.50632911 0.37209302 0.44444444 0.65454545
 0.12121212 0.         0.42857143 0.59459459 0.33333333 0.
 0.64285714 0.8        0.62857143 0.8372093  0.45714286 0.81081081
 0.73170732 0.60606061 0.         0.85185185 0.52459016 0.4
 0.57142857 0.7826087  0.         0.92307692 0.73913043 0.63157895
 0.53333333 0.64705882 0.68292683 0.59459459 0.27272727 0.14285714
 0.53333333 0.7804878  0.86956522 0.6875     0.         0.46153846
 0.33333333 0.77272727 0.12903226 0.72131148 0.5        0.875
 0.53846154 0.68181818 0.         0.46666667 0.66666667 0.875
 0.8        0.         0.27272727 0.85714286 0.88888889 0.5625
 0.4        0.55072464 0.58823529 0.73170732 0.         0.56
 0.60377358 0.90909091 0.83333333 0.4137931  0.59574468 0.85416667
 0.7804878  0.85393258 0.75675676 0.85106383 0.         0.51533742
 0.75862069 0.         0.45454545 0.33333333 0.73529412 0.
 0.82352941 0.46153846 0.65306122 0.3030303  0.88235294 0.1971831
 0.67567568 0.82758621 0.59259259 0.61538462 0.81632653 0.77272727
 0.         0.8372093  0.33333333 0.63157895 0.         0.68
 0.78947368 0.12087912 0.95833333 0.8125     0.04       0.16666667
 0.82352941 0.28571429 0.88372093 0.71794872 0.77777778 0.78873239
 0.35294118 0.76923077 0.         0.48648649 0.88571429 0.55045872
 0.         0.4        0.3125     0.61904762 0.79310345 0.47368421
 0.88821752 0.06666667 0.61176471 0.31578947 0.         0.46428571
 0.9        0.88372093 0.         0.625      0.4        0.
 0.80851064 0.76923077 0.26206897 0.         0.84210526 0.4516129
 0.35897436 0.87179487 0.3030303  0.64150943 0.19047619 0.70886076
 0.57142857 0.         0.17647059 0.48192771 0.34285714 0.78787879
 0.75862069 0.16666667 0.28125    0.57142857 0.8125     0.45283019
 0.         0.95833333 0.39393939 0.74285714 0.         0.84210526
 0.71111111 0.28571429 0.63157895 0.72413793 0.         0.51612903
 0.53333333 0.71111111 0.         0.68181818 0.375      0.62857143
 0.375      0.57142857 0.94117647 0.42857143 0.06666667 0.86486486
 0.47368421 0.69565217 0.58181818 0.75       0.33333333 0.63829787
 0.4375     0.86206897 0.9        0.89655172 0.46511628 0.
 0.76190476 0.70588235 0.26086957 0.76923077 0.86956522 0.
 0.22222222 0.6779661  0.         0.08695652 0.6        0.
 0.42105263 0.97297297 0.54054054 0.6359447  0.10810811 0.62222222
 0.8        0.         0.75       0.76470588 0.59259259 0.91358025
 0.76470588 0.75       0.5        0.18181818 0.         0.68571429
 0.64705882 0.66666667 0.17391304 0.97560976 0.89595376 0.97959184
 0.66197183 0.68421053 0.37362637 0.15384615]
