mACC, mP, mR, mF1, ACC, P, R, F1
0.7613936591809776,0.7754596581696847,0.7303656869309696,0.7342199023264548
,[ 18  15  25  14  26  12   9  42  15  16  53  42  14  15  25  12  12  15
  19  16  27  18  21  18   5  11  16  17  18   5  12  14  14  18  11  17
  20  14   7  22  14   7  17  25   8  25  14  13  21  12  17   7  16  21
  13  14  19   8   5   8  10  17  22  21  19  13  13  11   4   9  13  23
  20   5   5  16  17  11   8  13  15  10  15  16  15  16  17  17  11  41
  16  39  18  21  14  46  15  16   6  18  27  14  21  17  49   7  16   6
  26  15  13   8  21  23  10  22  15  19   6  19  17  14  23  17   3  30
  24  17  38  17  14  38  23  19   5  11  27  32  13  11  21  16  24  10
 159  11  29  23  17  16  17  19  13  20   9  12  21  26  33  16  17  14
   5  20   9  17   9  27  13  20  12  17   6  12  14  18  17  19  16  14
  17  23  16  17   5  14  14  10  23  17  19  20  27  20   4  21   6  14
  15  14  17   9  11  15  11  14  20  15   8  16   6  25  17  28  12  17
  17  10   4  10  19  12  11  10  17  13  22  17  10  19  14  68   3  24
  18   9  18  16  12  40  18  15   6  12   8  16  14  10   9  20 158  24
  87  13   4  16]
,[0.94736842 0.9375     0.78125    0.63636364 0.56521739 0.92307692
 0.69230769 0.82352941 0.78947368 0.66666667 0.94642857 0.97674419
 0.77777778 0.9375     0.89285714 0.92307692 0.70588235 0.78947368
 0.7037037  0.66666667 0.61363636 0.7826087  0.72413793 0.85714286
 0.55555556 0.91666667 0.59259259 0.80952381 0.94736842 0.5
 0.8        0.93333333 0.73684211 0.85714286 0.52380952 0.89473684
 0.71428571 0.82352941 0.4375     0.84615385 0.875      0.53846154
 0.77272727 0.83333333 0.66666667 0.83333333 0.77777778 0.92857143
 0.7        0.8        0.56666667 1.         0.72727273 0.58333333
 0.86666667 0.73684211 0.9047619  0.72727273 0.3125     0.57142857
 0.71428571 0.89473684 0.75862069 0.95454545 0.95       1.
 0.8125     0.91666667 0.36363636 0.39130435 0.8125     0.88461538
 0.625      0.83333333 0.625      0.61538462 1.         1.
 0.57142857 0.54166667 0.88235294 0.90909091 0.9375     0.88888889
 0.68181818 1.         1.         0.77272727 0.84615385 0.87234043
 0.72727273 0.975      1.         1.         1.         0.79310345
 0.9375     1.         0.66666667 0.72       0.57446809 0.53846154
 0.91304348 0.5862069  0.65333333 0.7        1.         0.66666667
 0.68421053 0.9375     0.8125     0.8        1.         0.82142857
 0.625      0.88       0.78947368 0.76       0.85714286 1.
 0.85       0.5        0.92       0.94444444 0.1875     0.36585366
 0.72727273 0.70833333 1.         0.73913043 0.58333333 0.86363636
 0.92       0.95       0.83333333 1.         0.93103448 0.62745098
 0.68421053 1.         0.525      0.8        0.82758621 0.83333333
 0.95783133 0.47826087 0.74358974 0.71875    0.80952381 0.69565217
 1.         1.         0.8125     0.58823529 0.5625     0.6
 0.95454545 0.8125     0.28205128 0.69565217 0.94444444 0.60869565
 0.45454545 0.86956522 0.81818182 0.70833333 0.69230769 0.87096774
 0.8125     0.86956522 0.44444444 1.         0.66666667 0.85714286
 1.         0.62068966 0.60714286 1.         0.69565217 0.51851852
 0.65384615 1.         0.69565217 0.73913043 0.55555556 1.
 0.73684211 0.45454545 0.76666667 0.94444444 0.48717949 0.86956522
 0.81818182 0.83333333 0.30769231 0.7        1.         0.93333333
 0.42857143 0.5        1.         0.9        0.73333333 0.9375
 0.61111111 0.51851852 0.74074074 0.83333333 0.57142857 0.72727273
 0.85714286 0.83333333 0.85       0.7        1.         0.94444444
 0.94444444 1.         0.8        0.90909091 0.86363636 0.75
 0.78571429 0.71428571 0.89473684 0.86666667 0.81481481 0.85
 0.52631579 0.95       1.         0.83950617 0.27272727 0.6
 0.9        0.9        0.64285714 0.88888889 0.92307692 0.95238095
 0.64285714 0.9375     1.         0.6        0.8        0.76190476
 0.58333333 0.90909091 0.39130435 0.95238095 0.85869565 1.
 0.93548387 0.86666667 0.57142857 0.69565217]
,[0.9        0.75       0.80645161 0.53846154 0.86666667 0.66666667
 0.40909091 0.89361702 0.71428571 0.84210526 0.94642857 0.95454545
 0.7        0.83333333 1.         0.63157895 0.57142857 0.71428571
 0.76       0.94117647 0.93103448 0.9        0.95454545 0.7826087
 0.2173913  0.5        0.8        0.77272727 0.85714286 0.23809524
 0.66666667 0.66666667 0.66666667 0.9        0.61111111 0.77272727
 0.83333333 0.63636364 0.41176471 0.88       0.77777778 0.38888889
 0.68       1.         0.47058824 0.92592593 0.73684211 0.61904762
 0.95454545 0.6        0.73913043 0.41176471 0.94117647 0.875
 0.65       0.66666667 0.86363636 0.42105263 0.29411765 0.44444444
 0.47619048 1.         0.88       0.77777778 0.9047619  0.76470588
 0.76470588 0.5        0.2        0.52941176 0.65       0.95833333
 1.         0.2173913  0.29411765 0.94117647 0.89473684 0.61111111
 0.4        0.54166667 0.78947368 0.58823529 0.78947368 0.94117647
 0.65217391 1.         0.89473684 0.85       0.5        0.95348837
 0.84210526 0.95121951 0.7826087  1.         0.77777778 0.80701754
 0.83333333 0.8        0.375      0.94736842 0.96428571 0.77777778
 0.91304348 0.85       0.90740741 0.38888889 0.88888889 0.35294118
 0.8125     0.88235294 0.76470588 0.47058824 0.875      0.95833333
 0.55555556 1.         0.6        0.86363636 0.33333333 0.73076923
 1.         0.66666667 1.         0.89473684 0.14285714 0.6122449
 0.92307692 0.80952381 1.         0.89473684 0.73684211 1.
 0.82142857 0.79166667 0.26315789 0.57894737 0.84375    0.82051282
 0.72222222 0.61111111 0.875      0.72727273 0.92307692 0.58823529
 0.99375    0.64705882 0.70731707 0.65714286 0.80952381 0.69565217
 0.77272727 0.79166667 0.68421053 0.95238095 0.47368421 0.6
 1.         0.86666667 0.78571429 0.94117647 0.80952381 0.73684211
 0.27777778 0.95238095 0.5        0.89473684 0.5        0.96428571
 0.68421053 0.95238095 0.70588235 0.85       0.27272727 0.70588235
 0.82352941 0.81818182 0.85       0.95       1.         0.66666667
 0.85       0.95833333 0.8        1.         0.23809524 0.82352941
 0.73684211 0.55555556 0.95833333 0.73913043 0.82608696 0.86956522
 0.77142857 0.86956522 0.22222222 1.         0.3        0.63636364
 0.71428571 0.7        1.         0.45       0.57894737 0.9375
 0.61111111 0.7        0.86956522 0.68181818 0.38095238 0.69565217
 0.31578947 0.89285714 0.80952381 1.         0.70588235 0.85
 0.80952381 0.58823529 0.23529412 0.52631579 0.9047619  0.63157895
 0.6875     0.45454545 0.94444444 0.65       0.73333333 0.89473684
 0.52631579 1.         0.60869565 0.94444444 0.15       0.96
 0.7826087  0.45       1.         0.8        0.70588235 0.97560976
 0.94736842 0.78947368 0.33333333 0.63157895 0.42105263 0.76190476
 0.73684211 0.58823529 0.45       1.         0.9875     1.
 1.         0.68421053 0.19047619 0.72727273]
,[0.92307692 0.83333333 0.79365079 0.58333333 0.68421053 0.77419355
 0.51428571 0.85714286 0.75       0.74418605 0.94642857 0.96551724
 0.73684211 0.88235294 0.94339623 0.75       0.63157895 0.75
 0.73076923 0.7804878  0.73972603 0.8372093  0.82352941 0.81818182
 0.3125     0.64705882 0.68085106 0.79069767 0.9        0.32258065
 0.72727273 0.77777778 0.7        0.87804878 0.56410256 0.82926829
 0.76923077 0.71794872 0.42424242 0.8627451  0.82352941 0.4516129
 0.72340426 0.90909091 0.55172414 0.87719298 0.75675676 0.74285714
 0.80769231 0.68571429 0.64150943 0.58333333 0.82051282 0.7
 0.74285714 0.7        0.88372093 0.53333333 0.3030303  0.5
 0.57142857 0.94444444 0.81481481 0.85714286 0.92682927 0.86666667
 0.78787879 0.64705882 0.25806452 0.45       0.72222222 0.92
 0.76923077 0.34482759 0.4        0.74418605 0.94444444 0.75862069
 0.47058824 0.54166667 0.83333333 0.71428571 0.85714286 0.91428571
 0.66666667 1.         0.94444444 0.80952381 0.62857143 0.91111111
 0.7804878  0.96296296 0.87804878 1.         0.875      0.8
 0.88235294 0.88888889 0.48       0.81818182 0.72       0.63636364
 0.91304348 0.69387755 0.75968992 0.5        0.94117647 0.46153846
 0.74285714 0.90909091 0.78787879 0.59259259 0.93333333 0.88461538
 0.58823529 0.93617021 0.68181818 0.80851064 0.48       0.84444444
 0.91891892 0.57142857 0.95833333 0.91891892 0.16216216 0.45801527
 0.81355932 0.75555556 1.         0.80952381 0.65116279 0.92682927
 0.86792453 0.86363636 0.4        0.73333333 0.8852459  0.71111111
 0.7027027  0.75862069 0.65625    0.76190476 0.87272727 0.68965517
 0.97546012 0.55       0.725      0.68656716 0.80952381 0.69565217
 0.87179487 0.88372093 0.74285714 0.72727273 0.51428571 0.6
 0.97674419 0.83870968 0.41509434 0.8        0.87179487 0.66666667
 0.34482759 0.90909091 0.62068966 0.79069767 0.58064516 0.91525424
 0.74285714 0.90909091 0.54545455 0.91891892 0.38709677 0.77419355
 0.90322581 0.70588235 0.70833333 0.97435897 0.82051282 0.58333333
 0.73913043 0.9787234  0.74418605 0.85       0.33333333 0.90322581
 0.73684211 0.5        0.85185185 0.82926829 0.61290323 0.86956522
 0.79411765 0.85106383 0.25806452 0.82352941 0.46153846 0.75675676
 0.53571429 0.58333333 1.         0.6        0.64705882 0.9375
 0.61111111 0.59574468 0.8        0.75       0.45714286 0.71111111
 0.46153846 0.86206897 0.82926829 0.82352941 0.82758621 0.89473684
 0.87179487 0.74074074 0.36363636 0.66666667 0.88372093 0.68571429
 0.73333333 0.55555556 0.91891892 0.74285714 0.77192982 0.87179487
 0.52631579 0.97435897 0.75675676 0.88888889 0.19354839 0.73846154
 0.8372093  0.6        0.7826087  0.84210526 0.8        0.96385542
 0.76595745 0.85714286 0.5        0.61538462 0.55172414 0.76190476
 0.65116279 0.71428571 0.41860465 0.97560976 0.91860465 1.
 0.96666667 0.76470588 0.28571429 0.71111111]
