mACC, mP, mR, mF1, ACC, P, R, F1
0.6950132100396301,0.7021361329369675,0.65384719501293,0.6465125408421823
,[ 19  14  26   2  26   4   4  42  18  15  53  43  14  14  22  15  16   9
  15  10  22  11  18  19   0   7  19   9  16   2  13   8  14  19  12  13
  15  16   2  25  15   5  16   3   6  25  13  11  20  13  17   7  16  19
  10  15  20   8   0  10  13  15  23  20  14  15  13  11   5   5   6  24
  11   0   6  15  18  14   8   6   3  10   3  12  14  15  15   1   5  39
  16  39  19  21  12  47  14  19  11  19  24   4  16  17  49   9  15   9
  19  15   8  10  22  21   8  22  19  16   6  21  15  12  23  14   7  29
  25  15  38  13  15  38  25  21   1  11  27  32   8  13  19  18  19   9
 160   9  33  22   9   9  22  20  12  20   2   5  20  26  19  14  20   4
   0  20   3  17   2  27  14  12   9  17   5  14  14  19  10  20  13  13
  15  22  17  15   1  17   9   6  23  17  18  20  27  20   0  19  11  15
   8  13  17   9   1  15   5  14  20  10   9  20   6  24  15  25  11  18
  19  13   0  13  18   2  14   7  17   7  26  17   7  19  15  68   0  24
  18   2  17  18  12  39  12  15   5  12   2  13  13   7   5  19 158  24
  87  10   6  19]
,[0.76       0.77777778 0.59090909 0.66666667 0.78787879 0.8
 0.57142857 0.55263158 0.9        0.65217391 0.88333333 0.95555556
 0.73684211 0.93333333 0.81481481 0.9375     0.55172414 0.75
 0.53571429 0.52631579 0.64705882 0.73333333 0.81818182 0.95
 0.         0.7        0.48717949 0.64285714 0.94117647 0.18181818
 0.61904762 0.8        0.58333333 0.95       0.75       0.68421053
 0.53571429 0.88888889 0.22222222 0.64102564 0.9375     0.5
 0.69565217 0.5        0.75       0.83333333 0.72222222 0.57894737
 0.76923077 0.72222222 0.94444444 0.63636364 0.72727273 0.55882353
 0.83333333 0.75       0.68965517 0.8        0.         0.5
 0.59090909 0.78947368 0.74193548 0.95238095 0.82352941 1.
 0.68421053 0.45833333 0.55555556 0.41666667 0.75       0.92307692
 0.6875     0.         0.33333333 0.71428571 0.94736842 0.37837838
 0.57142857 0.5        1.         0.32258065 1.         1.
 0.7        0.83333333 0.9375     0.5        0.71428571 0.95121951
 0.76190476 0.73584906 1.         1.         1.         0.53409091
 0.93333333 1.         0.78571429 0.76       0.57142857 0.44444444
 0.94117647 0.56666667 0.53846154 0.5625     1.         0.9
 0.51351351 1.         1.         0.625      1.         0.95454545
 0.72727273 0.84615385 0.76       0.66666667 0.75       0.77777778
 0.88235294 0.44444444 0.95833333 1.         0.33333333 0.21641791
 0.58139535 0.625      0.92682927 0.5        0.5        0.82608696
 0.35714286 0.875      0.5        0.78571429 0.61363636 0.55172414
 0.57142857 0.92857143 0.63333333 0.81818182 0.95       0.6
 0.91428571 0.42857143 0.70212766 0.40740741 0.39130435 0.64285714
 0.91666667 0.90909091 0.92307692 0.47619048 0.66666667 0.45454545
 0.86956522 0.78787879 0.25675676 0.48275862 0.625      0.66666667
 0.         0.66666667 0.75       0.89473684 1.         0.79411765
 0.73684211 0.8        0.9        0.89473684 0.71428571 0.875
 0.77777778 0.5        0.58823529 1.         0.56521739 0.46428571
 0.65217391 0.95652174 0.62962963 0.71428571 0.5        0.94444444
 0.69230769 0.6        0.62162162 0.80952381 0.6        0.60606061
 0.87096774 0.66666667 0.         0.63333333 0.61111111 1.
 0.61538462 0.41935484 0.85       0.9        0.5        0.9375
 1.         0.63636364 0.66666667 0.58823529 0.39130435 0.55555556
 0.85714286 0.82758621 0.75       0.64102564 0.78571429 0.7826087
 0.7037037  0.92857143 0.         1.         0.64285714 0.5
 0.58333333 0.41176471 0.89473684 1.         0.86666667 0.94444444
 0.7        0.9047619  0.83333333 0.81927711 0.         0.36923077
 0.9        1.         0.89473684 0.81818182 0.92307692 0.88636364
 0.75       1.         0.71428571 0.70588235 0.5        0.56521739
 0.65       0.875      0.35714286 0.95       0.78217822 0.96
 0.90625    0.83333333 0.5        0.59375   ]
,[0.95       0.7        0.83870968 0.07692308 0.86666667 0.22222222
 0.18181818 0.89361702 0.85714286 0.78947368 0.94642857 0.97727273
 0.7        0.77777778 0.88       0.78947368 0.76190476 0.42857143
 0.6        0.58823529 0.75862069 0.55       0.81818182 0.82608696
 0.         0.31818182 0.95       0.40909091 0.76190476 0.0952381
 0.72222222 0.38095238 0.66666667 0.95       0.66666667 0.59090909
 0.625      0.72727273 0.11764706 1.         0.83333333 0.27777778
 0.64       0.12       0.35294118 0.92592593 0.68421053 0.52380952
 0.90909091 0.65       0.73913043 0.41176471 0.94117647 0.79166667
 0.5        0.71428571 0.90909091 0.42105263 0.         0.55555556
 0.61904762 0.88235294 0.92       0.74074074 0.66666667 0.88235294
 0.76470588 0.5        0.25       0.29411765 0.3        1.
 0.55       0.         0.35294118 0.88235294 0.94736842 0.77777778
 0.4        0.25       0.15789474 0.58823529 0.15789474 0.70588235
 0.60869565 0.9375     0.78947368 0.05       0.22727273 0.90697674
 0.84210526 0.95121951 0.82608696 1.         0.66666667 0.8245614
 0.77777778 0.95       0.6875     1.         0.85714286 0.22222222
 0.69565217 0.85       0.90740741 0.5        0.83333333 0.52941176
 0.59375    0.88235294 0.47058824 0.58823529 0.91666667 0.875
 0.44444444 1.         0.76       0.72727273 0.33333333 0.80769231
 0.88235294 0.57142857 1.         0.73684211 0.33333333 0.59183673
 0.96153846 0.71428571 1.         0.68421053 0.78947368 1.
 0.89285714 0.875      0.05263158 0.57894737 0.84375    0.82051282
 0.44444444 0.72222222 0.79166667 0.81818182 0.73076923 0.52941176
 1.         0.52941176 0.80487805 0.62857143 0.42857143 0.39130435
 1.         0.83333333 0.63157895 0.95238095 0.10526316 0.25
 0.95238095 0.86666667 0.45238095 0.82352941 0.95238095 0.21052632
 0.         0.95238095 0.16666667 0.89473684 0.11111111 0.96428571
 0.73684211 0.57142857 0.52941176 0.85       0.22727273 0.82352941
 0.82352941 0.86363636 0.5        1.         0.8125     0.61904762
 0.75       0.91666667 0.85       0.88235294 0.04761905 1.
 0.47368421 0.33333333 0.95833333 0.73913043 0.7826087  0.86956522
 0.77142857 0.86956522 0.         0.9047619  0.55       0.68181818
 0.38095238 0.65       1.         0.45       0.05263158 0.9375
 0.27777778 0.7        0.86956522 0.45454545 0.42857143 0.86956522
 0.31578947 0.85714286 0.71428571 0.89285714 0.64705882 0.9
 0.9047619  0.76470588 0.         0.68421053 0.85714286 0.10526316
 0.875      0.31818182 0.94444444 0.35       0.86666667 0.89473684
 0.36842105 1.         0.65217391 0.94444444 0.         0.96
 0.7826087  0.1        0.94444444 0.9        0.70588235 0.95121951
 0.63157895 0.78947368 0.27777778 0.63157895 0.10526316 0.61904762
 0.68421053 0.41176471 0.25       0.95       0.9875     1.
 1.         0.52631579 0.28571429 0.86363636]
,[0.84444444 0.73684211 0.69333333 0.13793103 0.82539683 0.34782609
 0.27586207 0.68292683 0.87804878 0.71428571 0.9137931  0.96629213
 0.71794872 0.84848485 0.84615385 0.85714286 0.64       0.54545455
 0.56603774 0.55555556 0.6984127  0.62857143 0.81818182 0.88372093
 0.         0.4375     0.6440678  0.5        0.84210526 0.125
 0.66666667 0.51612903 0.62222222 0.95       0.70588235 0.63414634
 0.57692308 0.8        0.15384615 0.78125    0.88235294 0.35714286
 0.66666667 0.19354839 0.48       0.87719298 0.7027027  0.55
 0.83333333 0.68421053 0.82926829 0.5        0.82051282 0.65517241
 0.625      0.73170732 0.78431373 0.55172414 0.         0.52631579
 0.60465116 0.83333333 0.82142857 0.83333333 0.73684211 0.9375
 0.72222222 0.47826087 0.34482759 0.34482759 0.42857143 0.96
 0.61111111 0.         0.34285714 0.78947368 0.94736842 0.50909091
 0.47058824 0.33333333 0.27272727 0.41666667 0.27272727 0.82758621
 0.65116279 0.88235294 0.85714286 0.09090909 0.34482759 0.92857143
 0.8        0.82978723 0.9047619  1.         0.8        0.64827586
 0.84848485 0.97435897 0.73333333 0.86363636 0.68571429 0.2962963
 0.8        0.68       0.67586207 0.52941176 0.90909091 0.66666667
 0.55072464 0.9375     0.64       0.60606061 0.95652174 0.91304348
 0.55172414 0.91666667 0.76       0.69565217 0.46153846 0.79245283
 0.88235294 0.5        0.9787234  0.84848485 0.33333333 0.31693989
 0.72463768 0.66666667 0.96202532 0.57777778 0.6122449  0.9047619
 0.51020408 0.875      0.0952381  0.66666667 0.71052632 0.65979381
 0.5        0.8125     0.7037037  0.81818182 0.82608696 0.5625
 0.95522388 0.47368421 0.75       0.49438202 0.40909091 0.48648649
 0.95652174 0.86956522 0.75       0.63492063 0.18181818 0.32258065
 0.90909091 0.82539683 0.32758621 0.60869565 0.75471698 0.32
 0.         0.78431373 0.27272727 0.89473684 0.2        0.87096774
 0.73684211 0.66666667 0.66666667 0.87179487 0.34482759 0.84848485
 0.8        0.63333333 0.54054054 1.         0.66666667 0.53061224
 0.69767442 0.93617021 0.72340426 0.78947368 0.08695652 0.97142857
 0.5625     0.42857143 0.75409836 0.77272727 0.67924528 0.71428571
 0.81818182 0.75471698 0.         0.74509804 0.57894737 0.81081081
 0.47058824 0.50980392 0.91891892 0.6        0.0952381  0.9375
 0.43478261 0.66666667 0.75471698 0.51282051 0.40909091 0.6779661
 0.46153846 0.84210526 0.73170732 0.74626866 0.70967742 0.8372093
 0.79166667 0.83870968 0.         0.8125     0.73469388 0.17391304
 0.7        0.35897436 0.91891892 0.51851852 0.86666667 0.91891892
 0.48275862 0.95       0.73170732 0.87741935 0.         0.53333333
 0.8372093  0.18181818 0.91891892 0.85714286 0.8        0.91764706
 0.68571429 0.88235294 0.4        0.66666667 0.17391304 0.59090909
 0.66666667 0.56       0.29411765 0.95       0.87292818 0.97959184
 0.95081967 0.64516129 0.36363636 0.7037037 ]
