mACC, mP, mR, mF1, ACC, P, R, F1
0.72556142668428,0.7236146047880221,0.6910616052552623,0.6963982237259861
,[ 15  15  21  15  26  11  10  39  13  12  53  42   9  14  23  13  14  14
  19  11  24  15  15  17  12   7  16   9  14   3  12  18  15  19   8  19
  21  12   3  22  15   7  17  25  10  23   6  13  20  13  14   8  16  16
   9  13  15   5   3   7   9  16  20  21  18  13  13  14   7   6   7  22
  18   9   8  14  17  14  11   9  13   6  11  15  13  14  12  13  12  39
  16  38  19  20  14  42  12  17   9  16  26   9  21  16  43   7  15   5
  26  12  10  14  20  18   6  18  15  20   5  18  16  10  22  13   8  25
  24  15  38  16  13  36  25  13   6  15  30  30  11  14  19  15  21   8
 160   8  28  24  11  16  21  22  14  19   5  11  21  23  34  12  19  14
   6  19  10  14   8  28  11  21  11  19   7  14  14  19  14  18  15   8
  15  23  14  14   5  15   9   9  20  16  12  16  27  15   4  21  12  12
  12  16  16  13  13  16   9  14  18  18   8  16   8  22  17  26  12  14
  21  11   6  10  18  10   9  16  17   9  26  11   5  19  14  68  11  19
  19   9  18  16  12  38  14  13   7   3   8  17  11  11   9  20 158  24
  87  16  12  18]
,[0.83333333 0.88235294 0.84       0.35714286 0.74285714 1.
 0.45454545 0.79591837 0.65       0.54545455 0.828125   0.82352941
 0.69230769 1.         0.71875    0.72222222 0.7        0.82352941
 0.79166667 0.84615385 0.61538462 0.88235294 0.71428571 0.94444444
 0.52173913 0.41176471 0.84210526 0.6        0.7        0.3
 0.92307692 0.72       0.57692308 0.9047619  0.57142857 0.86363636
 0.84       0.85714286 0.27272727 0.73333333 0.88235294 0.53846154
 0.56666667 0.6097561  0.625      0.92       0.46153846 0.65
 0.86956522 0.8125     0.73684211 0.88888889 0.72727273 0.72727273
 0.81818182 0.86666667 0.71428571 0.38461538 0.27272727 0.5
 0.47368421 0.88888889 0.90909091 0.84       0.85714286 0.92857143
 0.92857143 0.82352941 0.53846154 0.5        0.63636364 0.84615385
 0.75       0.5625     0.53333333 0.77777778 0.85       0.73684211
 0.47826087 0.5        0.61904762 0.54545455 0.61111111 0.78947368
 0.59090909 0.77777778 1.         0.86666667 0.66666667 0.82978723
 0.76190476 0.86363636 0.86363636 0.95238095 0.82352941 0.82352941
 0.85714286 0.80952381 0.5625     0.84210526 0.7027027  0.64285714
 0.875      0.51612903 0.5375     0.58333333 0.9375     0.625
 0.83870968 1.         0.90909091 0.58333333 0.95238095 0.94736842
 0.375      0.85714286 0.88235294 0.74074074 0.625      0.81818182
 0.69565217 0.47619048 0.91666667 0.76470588 0.4        0.54347826
 0.70588235 0.53571429 1.         0.8        0.86666667 0.9
 0.83333333 0.72222222 0.42857143 0.83333333 0.68181818 0.73170732
 0.6875     0.82352941 0.67857143 0.78947368 0.77777778 0.5
 0.86486486 0.66666667 0.53846154 0.66666667 0.64705882 0.59259259
 0.95454545 0.88       0.93333333 0.7037037  0.38461538 0.52380952
 0.75       0.88461538 0.32692308 0.63157895 0.59375    0.82352941
 0.23076923 0.86363636 0.55555556 0.82352941 0.57142857 0.75675676
 0.73333333 0.67741935 0.64705882 0.95       0.5        0.93333333
 0.875      0.82608696 0.77777778 1.         0.78947368 0.5
 0.5        1.         0.48275862 0.77777778 0.25       0.9375
 0.6        0.5        0.95238095 0.72727273 0.48       0.61538462
 0.93103448 0.68181818 0.4        0.84       0.8        0.92307692
 0.5        0.55172414 1.         0.76470588 0.56521739 0.88888889
 0.64285714 0.51851852 0.81818182 0.7826087  0.61538462 0.66666667
 0.72727273 0.95652174 0.85       0.76470588 1.         0.875
 0.80769231 1.         0.375      0.90909091 0.7826087  0.76923077
 0.52941176 0.76190476 0.94444444 0.9        0.66666667 0.73333333
 1.         1.         0.875      0.80952381 0.42307692 0.73076923
 0.82608696 0.52941176 0.64285714 0.76190476 0.85714286 0.86363636
 0.56       0.8125     0.77777778 0.33333333 0.57142857 0.73913043
 0.6875     0.78571429 0.52941176 0.95238095 0.79396985 0.96
 0.91578947 0.72727273 0.46153846 0.6       ]
,[0.75       0.75       0.67741935 0.57692308 0.86666667 0.61111111
 0.45454545 0.82978723 0.61904762 0.63157895 0.94642857 0.95454545
 0.45       0.77777778 0.92       0.68421053 0.66666667 0.66666667
 0.76       0.64705882 0.82758621 0.75       0.68181818 0.73913043
 0.52173913 0.31818182 0.8        0.40909091 0.66666667 0.14285714
 0.66666667 0.85714286 0.71428571 0.95       0.44444444 0.86363636
 0.875      0.54545455 0.17647059 0.88       0.83333333 0.38888889
 0.68       1.         0.58823529 0.85185185 0.31578947 0.61904762
 0.90909091 0.65       0.60869565 0.47058824 0.94117647 0.66666667
 0.45       0.61904762 0.68181818 0.26315789 0.17647059 0.38888889
 0.42857143 0.94117647 0.8        0.77777778 0.85714286 0.76470588
 0.76470588 0.63636364 0.35       0.35294118 0.35       0.91666667
 0.9        0.39130435 0.47058824 0.82352941 0.89473684 0.77777778
 0.55       0.375      0.68421053 0.35294118 0.57894737 0.88235294
 0.56521739 0.875      0.63157895 0.65       0.54545455 0.90697674
 0.84210526 0.92682927 0.82608696 0.95238095 0.77777778 0.73684211
 0.66666667 0.85       0.5625     0.84210526 0.92857143 0.5
 0.91304348 0.8        0.7962963  0.38888889 0.83333333 0.29411765
 0.8125     0.70588235 0.58823529 0.82352941 0.83333333 0.75
 0.33333333 0.81818182 0.6        0.90909091 0.27777778 0.69230769
 0.94117647 0.47619048 0.95652174 0.68421053 0.38095238 0.51020408
 0.92307692 0.71428571 1.         0.84210526 0.68421053 0.94736842
 0.89285714 0.54166667 0.31578947 0.78947368 0.9375     0.76923077
 0.61111111 0.77777778 0.79166667 0.68181818 0.80769231 0.47058824
 1.         0.47058824 0.68292683 0.68571429 0.52380952 0.69565217
 0.95454545 0.91666667 0.73684211 0.9047619  0.26315789 0.55
 1.         0.76666667 0.80952381 0.70588235 0.9047619  0.73684211
 0.33333333 0.9047619  0.55555556 0.73684211 0.44444444 1.
 0.57894737 1.         0.64705882 0.95       0.31818182 0.82352941
 0.82352941 0.86363636 0.7        0.9        0.9375     0.38095238
 0.75       0.95833333 0.7        0.82352941 0.23809524 0.88235294
 0.47368421 0.5        0.83333333 0.69565217 0.52173913 0.69565217
 0.77142857 0.65217391 0.22222222 1.         0.6        0.54545455
 0.57142857 0.8        0.94117647 0.65       0.68421053 1.
 0.5        0.7        0.7826087  0.81818182 0.38095238 0.69565217
 0.42105263 0.78571429 0.80952381 0.92857143 0.70588235 0.7
 1.         0.64705882 0.35294118 0.52631579 0.85714286 0.52631579
 0.5625     0.72727273 0.94444444 0.45       0.86666667 0.57894737
 0.26315789 1.         0.60869565 0.94444444 0.55       0.76
 0.82608696 0.45       1.         0.8        0.70588235 0.92682927
 0.73684211 0.68421053 0.38888889 0.15789474 0.42105263 0.80952381
 0.57894737 0.64705882 0.45       1.         0.9875     1.
 1.         0.84210526 0.57142857 0.81818182]
,[0.78947368 0.81081081 0.75       0.44117647 0.8        0.75862069
 0.45454545 0.8125     0.63414634 0.58536585 0.88333333 0.88421053
 0.54545455 0.875      0.80701754 0.7027027  0.68292683 0.73684211
 0.7755102  0.73333333 0.70588235 0.81081081 0.69767442 0.82926829
 0.52173913 0.35897436 0.82051282 0.48648649 0.68292683 0.19354839
 0.77419355 0.7826087  0.63829787 0.92682927 0.5        0.86363636
 0.85714286 0.66666667 0.21428571 0.8        0.85714286 0.4516129
 0.61818182 0.75757576 0.60606061 0.88461538 0.375      0.63414634
 0.88888889 0.72222222 0.66666667 0.61538462 0.82051282 0.69565217
 0.58064516 0.72222222 0.69767442 0.3125     0.21428571 0.4375
 0.45       0.91428571 0.85106383 0.80769231 0.85714286 0.83870968
 0.83870968 0.71794872 0.42424242 0.4137931  0.4516129  0.88
 0.81818182 0.46153846 0.5        0.8        0.87179487 0.75675676
 0.51162791 0.42857143 0.65       0.42857143 0.59459459 0.83333333
 0.57777778 0.82352941 0.77419355 0.74285714 0.6        0.86666667
 0.8        0.89411765 0.84444444 0.95238095 0.8        0.77777778
 0.75       0.82926829 0.5625     0.84210526 0.8        0.5625
 0.89361702 0.62745098 0.64179104 0.46666667 0.88235294 0.4
 0.82539683 0.82758621 0.71428571 0.68292683 0.88888889 0.8372093
 0.35294118 0.8372093  0.71428571 0.81632653 0.38461538 0.75
 0.8        0.47619048 0.93617021 0.72222222 0.3902439  0.52631579
 0.8        0.6122449  1.         0.82051282 0.76470588 0.92307692
 0.86206897 0.61904762 0.36363636 0.81081081 0.78947368 0.75
 0.64705882 0.8        0.73076923 0.73170732 0.79245283 0.48484848
 0.92753623 0.55172414 0.60215054 0.67605634 0.57894737 0.64
 0.95454545 0.89795918 0.82352941 0.79166667 0.3125     0.53658537
 0.85714286 0.82142857 0.46575342 0.66666667 0.71698113 0.77777778
 0.27272727 0.88372093 0.55555556 0.77777778 0.5        0.86153846
 0.64705882 0.80769231 0.64705882 0.95       0.38888889 0.875
 0.84848485 0.84444444 0.73684211 0.94736842 0.85714286 0.43243243
 0.6        0.9787234  0.57142857 0.8        0.24390244 0.90909091
 0.52941176 0.5        0.88888889 0.71111111 0.5        0.65306122
 0.84375    0.66666667 0.28571429 0.91304348 0.68571429 0.68571429
 0.53333333 0.65306122 0.96969697 0.7027027  0.61904762 0.94117647
 0.5625     0.59574468 0.8        0.8        0.47058824 0.68085106
 0.53333333 0.8627451  0.82926829 0.83870968 0.82758621 0.77777778
 0.89361702 0.78571429 0.36363636 0.66666667 0.81818182 0.625
 0.54545455 0.74418605 0.94444444 0.6        0.75362319 0.64705882
 0.41666667 1.         0.71794872 0.87179487 0.47826087 0.74509804
 0.82608696 0.48648649 0.7826087  0.7804878  0.77419355 0.89411765
 0.63636364 0.74285714 0.51851852 0.21428571 0.48484848 0.77272727
 0.62857143 0.70967742 0.48648649 0.97560976 0.88022284 0.97959184
 0.95604396 0.7804878  0.5106383  0.69230769]
