mACC, mP, mR, mF1, ACC, P, R, F1
0.33982826948480843,0.41646055665309756,0.25166320338701587,0.2566370267813006
,[  5  10  15   1  17   0   0  33   0   7  55  40   0   3   1   2   2   4
   7   5  22   4   0   0   0   1   0   0   1   0   4   8   1  11   4   2
   5   1   0   4   0   0   7   9   0  18   3   6   7   5   5   2   1   2
   6   2   0   3   0   1   1   8   7  18   0   5   3  10   0   3   0   2
   3   0   2   2  14   3   9   3   6   6   0   0   0   8   6   0   1  38
   2  39   6   1   0  47   4   1   1  12  25   1   5   7  43   0   5   1
   3  10   5   2   6   5   0   8   2   3   3   3   4   0  18   1   0  14
  24   2  38  11   3  23  25   1   0   3  28  13   0   1   4   3  24   0
 160   0  26  12   0   6   0   5   7   3   4   2  14  19  13   0   6   1
   3  12   0   0   0  24   0   0   0   2   1   1   1   1   7   7   0   3
   3  14   1  10   0   0   2   1  10   0   0   0  22   2   0  12   2   2
   0   6  14   1   1  12   4   1   5   7   0   1   0  22   7  25   0  15
   3   5   1   4   5   0   1   0   1   0  11   1   0  14   4  70   2   6
  12   0   6   5  10  37   3   3   0   0   0   5   0   1   2  18 160  19
  87   2   8  10]
,[0.625      0.83333333 0.71428571 0.03030303 0.70833333 0.
 0.         0.1563981  0.         0.63636364 0.275      0.41666667
 0.         1.         0.25       0.66666667 0.4        0.44444444
 0.58333333 0.71428571 0.34375    0.66666667 0.         0.
 0.         0.33333333 0.         0.         0.2        0.
 1.         0.47058824 0.2        0.91666667 0.28571429 0.25
 0.83333333 0.25       0.         0.5        0.         0.
 0.63636364 0.75       0.         0.62068966 0.75       0.5
 0.46666667 1.         0.71428571 1.         0.5        0.28571429
 1.         1.         0.         0.6        0.         0.1
 0.33333333 0.88888889 0.7        0.6        0.         0.83333333
 0.75       0.66666667 0.         0.42857143 0.         0.66666667
 0.5        0.         0.5        0.66666667 1.         0.42857143
 0.39130435 0.75       0.66666667 0.25       0.         0.
 0.         1.         1.         0.         0.08333333 0.43181818
 0.66666667 0.15983607 0.5        1.         0.         0.25268817
 0.66666667 1.         1.         0.92307692 0.27173913 0.16666667
 0.71428571 0.875      0.1733871  0.         1.         0.1
 0.11538462 1.         0.55555556 0.33333333 1.         0.38461538
 0.         1.         0.66666667 1.         1.         0.0625
 0.57142857 0.         0.94736842 0.25       0.         0.12727273
 0.33333333 0.28571429 0.54285714 0.78571429 0.6        0.18253968
 0.22123894 0.25       0.         0.27272727 0.41791045 0.06532663
 0.         0.33333333 0.8        0.375      0.25806452 0.
 0.28985507 0.         0.21311475 0.33333333 0.         0.33333333
 0.         0.5        0.31818182 0.5        0.57142857 0.125
 0.7        0.36538462 0.23636364 0.         0.24       0.25
 0.375      0.8        0.         0.         0.         0.38095238
 0.         0.         0.         0.25       0.16666667 0.14285714
 1.         0.33333333 0.63636364 1.         0.         0.6
 0.6        0.875      0.16666667 0.90909091 0.         0.
 1.         0.5        0.58823529 0.         0.         0.
 0.25882353 0.4        0.         0.70588235 1.         0.28571429
 0.         0.75       0.875      1.         0.11111111 0.85714286
 1.         0.2        0.83333333 0.7        0.         0.25
 0.         0.27160494 1.         0.6097561  0.         0.78947368
 0.5        1.         0.14285714 0.5        0.71428571 0.
 0.33333333 0.         1.         0.         0.23404255 0.03703704
 0.         0.82352941 0.36363636 0.35532995 0.06896552 0.4
 1.         0.         1.         0.41666667 1.         0.24342105
 0.25       0.6        0.         0.         0.         0.71428571
 0.         0.2        0.125      0.94736842 0.41775457 1.
 0.73728814 1.         0.36363636 0.55555556]
,[0.25       0.5        0.48387097 0.03846154 0.56666667 0.
 0.         0.70212766 0.         0.36842105 0.98214286 0.90909091
 0.         0.16666667 0.04       0.10526316 0.0952381  0.19047619
 0.28       0.29411765 0.75862069 0.2        0.         0.
 0.         0.04545455 0.         0.         0.04761905 0.
 0.22222222 0.38095238 0.04761905 0.55       0.22222222 0.09090909
 0.20833333 0.04545455 0.         0.16       0.         0.
 0.28       0.36       0.         0.66666667 0.15789474 0.28571429
 0.31818182 0.25       0.2173913  0.11764706 0.05882353 0.08333333
 0.3        0.0952381  0.         0.15789474 0.         0.05555556
 0.04761905 0.47058824 0.28       0.66666667 0.         0.29411765
 0.17647059 0.45454545 0.         0.17647059 0.         0.08333333
 0.15       0.         0.11764706 0.11764706 0.73684211 0.16666667
 0.45       0.125      0.31578947 0.35294118 0.         0.
 0.         0.5        0.31578947 0.         0.04545455 0.88372093
 0.10526316 0.95121951 0.26086957 0.04761905 0.         0.8245614
 0.22222222 0.05       0.0625     0.63157895 0.89285714 0.05555556
 0.2173913  0.35       0.7962963  0.         0.27777778 0.05882353
 0.09375    0.58823529 0.29411765 0.11764706 0.25       0.20833333
 0.         0.36363636 0.08       0.13636364 0.16666667 0.11538462
 0.23529412 0.         0.7826087  0.05263158 0.         0.28571429
 0.92307692 0.0952381  1.         0.57894737 0.15789474 0.60526316
 0.89285714 0.04166667 0.         0.15789474 0.875      0.33333333
 0.         0.05555556 0.16666667 0.13636364 0.92307692 0.
 1.         0.         0.63414634 0.34285714 0.         0.26086957
 0.         0.20833333 0.36842105 0.14285714 0.21052632 0.1
 0.66666667 0.63333333 0.30952381 0.         0.28571429 0.05263158
 0.16666667 0.57142857 0.         0.         0.         0.85714286
 0.         0.         0.         0.1        0.04545455 0.05882353
 0.05882353 0.04545455 0.35       0.35       0.         0.14285714
 0.15       0.58333333 0.05       0.58823529 0.         0.
 0.10526316 0.05555556 0.41666667 0.         0.         0.
 0.62857143 0.08695652 0.         0.57142857 0.1        0.09090909
 0.         0.3        0.82352941 0.05       0.05263158 0.75
 0.22222222 0.05       0.2173913  0.31818182 0.         0.04347826
 0.         0.78571429 0.33333333 0.89285714 0.         0.75
 0.14285714 0.29411765 0.05882353 0.21052632 0.23809524 0.
 0.0625     0.         0.05555556 0.         0.36666667 0.05263158
 0.         0.73684211 0.17391304 0.97222222 0.1        0.24
 0.52173913 0.         0.33333333 0.25       0.58823529 0.90243902
 0.15789474 0.15789474 0.         0.         0.         0.23809524
 0.         0.05882353 0.1        0.9        1.         0.79166667
 1.         0.10526316 0.38095238 0.45454545]
,[0.35714286 0.625      0.57692308 0.03389831 0.62962963 0.
 0.         0.25581395 0.         0.46666667 0.4296875  0.57142857
 0.         0.28571429 0.06896552 0.18181818 0.15384615 0.26666667
 0.37837838 0.41666667 0.47311828 0.30769231 0.         0.
 0.         0.08       0.         0.         0.07692308 0.
 0.36363636 0.42105263 0.07692308 0.6875     0.25       0.13333333
 0.33333333 0.07692308 0.         0.24242424 0.         0.
 0.38888889 0.48648649 0.         0.64285714 0.26086957 0.36363636
 0.37837838 0.4        0.33333333 0.21052632 0.10526316 0.12903226
 0.46153846 0.17391304 0.         0.25       0.         0.07142857
 0.08333333 0.61538462 0.4        0.63157895 0.         0.43478261
 0.28571429 0.54054054 0.         0.25       0.         0.14814815
 0.23076923 0.         0.19047619 0.2        0.84848485 0.24
 0.41860465 0.21428571 0.42857143 0.29268293 0.         0.
 0.         0.66666667 0.48       0.         0.05882353 0.58015267
 0.18181818 0.27368421 0.34285714 0.09090909 0.         0.38683128
 0.33333333 0.0952381  0.11764706 0.75       0.41666667 0.08333333
 0.33333333 0.5        0.28476821 0.         0.43478261 0.07407407
 0.10344828 0.74074074 0.38461538 0.17391304 0.4        0.27027027
 0.         0.53333333 0.14285714 0.24       0.28571429 0.08108108
 0.33333333 0.         0.85714286 0.08695652 0.         0.17610063
 0.48979592 0.14285714 0.7037037  0.66666667 0.25       0.2804878
 0.35460993 0.07142857 0.         0.2        0.56565657 0.1092437
 0.         0.0952381  0.27586207 0.2        0.40336134 0.
 0.4494382  0.         0.3190184  0.33802817 0.         0.29268293
 0.         0.29411765 0.34146341 0.22222222 0.30769231 0.11111111
 0.68292683 0.46341463 0.26804124 0.         0.26086957 0.08695652
 0.23076923 0.66666667 0.         0.         0.         0.52747253
 0.         0.         0.         0.14285714 0.07142857 0.08333333
 0.11111111 0.08       0.4516129  0.51851852 0.         0.23076923
 0.24       0.7        0.07692308 0.71428571 0.         0.
 0.19047619 0.1        0.48780488 0.         0.         0.
 0.36666667 0.14285714 0.         0.63157895 0.18181818 0.13793103
 0.         0.42857143 0.84848485 0.0952381  0.07142857 0.8
 0.36363636 0.08       0.34482759 0.4375     0.         0.07407407
 0.         0.40366972 0.5        0.72463768 0.         0.76923077
 0.22222222 0.45454545 0.08333333 0.2962963  0.35714286 0.
 0.10526316 0.         0.10526316 0.         0.28571429 0.04347826
 0.         0.77777778 0.23529412 0.5204461  0.08163265 0.3
 0.68571429 0.         0.5        0.3125     0.74074074 0.38341969
 0.19354839 0.25       0.         0.         0.         0.35714286
 0.         0.09090909 0.11111111 0.92307692 0.5893186  0.88372093
 0.84878049 0.19047619 0.37209302 0.5       ]
