mACC, mP, mR, mF1, ACC, P, R, F1
0.6243394980184941,0.6418377105286345,0.5737954689255048,0.5824593809117328
,[ 17  11  22   6  24   3   7  41  11  10  52  42   1  13  19  12  14  13
  11  10  23   6  15  14   9   4  18   8   9   2  12  14   5  18   7  18
  17   5   1  18  14   5  18  21   9  25   6  12  19  11  11   5  13  13
   9  10  12   4   0   2   8  15  19  23  15  12  10   6   7   2   2  18
  13   6   3  11  17  11   6   6   8   5   6   9  11  13  12   4  14  40
  15  39  19  18  12  51  14  15  13  16  25   2  17  14  43   7  13   5
  21  13  10   5  20  22   1  19  17  13   2  13  14  11  22   8   4  24
  25  16  38  14  12  33  23   7   4   8  28  26   8  13  18  15  19   6
 160   4  24  20   6  14  20  16  10  15   2   7  19  26  23   5  20   8
   6  20   1  13   2  26   8  18   7  17   5  12  11  17  13  17  12   7
  10  20  11  13   1  15   3   6  12  18  12   9  26  15   0  20  10  13
   8  11  17   7   9  15   9   9  11  13   3  13   6  21  12  22  12  13
  20  11   2  12  17   3   8   8  16   2  23   7   2  19  13  68   3  12
  17   2  17  15  10  37  12  11   6   3   5  12   9   5   9  19 158  24
  87  13   7  18]
,[1.         0.84615385 0.70967742 0.19354839 0.68571429 0.5
 0.20588235 0.65079365 0.52380952 0.55555556 0.57777778 0.71186441
 0.33333333 1.         0.86363636 0.6        0.35897436 0.76470588
 0.84615385 0.90909091 0.76666667 0.35294118 0.48387097 0.93333333
 0.17647059 0.44444444 0.54545455 0.4        0.81818182 0.28571429
 1.         0.66666667 0.55555556 0.94736842 0.35       0.64285714
 0.70833333 0.71428571 1.         0.66666667 0.875      0.41666667
 0.62068966 0.58333333 1.         0.73529412 0.5        0.46153846
 0.52777778 0.6875     0.39285714 0.71428571 0.56521739 0.41935484
 1.         0.90909091 0.48       0.66666667 0.         0.22222222
 0.47058824 0.75       0.7037037  0.88461538 0.75       0.92307692
 0.71428571 0.85714286 0.58333333 0.16666667 0.18181818 0.85714286
 0.59090909 0.375      0.5        0.78571429 1.         0.78571429
 0.5        0.42857143 0.57142857 0.45454545 0.31578947 0.5625
 0.5        0.92857143 1.         0.66666667 0.58333333 0.70175439
 0.88235294 0.62903226 0.9047619  0.9        1.         0.43965517
 1.         0.83333333 0.8125     0.8        0.5        0.33333333
 0.94444444 0.66666667 0.48314607 0.53846154 0.92857143 0.45454545
 0.65625    1.         0.66666667 0.5        0.90909091 0.78571429
 0.33333333 0.9047619  0.89473684 0.65       0.66666667 0.92857143
 0.82352941 0.45833333 0.75862069 0.57142857 0.1        0.4137931
 0.71428571 0.45714286 0.88372093 0.77777778 0.75       0.825
 0.56097561 0.5        0.14285714 1.         0.65116279 0.74285714
 0.66666667 0.86666667 0.75       0.68181818 0.59375    0.375
 0.69264069 0.33333333 0.36923077 0.45454545 0.375      0.58333333
 0.8        0.88888889 0.90909091 0.5        0.66666667 0.53846154
 0.76       0.76470588 0.25555556 0.625      0.47619048 0.8
 0.4        0.8        0.25       0.86666667 0.14285714 0.86666667
 0.61538462 0.62068966 0.63636364 0.94444444 0.26315789 0.8
 0.84615385 0.60714286 0.92857143 1.         0.66666667 0.25925926
 0.5        1.         0.42307692 0.92857143 0.08333333 0.88235294
 0.75       0.54545455 0.92307692 0.66666667 0.44444444 0.64285714
 0.74285714 0.55555556 0.         0.8        0.83333333 0.86666667
 0.22222222 0.44       1.         0.875      0.6        0.88235294
 0.36       0.39130435 0.84615385 0.68421053 0.10344828 0.5
 0.46153846 0.84       0.92307692 0.45833333 1.         0.92857143
 1.         0.91666667 0.22222222 1.         0.77272727 0.6
 0.61538462 0.47058824 1.         0.28571429 0.52272727 0.7
 0.66666667 0.82608696 0.8125     0.75555556 0.1        0.35294118
 0.80952381 0.4        0.77272727 0.625      0.90909091 0.80434783
 0.63157895 0.73333333 0.42857143 0.33333333 0.5        0.5
 0.81818182 0.55555556 0.2195122  0.95       0.78606965 0.96
 0.80555556 0.59090909 0.36842105 0.6       ]
,[0.85       0.55       0.70967742 0.23076923 0.8        0.16666667
 0.31818182 0.87234043 0.52380952 0.52631579 0.92857143 0.95454545
 0.05       0.72222222 0.76       0.63157895 0.66666667 0.61904762
 0.44       0.58823529 0.79310345 0.3        0.68181818 0.60869565
 0.39130435 0.18181818 0.9        0.36363636 0.42857143 0.0952381
 0.66666667 0.66666667 0.23809524 0.9        0.38888889 0.81818182
 0.70833333 0.22727273 0.05882353 0.72       0.77777778 0.27777778
 0.72       0.84       0.52941176 0.92592593 0.31578947 0.57142857
 0.86363636 0.55       0.47826087 0.29411765 0.76470588 0.54166667
 0.45       0.47619048 0.54545455 0.21052632 0.         0.11111111
 0.38095238 0.88235294 0.76       0.85185185 0.71428571 0.70588235
 0.58823529 0.27272727 0.35       0.11764706 0.1        0.75
 0.65       0.26086957 0.17647059 0.64705882 0.89473684 0.61111111
 0.3        0.25       0.42105263 0.29411765 0.31578947 0.52941176
 0.47826087 0.8125     0.63157895 0.2        0.63636364 0.93023256
 0.78947368 0.95121951 0.82608696 0.85714286 0.66666667 0.89473684
 0.77777778 0.75       0.8125     0.84210526 0.89285714 0.11111111
 0.73913043 0.7        0.7962963  0.38888889 0.72222222 0.29411765
 0.65625    0.76470588 0.58823529 0.29411765 0.83333333 0.91666667
 0.05555556 0.86363636 0.68       0.59090909 0.11111111 0.5
 0.82352941 0.52380952 0.95652174 0.42105263 0.19047619 0.48979592
 0.96153846 0.76190476 1.         0.73684211 0.63157895 0.86842105
 0.82142857 0.29166667 0.21052632 0.42105263 0.875      0.66666667
 0.44444444 0.72222222 0.75       0.68181818 0.73076923 0.35294118
 1.         0.23529412 0.58536585 0.57142857 0.28571429 0.60869565
 0.90909091 0.66666667 0.52631579 0.71428571 0.10526316 0.35
 0.9047619  0.86666667 0.54761905 0.29411765 0.95238095 0.42105263
 0.33333333 0.95238095 0.05555556 0.68421053 0.11111111 0.92857143
 0.42105263 0.85714286 0.41176471 0.85       0.22727273 0.70588235
 0.64705882 0.77272727 0.65       0.85       0.75       0.33333333
 0.5        0.83333333 0.55       0.76470588 0.04761905 0.88235294
 0.15789474 0.33333333 0.5        0.7826087  0.52173913 0.39130435
 0.74285714 0.65217391 0.         0.95238095 0.5        0.59090909
 0.38095238 0.55       1.         0.35       0.47368421 0.9375
 0.5        0.45       0.47826087 0.59090909 0.14285714 0.56521739
 0.31578947 0.75       0.57142857 0.78571429 0.70588235 0.65
 0.95238095 0.64705882 0.11764706 0.63157895 0.80952381 0.15789474
 0.5        0.36363636 0.88888889 0.1        0.76666667 0.36842105
 0.10526316 1.         0.56521739 0.94444444 0.15       0.48
 0.73913043 0.1        0.94444444 0.75       0.58823529 0.90243902
 0.63157895 0.57894737 0.33333333 0.15789474 0.26315789 0.57142857
 0.47368421 0.29411765 0.45       0.95       0.9875     1.
 1.         0.68421053 0.33333333 0.81818182]
,[0.91891892 0.66666667 0.70967742 0.21052632 0.73846154 0.25
 0.25       0.74545455 0.52380952 0.54054054 0.71232877 0.81553398
 0.08695652 0.83870968 0.80851064 0.61538462 0.46666667 0.68421053
 0.57894737 0.71428571 0.77966102 0.32432432 0.56603774 0.73684211
 0.24324324 0.25806452 0.67924528 0.38095238 0.5625     0.14285714
 0.8        0.66666667 0.33333333 0.92307692 0.36842105 0.72
 0.70833333 0.34482759 0.11111111 0.69230769 0.82352941 0.33333333
 0.66666667 0.68852459 0.69230769 0.81967213 0.38709677 0.5106383
 0.65517241 0.61111111 0.43137255 0.41666667 0.65       0.47272727
 0.62068966 0.625      0.5106383  0.32       0.         0.14814815
 0.42105263 0.81081081 0.73076923 0.86792453 0.73170732 0.8
 0.64516129 0.4137931  0.4375     0.13793103 0.12903226 0.8
 0.61904762 0.30769231 0.26086957 0.70967742 0.94444444 0.6875
 0.375      0.31578947 0.48484848 0.35714286 0.31578947 0.54545455
 0.48888889 0.86666667 0.77419355 0.30769231 0.60869565 0.8
 0.83333333 0.75728155 0.86363636 0.87804878 0.8        0.58959538
 0.875      0.78947368 0.8125     0.82051282 0.64102564 0.16666667
 0.82926829 0.68292683 0.6013986  0.4516129  0.8125     0.35714286
 0.65625    0.86666667 0.625      0.37037037 0.86956522 0.84615385
 0.0952381  0.88372093 0.77272727 0.61904762 0.19047619 0.65
 0.82352941 0.48888889 0.84615385 0.48484848 0.13114754 0.44859813
 0.81967213 0.57142857 0.9382716  0.75675676 0.68571429 0.84615385
 0.66666667 0.36842105 0.17021277 0.59259259 0.74666667 0.7027027
 0.53333333 0.78787879 0.75       0.68181818 0.65517241 0.36363636
 0.81841432 0.27586207 0.45283019 0.50632911 0.32432432 0.59574468
 0.85106383 0.76190476 0.66666667 0.58823529 0.18181818 0.42424242
 0.82608696 0.8125     0.34848485 0.4        0.63492063 0.55172414
 0.36363636 0.86956522 0.09090909 0.76470588 0.125      0.89655172
 0.5        0.72       0.5        0.89473684 0.24390244 0.75
 0.73333333 0.68       0.76470588 0.91891892 0.70588235 0.29166667
 0.5        0.90909091 0.47826087 0.83870968 0.06060606 0.88235294
 0.26086957 0.4137931  0.64864865 0.72       0.48       0.48648649
 0.74285714 0.6        0.         0.86956522 0.625      0.7027027
 0.28070175 0.48888889 1.         0.5        0.52941176 0.90909091
 0.41860465 0.41860465 0.61111111 0.63414634 0.12       0.53061224
 0.375      0.79245283 0.70588235 0.57894737 0.82758621 0.76470588
 0.97560976 0.75862069 0.15384615 0.77419355 0.79069767 0.25
 0.55172414 0.41025641 0.94117647 0.14814815 0.62162162 0.48275862
 0.18181818 0.9047619  0.66666667 0.83950617 0.12       0.40677966
 0.77272727 0.16       0.85       0.68181818 0.71428571 0.85057471
 0.63157895 0.64705882 0.375      0.21428571 0.34482759 0.53333333
 0.6        0.38461538 0.29508197 0.95       0.87534626 0.97959184
 0.89230769 0.63414634 0.35       0.69230769]
