mACC, mP, mR, mF1, ACC, P, R, F1
0.7077278731836195,0.7153785937601971,0.6745299262678238,0.6713561435636121
,[ 17  13  25  16  25   8  12  42  14   8  41  36  14  13  23  14  12  15
  20  13  19   9  13  17   0   6  20  16  18   7  11  18  11  18  15  19
  18  15   0  20  13   5  18  19   9  24  14  12  19  10  19   6  16  19
  13  19  18   6   1   5  14  17  23  24  16  15  12  16   0   4  14  23
  18  14   5  14  17   7  13  13  11  13   1  16  16  14  16  14  20  42
  18  38  21  20  15  49  12  14   2  14  24   0  16  16  44   7  17   3
  19  14  11  12  22  22   7  17  13  15   6  16  16   3  23   9   7  14
  24  12  38  13  14  37  26  19   1  11  32  30  10  13  21  19  23  10
 160   8  31  22  16  17  20  20  13  20  10   5  20  24  20  11  19   8
   2  20   3  17   5  25   9  19  10  20   2  14  15  19  16  18  16  13
  13  22  18  16   1  16  16   5  23  13   0  16  25  14   1  17  12  12
  14  12  17  19   6  16   9  13  18  17   7  17   7  25  18  26  13  15
  19  14   3  16  20   8   4  12  16  12  26  14   6  18  16  67   0  17
  13  12  14  19  13  35  18  16   7  10   6  16   0  13   3  20 159  24
  72  16  19  10]
,[0.68       0.92857143 0.78125    0.47058824 0.96153846 1.
 1.         0.76363636 0.875      0.38095238 1.         1.
 0.77777778 0.8125     0.92       0.82352941 0.70588235 0.68181818
 0.57142857 0.86666667 0.51351351 0.64285714 0.92857143 0.70833333
 0.         0.66666667 0.42553191 0.84210526 0.69230769 0.22580645
 0.84615385 0.38297872 0.55       1.         0.42857143 0.9047619
 0.69230769 0.88235294 0.         0.95238095 0.86666667 0.71428571
 0.72       0.95       0.81818182 0.82758621 0.93333333 0.70588235
 0.95       0.90909091 0.67857143 0.66666667 0.8        0.55882353
 0.86666667 0.73076923 0.5625     0.85714286 0.09090909 0.83333333
 0.66666667 0.68       0.82142857 0.85714286 0.84210526 0.9375
 0.75       0.72727273 0.         0.26666667 0.53846154 0.88461538
 0.64285714 0.37837838 0.625      0.93333333 1.         0.7
 0.52       0.52       0.78571429 0.65       0.25       1.
 0.88888889 0.875      1.         0.82352941 0.57142857 0.63636364
 0.375      0.9047619  0.80769231 0.95238095 0.68181818 0.35251799
 0.75       1.         1.         0.82352941 0.5106383  0.
 1.         0.76190476 0.65671642 0.77777778 0.94444444 0.42857143
 0.9047619  0.93333333 1.         0.75       0.95652174 0.91666667
 0.63636364 0.89473684 0.72222222 0.68181818 0.26086957 0.94117647
 0.84210526 0.3        0.92       1.         0.25925926 0.38888889
 0.61538462 0.63157895 0.97435897 0.68421053 0.82352941 0.82222222
 0.72222222 0.95       0.14285714 1.         0.71111111 0.625
 0.90909091 0.92857143 1.         0.57575758 0.62162162 0.66666667
 0.89385475 0.44444444 0.62       0.70967742 0.33333333 0.51515152
 0.90909091 0.95238095 0.8125     0.74074074 0.76923077 0.625
 0.83333333 0.88888889 0.44444444 1.         0.55882353 0.57142857
 0.33333333 0.90909091 0.5        0.89473684 0.71428571 1.
 1.         0.73076923 0.58823529 0.68965517 0.33333333 0.82352941
 0.83333333 0.73076923 0.72727273 0.94736842 0.57142857 0.44827586
 0.8125     1.         0.6        0.72727273 0.11111111 0.88888889
 0.94117647 0.83333333 0.51111111 0.72222222 0.         0.88888889
 0.86206897 0.82352941 0.16666667 0.85       0.70588235 0.92307692
 0.31111111 1.         0.94444444 0.52777778 0.75       0.84210526
 0.81818182 0.56521739 0.72       0.94444444 0.25925926 0.68
 0.7        0.80645161 0.9        0.89655172 1.         0.83333333
 0.95       0.73684211 0.75       0.53333333 0.66666667 0.34782609
 0.8        0.57142857 1.         1.         0.50980392 0.73684211
 0.75       0.9        0.8        0.78823529 0.         0.48571429
 0.92857143 0.63157895 1.         0.7037037  0.61904762 0.875
 0.5625     1.         0.875      1.         0.5        0.66666667
 0.         1.         0.33333333 0.95238095 0.74299065 0.85714286
 0.73469388 0.88888889 0.36538462 0.76923077]
,[0.85       0.65       0.80645161 0.61538462 0.83333333 0.44444444
 0.54545455 0.89361702 0.66666667 0.42105263 0.73214286 0.81818182
 0.7        0.72222222 0.92       0.73684211 0.57142857 0.71428571
 0.8        0.76470588 0.65517241 0.45       0.59090909 0.73913043
 0.         0.27272727 1.         0.72727273 0.85714286 0.33333333
 0.61111111 0.85714286 0.52380952 0.9        0.83333333 0.86363636
 0.75       0.68181818 0.         0.8        0.72222222 0.27777778
 0.72       0.76       0.52941176 0.88888889 0.73684211 0.57142857
 0.86363636 0.5        0.82608696 0.35294118 0.94117647 0.79166667
 0.65       0.9047619  0.81818182 0.31578947 0.05882353 0.27777778
 0.66666667 1.         0.92       0.88888889 0.76190476 0.88235294
 0.70588235 0.72727273 0.         0.23529412 0.7        0.95833333
 0.9        0.60869565 0.29411765 0.82352941 0.89473684 0.38888889
 0.65       0.54166667 0.57894737 0.76470588 0.05263158 0.94117647
 0.69565217 0.875      0.84210526 0.7        0.90909091 0.97674419
 0.94736842 0.92682927 0.91304348 0.95238095 0.83333333 0.85964912
 0.66666667 0.7        0.125      0.73684211 0.85714286 0.
 0.69565217 0.8        0.81481481 0.38888889 0.94444444 0.17647059
 0.59375    0.82352941 0.64705882 0.70588235 0.91666667 0.91666667
 0.38888889 0.77272727 0.52       0.68181818 0.33333333 0.61538462
 0.94117647 0.14285714 1.         0.47368421 0.33333333 0.28571429
 0.92307692 0.57142857 1.         0.68421053 0.73684211 0.97368421
 0.92857143 0.79166667 0.05263158 0.57894737 1.         0.76923077
 0.55555556 0.72222222 0.875      0.86363636 0.88461538 0.58823529
 1.         0.47058824 0.75609756 0.62857143 0.76190476 0.73913043
 0.90909091 0.83333333 0.68421053 0.95238095 0.52631579 0.25
 0.95238095 0.8        0.47619048 0.64705882 0.9047619  0.42105263
 0.11111111 0.95238095 0.16666667 0.89473684 0.27777778 0.89285714
 0.47368421 0.9047619  0.58823529 1.         0.09090909 0.82352941
 0.88235294 0.86363636 0.8        0.9        1.         0.61904762
 0.65       0.91666667 0.9        0.94117647 0.04761905 0.94117647
 0.84210526 0.27777778 0.95833333 0.56521739 0.         0.69565217
 0.71428571 0.60869565 0.05555556 0.80952381 0.6        0.54545455
 0.66666667 0.6        1.         0.95       0.31578947 1.
 0.5        0.65       0.7826087  0.77272727 0.33333333 0.73913043
 0.36842105 0.89285714 0.85714286 0.92857143 0.76470588 0.75
 0.9047619  0.82352941 0.17647059 0.84210526 0.95238095 0.42105263
 0.25       0.54545455 0.88888889 0.6        0.86666667 0.73684211
 0.31578947 0.94736842 0.69565217 0.93055556 0.         0.68
 0.56521739 0.6        0.77777778 0.95       0.76470588 0.85365854
 0.94736842 0.84210526 0.38888889 0.52631579 0.31578947 0.76190476
 0.         0.76470588 0.15       1.         0.99375    1.
 0.82758621 0.84210526 0.9047619  0.45454545]
,[0.75555556 0.76470588 0.79365079 0.53333333 0.89285714 0.61538462
 0.70588235 0.82352941 0.75675676 0.4        0.84536082 0.9
 0.73684211 0.76470588 0.92       0.77777778 0.63157895 0.69767442
 0.66666667 0.8125     0.57575758 0.52941176 0.72222222 0.72340426
 0.         0.38709677 0.59701493 0.7804878  0.76595745 0.26923077
 0.70967742 0.52941176 0.53658537 0.94736842 0.56603774 0.88372093
 0.72       0.76923077 0.         0.86956522 0.78787879 0.4
 0.72       0.84444444 0.64285714 0.85714286 0.82352941 0.63157895
 0.9047619  0.64516129 0.74509804 0.46153846 0.86486486 0.65517241
 0.74285714 0.80851064 0.66666667 0.46153846 0.07142857 0.41666667
 0.66666667 0.80952381 0.86792453 0.87272727 0.8        0.90909091
 0.72727273 0.72727273 0.         0.25       0.60869565 0.92
 0.75       0.46666667 0.4        0.875      0.94444444 0.5
 0.57777778 0.53061224 0.66666667 0.7027027  0.08695652 0.96969697
 0.7804878  0.875      0.91428571 0.75675676 0.70175439 0.7706422
 0.53731343 0.91566265 0.85714286 0.95238095 0.75       0.5
 0.70588235 0.82352941 0.22222222 0.77777778 0.64       0.
 0.82051282 0.7804878  0.72727273 0.51851852 0.94444444 0.25
 0.71698113 0.875      0.78571429 0.72727273 0.93617021 0.91666667
 0.48275862 0.82926829 0.60465116 0.68181818 0.29268293 0.74418605
 0.88888889 0.19354839 0.95833333 0.64285714 0.29166667 0.32941176
 0.73846154 0.6        0.98701299 0.68421053 0.77777778 0.89156627
 0.8125     0.86363636 0.07692308 0.73333333 0.83116883 0.68965517
 0.68965517 0.8125     0.93333333 0.69090909 0.73015873 0.625
 0.9439528  0.45714286 0.68131868 0.66666667 0.46376812 0.60714286
 0.90909091 0.88888889 0.74285714 0.83333333 0.625      0.35714286
 0.88888889 0.84210526 0.45977011 0.78571429 0.69090909 0.48484848
 0.16666667 0.93023256 0.25       0.89473684 0.4        0.94339623
 0.64285714 0.80851064 0.58823529 0.81632653 0.14285714 0.82352941
 0.85714286 0.79166667 0.76190476 0.92307692 0.72727273 0.52
 0.72222222 0.95652174 0.72       0.82051282 0.06666667 0.91428571
 0.88888889 0.41666667 0.66666667 0.63414634 0.         0.7804878
 0.78125    0.7        0.08333333 0.82926829 0.64864865 0.68571429
 0.42424242 0.75       0.97142857 0.67857143 0.44444444 0.91428571
 0.62068966 0.60465116 0.75       0.85       0.29166667 0.70833333
 0.48275862 0.84745763 0.87804878 0.9122807  0.86666667 0.78947368
 0.92682927 0.77777778 0.28571429 0.65306122 0.78431373 0.38095238
 0.38095238 0.55813953 0.94117647 0.75       0.64197531 0.73684211
 0.44444444 0.92307692 0.74418605 0.85350318 0.         0.56666667
 0.7027027  0.61538462 0.875      0.80851064 0.68421053 0.86419753
 0.70588235 0.91428571 0.53846154 0.68965517 0.38709677 0.71111111
 0.         0.86666667 0.20689655 0.97560976 0.85026738 0.92307692
 0.77837838 0.86486486 0.52054795 0.57142857]
