mACC, mP, mR, mF1, ACC, P, R, F1
0.7303500660501981,0.7522565483779291,0.6997405756177004,0.6997095846869466
,[ 18  15  26  14  26   6  10  36  17  12  52  40  12  10  22  15  11  14
  16  13  24  16  18  15   4  14  16  19  16   9  13  18  14  19  12  18
  21  12   1  21  14   5  15  25   9  23  10  12  21   8  19  12  17  21
  12  10  21   8   3   4  13  16  18  24  20  16  13  16   0   3  13  23
  15  13  11  15  16   8  13   8  13  10  12  13  18  13  16  12  18  40
  17  38  15  21  14  42  13  16   5  17  25   1  23  18  48  11  16   5
  25  14  10  13  19  22   6  17  15  18   2  19  17   0  18  17   3  19
  24  15  38  18  14  37  27  15   8  16  32  25  13  15  21  17  22   9
 157  13  26  27  15  16  20  21  16  18   8  10  21  24  15  12  19  14
   7  18   7  14   9  28   9  19  14  19   6  13  13  16  13  18  16  10
  16  23  15  16   0  17  12   7  19  15   1  17  26  14   5  17  13  15
  16  15  17  18  11  16   9  17  13  19  11  16   9  21  17  28  12  17
  21  10   5  13  19  10   5  10  15  10  25  14   6  19  17  65   1  19
  15  14  14  16  10  40  14  16   8  13   5  13  12  12   6  20 160  24
  87  15  16  20]
,[0.75       0.83333333 0.52       0.51851852 0.83870968 1.
 0.76923077 0.73469388 0.62962963 0.8        0.78787879 0.93023256
 0.8        0.83333333 0.81481481 0.6        0.78571429 0.63636364
 0.94117647 0.59090909 0.70588235 0.51612903 0.94736842 1.
 0.8        0.82352941 0.8        0.86363636 0.88888889 0.28125
 0.56521739 0.81818182 0.63636364 0.86363636 0.36363636 0.9
 0.58333333 0.92307692 1.         0.875      0.77777778 0.625
 0.83333333 0.75757576 0.64285714 0.82142857 1.         0.92307692
 0.875      1.         0.52777778 0.63157895 0.80952381 0.7
 1.         0.76923077 0.80769231 0.47058824 1.         1.
 0.86666667 0.84210526 0.85714286 0.8        0.64516129 0.94117647
 0.76470588 0.66666667 0.         1.         0.8125     0.88461538
 0.88235294 0.56521739 0.57894737 0.71428571 0.88888889 1.
 0.48148148 0.5        0.65       0.90909091 0.6        0.86666667
 0.81818182 0.76470588 0.76190476 1.         0.54545455 0.8
 0.53125    0.82608696 0.83333333 0.91304348 0.82352941 0.80769231
 1.         1.         0.83333333 0.77272727 0.80645161 0.5
 0.79310345 0.64285714 0.63157895 0.64705882 1.         0.83333333
 0.86206897 0.77777778 0.76923077 0.92857143 0.86363636 1.
 1.         0.60714286 0.83333333 0.9        0.66666667 0.9047619
 0.68       0.         1.         0.89473684 0.6        0.40425532
 0.46153846 0.71428571 0.95       0.69230769 0.93333333 0.5
 0.675      0.9375     0.4        0.84210526 0.61538462 0.83333333
 0.92857143 0.9375     0.84       0.62962963 0.73333333 0.75
 0.90229885 0.5        0.54166667 0.61363636 0.6        0.76190476
 0.86956522 0.95454545 0.88888889 0.58064516 0.57142857 0.71428571
 0.7        0.92307692 0.24193548 0.70588235 0.7037037  0.63636364
 0.77777778 0.94736842 0.77777778 0.93333333 0.75       0.82352941
 0.69230769 0.67857143 0.56       0.79166667 0.5        1.
 1.         0.8        0.76470588 0.85714286 0.8        0.3125
 0.84210526 0.95833333 0.71428571 0.64       0.         0.94444444
 0.5        0.5        0.76       0.71428571 0.33333333 0.56666667
 0.92857143 0.73684211 0.33333333 0.80952381 0.72222222 0.88235294
 0.61538462 0.78947368 0.94444444 0.72       0.47826087 0.88888889
 0.75       0.65384615 0.8125     0.95       0.42307692 0.72727273
 1.         0.91304348 0.73913043 0.75675676 0.92307692 0.89473684
 0.91304348 0.90909091 0.5        0.68421053 0.95       1.
 0.71428571 0.83333333 0.9375     1.         0.43859649 0.7
 1.         0.9047619  0.60714286 0.65       0.33333333 0.48717949
 0.83333333 0.93333333 0.77777778 0.88888889 0.90909091 0.8
 0.60869565 0.84210526 1.         1.         0.83333333 0.61904762
 0.57142857 1.         0.35294118 0.95238095 0.69565217 0.85714286
 0.87878788 0.75       0.45714286 0.5       ]
,[0.9        0.75       0.83870968 0.53846154 0.86666667 0.33333333
 0.45454545 0.76595745 0.80952381 0.63157895 0.92857143 0.90909091
 0.6        0.55555556 0.88       0.78947368 0.52380952 0.66666667
 0.64       0.76470588 0.82758621 0.8        0.81818182 0.65217391
 0.17391304 0.63636364 0.8        0.86363636 0.76190476 0.42857143
 0.72222222 0.85714286 0.66666667 0.95       0.66666667 0.81818182
 0.875      0.54545455 0.05882353 0.84       0.77777778 0.27777778
 0.6        1.         0.52941176 0.85185185 0.52631579 0.57142857
 0.95454545 0.4        0.82608696 0.70588235 1.         0.875
 0.6        0.47619048 0.95454545 0.42105263 0.17647059 0.22222222
 0.61904762 0.94117647 0.72       0.88888889 0.95238095 0.94117647
 0.76470588 0.72727273 0.         0.17647059 0.65       0.95833333
 0.75       0.56521739 0.64705882 0.88235294 0.84210526 0.44444444
 0.65       0.33333333 0.68421053 0.58823529 0.63157895 0.76470588
 0.7826087  0.8125     0.84210526 0.6        0.81818182 0.93023256
 0.89473684 0.92682927 0.65217391 1.         0.77777778 0.73684211
 0.72222222 0.8        0.3125     0.89473684 0.89285714 0.05555556
 1.         0.9        0.88888889 0.61111111 0.88888889 0.29411765
 0.78125    0.82352941 0.58823529 0.76470588 0.79166667 0.91666667
 0.33333333 0.77272727 0.6        0.81818182 0.11111111 0.73076923
 1.         0.         0.7826087  0.89473684 0.14285714 0.3877551
 0.92307692 0.71428571 1.         0.94736842 0.73684211 0.97368421
 0.96428571 0.625      0.42105263 0.84210526 1.         0.64102564
 0.72222222 0.83333333 0.875      0.77272727 0.84615385 0.52941176
 0.98125    0.76470588 0.63414634 0.77142857 0.71428571 0.69565217
 0.90909091 0.875      0.84210526 0.85714286 0.42105263 0.5
 1.         0.8        0.35714286 0.70588235 0.9047619  0.73684211
 0.38888889 0.85714286 0.38888889 0.73684211 0.5        1.
 0.47368421 0.9047619  0.82352941 0.95       0.27272727 0.76470588
 0.76470588 0.72727273 0.65       0.9        1.         0.47619048
 0.8        0.95833333 0.75       0.94117647 0.         1.
 0.63157895 0.38888889 0.79166667 0.65217391 0.04347826 0.73913043
 0.74285714 0.60869565 0.27777778 0.80952381 0.65       0.68181818
 0.76190476 0.75       1.         0.9        0.57894737 1.
 0.5        0.85       0.56521739 0.86363636 0.52380952 0.69565217
 0.47368421 0.75       0.80952381 1.         0.70588235 0.85
 1.         0.58823529 0.29411765 0.68421053 0.9047619  0.52631579
 0.3125     0.45454545 0.83333333 0.5        0.83333333 0.73684211
 0.31578947 1.         0.73913043 0.90277778 0.05       0.76
 0.65217391 0.7        0.77777778 0.8        0.58823529 0.97560976
 0.73684211 0.84210526 0.44444444 0.68421053 0.26315789 0.61904762
 0.63157895 0.70588235 0.3        1.         1.         1.
 1.         0.78947368 0.76190476 0.90909091]
,[0.81818182 0.78947368 0.64197531 0.52830189 0.85245902 0.5
 0.57142857 0.75       0.70833333 0.70588235 0.85245902 0.91954023
 0.68571429 0.66666667 0.84615385 0.68181818 0.62857143 0.65116279
 0.76190476 0.66666667 0.76190476 0.62745098 0.87804878 0.78947368
 0.28571429 0.71794872 0.8        0.86363636 0.82051282 0.33962264
 0.63414634 0.8372093  0.65116279 0.9047619  0.47058824 0.85714286
 0.7        0.68571429 0.11111111 0.85714286 0.77777778 0.38461538
 0.69767442 0.86206897 0.58064516 0.83636364 0.68965517 0.70588235
 0.91304348 0.57142857 0.6440678  0.66666667 0.89473684 0.77777778
 0.75       0.58823529 0.875      0.44444444 0.3        0.36363636
 0.72222222 0.88888889 0.7826087  0.84210526 0.76923077 0.94117647
 0.76470588 0.69565217 0.         0.3        0.72222222 0.92
 0.81081081 0.56521739 0.61111111 0.78947368 0.86486486 0.61538462
 0.55319149 0.4        0.66666667 0.71428571 0.61538462 0.8125
 0.8        0.78787879 0.8        0.75       0.65454545 0.86021505
 0.66666667 0.87356322 0.73170732 0.95454545 0.8        0.7706422
 0.83870968 0.88888889 0.45454545 0.82926829 0.84745763 0.1
 0.88461538 0.75       0.73846154 0.62857143 0.94117647 0.43478261
 0.81967213 0.8        0.66666667 0.83870968 0.82608696 0.95652174
 0.5        0.68       0.69767442 0.85714286 0.19047619 0.80851064
 0.80952381 0.         0.87804878 0.89473684 0.23076923 0.39583333
 0.61538462 0.71428571 0.97435897 0.8        0.82352941 0.66071429
 0.79411765 0.75       0.41025641 0.84210526 0.76190476 0.72463768
 0.8125     0.88235294 0.85714286 0.69387755 0.78571429 0.62068966
 0.94011976 0.60465116 0.58426966 0.6835443  0.65217391 0.72727273
 0.88888889 0.91304348 0.86486486 0.69230769 0.48484848 0.58823529
 0.82352941 0.85714286 0.28846154 0.70588235 0.79166667 0.68292683
 0.51851852 0.9        0.51851852 0.82352941 0.6        0.90322581
 0.5625     0.7755102  0.66666667 0.86363636 0.35294118 0.86666667
 0.86666667 0.76190476 0.7027027  0.87804878 0.88888889 0.37735849
 0.82051282 0.95833333 0.73170732 0.76190476 0.         0.97142857
 0.55813953 0.4375     0.7755102  0.68181818 0.07692308 0.64150943
 0.82539683 0.66666667 0.3030303  0.80952381 0.68421053 0.76923077
 0.68085106 0.76923077 0.97142857 0.8        0.52380952 0.94117647
 0.6        0.73913043 0.66666667 0.9047619  0.46808511 0.71111111
 0.64285714 0.82352941 0.77272727 0.86153846 0.8        0.87179487
 0.95454545 0.71428571 0.37037037 0.68421053 0.92682927 0.68965517
 0.43478261 0.58823529 0.88235294 0.66666667 0.57471264 0.71794872
 0.48       0.95       0.66666667 0.75581395 0.08695652 0.59375
 0.73170732 0.8        0.77777778 0.84210526 0.71428571 0.87912088
 0.66666667 0.84210526 0.61538462 0.8125     0.4        0.61904762
 0.6        0.82758621 0.32432432 0.97560976 0.82051282 0.92307692
 0.93548387 0.76923077 0.57142857 0.64516129]
