mACC, mP, mR, mF1, ACC, P, R, F1
0.5780456852791879,0.5774547308294465,0.4534586897052705,0.45944689942789796
,[ 71   0  10  66  90  28  96  61  27   2  90   0  24   2   6  21   1  18
   5  58   6  16  18   5   0  16  14   0  10  21  41  28   4   8  88   0
  17 128   1  45   0  95   1  19   6  36  17   0  16   0  12  70  31   8
  61   0  10  20   8  76  38   4  19   3   9  84  37]
,[0.44936709 0.         0.35714286 0.56410256 0.39823009 0.8
 0.61146497 0.5        0.9        0.33333333 0.56603774 0.
 0.70588235 0.66666667 1.         0.58333333 1.         0.6
 0.83333333 0.53211009 0.42857143 0.55172414 0.7826087  0.71428571
 0.         0.5        0.93333333 0.         1.         0.63636364
 0.63076923 0.8        1.         1.         0.60689655 0.
 0.51515152 0.55411255 1.         0.9375     0.         0.42986425
 0.5        0.48717949 0.6        0.67924528 0.5862069  0.
 0.88888889 0.         0.63157895 0.93333333 0.86111111 1.
 0.5        0.         0.76923077 0.74074074 0.66666667 0.5170068
 0.61290323 0.57142857 0.43181818 0.23076923 0.69230769 0.62686567
 0.74      ]
,[0.58196721 0.         0.27777778 0.81481481 0.74380165 0.7
 0.72180451 0.80263158 0.62790698 0.08695652 0.87378641 0.
 0.66666667 0.08695652 0.25       0.77777778 0.04545455 0.7826087
 0.23809524 0.82857143 0.11538462 0.59259259 0.32727273 0.23809524
 0.         0.76190476 0.53846154 0.         0.47619048 0.48837209
 0.87234043 0.58333333 0.19047619 0.38095238 0.95652174 0.
 0.65384615 0.8707483  0.04       0.80357143 0.         0.66901408
 0.04761905 0.38       0.16666667 0.76595745 0.48571429 0.
 0.55172414 0.         0.44444444 0.90909091 0.88571429 0.38095238
 0.59223301 0.         0.41666667 0.64516129 0.36363636 0.7037037
 0.54285714 0.12903226 0.55882353 0.13636364 0.3        0.82352941
 0.68518519]
,[0.50714286 0.         0.3125     0.66666667 0.51873199 0.74666667
 0.66206897 0.61616162 0.73972603 0.13793103 0.6870229  0.
 0.68571429 0.15384615 0.4        0.66666667 0.08695652 0.67924528
 0.37037037 0.64804469 0.18181818 0.57142857 0.46153846 0.35714286
 0.         0.60377358 0.68292683 0.         0.64516129 0.55263158
 0.73214286 0.6746988  0.32       0.55172414 0.74261603 0.
 0.57627119 0.67724868 0.07692308 0.86538462 0.         0.52341598
 0.08695652 0.42696629 0.26086957 0.72       0.53125    0.
 0.68085106 0.         0.52173913 0.92105263 0.87323944 0.55172414
 0.54222222 0.         0.54054054 0.68965517 0.47058824 0.59607843
 0.57575758 0.21052632 0.48717949 0.17142857 0.41860465 0.71186441
 0.71153846]
