mACC, mP, mR, mF1, ACC, P, R, F1
0.5850253807106599,0.5566545366979843,0.47520826503396774,0.47138177772107426
,[ 71   0  24  57  84  26 103  60  34   5  93   0  27   1  18  23   7  19
  11  46   4  18   5   8   0  17  16   0  17  26  39  26   9   2  90   0
   5 123   0  47   0  96   0  23   4  36  10   0  21   0  13  69  31   8
  53   4   4  22  15  77  56   5  12   2   3  91  28]
,[0.46710526 0.         0.38095238 0.61290323 0.58333333 0.72222222
 0.66025641 0.49586777 0.87179487 0.41666667 0.7265625  0.
 0.71052632 0.25       0.9        0.71875    0.875      0.61290323
 0.47826087 0.65714286 0.25       0.52941176 1.         0.57142857
 0.         0.70833333 0.88888889 0.         0.85       0.60465116
 0.65       0.8125     0.81818182 1.         0.61643836 0.
 0.625      0.58018868 0.         0.83928571 0.         0.39834025
 0.         0.53488372 0.8        0.35643564 0.58823529 0.
 0.80769231 0.         0.59090909 0.92       0.96875    1.
 0.46902655 0.57142857 0.57142857 0.84615385 0.68181818 0.64705882
 0.31111111 0.5        0.92307692 0.5        0.6        0.55828221
 0.66666667]
,[0.58196721 0.         0.66666667 0.7037037  0.69421488 0.65
 0.77443609 0.78947368 0.79069767 0.2173913  0.90291262 0.
 0.75       0.04347826 0.75       0.85185185 0.31818182 0.82608696
 0.52380952 0.65714286 0.07692308 0.66666667 0.09090909 0.38095238
 0.         0.80952381 0.61538462 0.         0.80952381 0.60465116
 0.82978723 0.54166667 0.42857143 0.0952381  0.97826087 0.
 0.19230769 0.83673469 0.         0.83928571 0.         0.67605634
 0.         0.46       0.11111111 0.76595745 0.28571429 0.
 0.72413793 0.         0.48148148 0.8961039  0.88571429 0.38095238
 0.51456311 0.18181818 0.16666667 0.70967742 0.68181818 0.71296296
 0.8        0.16129032 0.35294118 0.09090909 0.1        0.89215686
 0.51851852]
,[0.51824818 0.         0.48484848 0.65517241 0.63396226 0.68421053
 0.71280277 0.60913706 0.82926829 0.28571429 0.80519481 0.
 0.72972973 0.07407407 0.81818182 0.77966102 0.46666667 0.7037037
 0.5        0.65714286 0.11764706 0.59016393 0.16666667 0.45714286
 0.         0.75555556 0.72727273 0.         0.82926829 0.60465116
 0.72897196 0.65       0.5625     0.17391304 0.75630252 0.
 0.29411765 0.68523677 0.         0.83928571 0.         0.50130548
 0.         0.49462366 0.19512195 0.48648649 0.38461538 0.
 0.76363636 0.         0.53061224 0.90789474 0.92537313 0.55172414
 0.49074074 0.27586207 0.25806452 0.77192982 0.68181818 0.6784141
 0.448      0.24390244 0.5106383  0.15384615 0.17142857 0.68679245
 0.58333333]
