mACC, mP, mR, mF1, ACC, P, R, F1
0.5060279187817259,0.4953185822205019,0.3975814663810503,0.3927807060444728
,[ 69   0  23  62  54  26  33  49  10   0  95   0  24   0  14  22   3   0
  12  40   0  11   5   8   0  15  18   0  18  24  36  16   0   1  85   0
   3 139   0  46   0  97   0  17   0  34  13   0  19   0  14  71  27   9
  67   0   2  21  15  46  55   4  14   0   1  88  20]
,[0.41317365 0.         0.41071429 0.54867257 0.63529412 0.86666667
 0.86842105 0.54444444 1.         0.         0.56547619 0.
 0.72727273 0.         0.73684211 0.73333333 1.         0.
 0.66666667 0.55555556 0.         0.73333333 1.         0.66666667
 0.         0.83333333 0.75       0.         0.94736842 0.8
 0.85714286 1.         0.         0.09090909 0.51515152 0.
 1.         0.43167702 0.         0.93877551 0.         0.36882129
 0.         0.41463415 0.         0.33663366 0.5        0.
 0.79166667 0.         0.38888889 0.86585366 0.93103448 1.
 0.38505747 0.         0.66666667 0.91304348 0.53571429 0.54117647
 0.37931034 0.66666667 0.7        0.         1.         0.25
 0.71428571]
,[0.56557377 0.         0.63888889 0.7654321  0.44628099 0.65
 0.2481203  0.64473684 0.23255814 0.         0.9223301  0.
 0.66666667 0.         0.58333333 0.81481481 0.13636364 0.
 0.57142857 0.57142857 0.         0.40740741 0.09090909 0.38095238
 0.         0.71428571 0.69230769 0.         0.85714286 0.55813953
 0.76595745 0.33333333 0.         0.04761905 0.92391304 0.
 0.11538462 0.94557823 0.         0.82142857 0.         0.68309859
 0.         0.34       0.         0.72340426 0.37142857 0.
 0.65517241 0.         0.51851852 0.92207792 0.77142857 0.42857143
 0.65048544 0.         0.08333333 0.67741935 0.68181818 0.42592593
 0.78571429 0.12903226 0.41176471 0.         0.03333333 0.8627451
 0.37037037]
,[0.47750865 0.         0.5        0.63917526 0.52427184 0.74285714
 0.38596491 0.59036145 0.37735849 0.         0.70110701 0.
 0.69565217 0.         0.65116279 0.77192982 0.24       0.
 0.61538462 0.56338028 0.         0.52380952 0.16666667 0.48484848
 0.         0.76923077 0.72       0.         0.9        0.65753425
 0.80898876 0.5        0.         0.0625     0.6614786  0.
 0.20689655 0.59275053 0.         0.87619048 0.         0.47901235
 0.         0.37362637 0.         0.45945946 0.42622951 0.
 0.71698113 0.         0.44444444 0.89308176 0.84375    0.6
 0.48375451 0.         0.14814815 0.77777778 0.6        0.47668394
 0.51162791 0.21621622 0.51851852 0.         0.06451613 0.3876652
 0.48780488]
