mACC, mP, mR, mF1, ACC, P, R, F1
0.6685931307793923,0.6961376167046835,0.6329472761783898,0.6373303056853522
,[ 19  12  23   9  23  11  11  31  20  13  49  41  10   9  25  10  10  10
  18  16  22  14  19  12   6   4  16  14  12   5  13  19   7  16   8  17
  20  11   8  21  15   7  14  15   8  24  12  11  18  12  21   6  15  19
  14   5  18   3   1   8   7  16  22  25  14   5  12  13  11   7   9  24
  12   4   3  13  15  10  10  14  10   9  12  14  11  13  15  16  10  36
  13  37  21  20  12  53  15  14  13  18  24  10  22  16  40   7  14   2
  19  14  11   8  19  15   6  18  17  11  12  16  13   8  22  16   4  13
  24  12  37  12  11  33  26  16   6  10  28  28   7  12  12  14  17   4
 159   9  29  17  10  12  19  21  13  16   8   7  20  22  17  13  17   9
   5  19   7  10   7  24   7  14   7  16   3  12  15  13  16  18  11  11
  16  23  13  16   3  11  14   6  16  13   6  17  22  18   4  19   5  16
   2   8  15   9   3  16   6   7  20  18   3   8   5  25  14  24  13   8
  13  13   3  14  18  12   4  15  17   8  25  14   6  18  10  63   4  19
  17  12  13  14  11  37  15  13   7  10   9  13  11  12   5  20 153  24
  87  14  12  15]
,[0.67857143 0.8        0.43396226 0.9        0.88461538 0.6875
 0.64705882 0.83783784 0.4        0.86666667 0.875      0.87234043
 0.83333333 1.         0.390625   0.71428571 0.52631579 0.625
 0.7826087  0.61538462 0.61111111 0.82352941 0.95       0.92307692
 0.28571429 0.57142857 0.51612903 0.63636364 0.92307692 0.33333333
 0.5        0.33928571 0.7        0.88888889 0.5        0.73913043
 0.68965517 0.84615385 0.5        0.44680851 0.78947368 0.4375
 0.58333333 0.75       0.61538462 0.45283019 0.54545455 0.73333333
 0.7826087  0.70588235 0.6        0.4        0.9375     0.61290323
 0.875      0.71428571 0.66666667 0.375      0.16666667 0.72727273
 0.63636364 0.8        0.57894737 0.53191489 0.93333333 1.
 0.8        0.72222222 0.57894737 0.4375     0.75       0.8
 0.8        0.18181818 0.2        1.         1.         0.76923077
 0.58823529 0.34146341 0.5        0.81818182 0.92307692 0.93333333
 0.61111111 0.86666667 1.         0.8        0.66666667 0.87804878
 0.92857143 0.67272727 0.75       1.         0.63157895 0.3557047
 0.44117647 0.875      0.8125     0.72       0.27272727 0.66666667
 0.57894737 0.45714286 0.48780488 1.         0.875      0.4
 1.         1.         0.91666667 1.         0.79166667 0.9375
 0.75       0.69230769 1.         0.57894737 0.63157895 0.84210526
 0.72222222 0.38095238 0.78571429 0.94117647 0.21052632 0.56521739
 0.66666667 0.29268293 1.         0.66666667 0.6875     0.58928571
 0.59090909 0.88888889 0.85714286 0.55555556 0.57142857 0.58333333
 0.875      0.92307692 0.75       0.51851852 0.77272727 0.5
 0.93529412 0.64285714 0.65909091 0.65384615 0.76923077 0.57142857
 0.79166667 0.72413793 0.86666667 0.88888889 0.66666667 0.53846154
 0.625      0.73333333 0.28813559 0.68421053 0.70833333 0.75
 0.38461538 0.76       0.77777778 1.         0.31818182 0.92307692
 0.77777778 0.63636364 0.36842105 0.76190476 0.5        1.
 0.9375     0.61904762 0.66666667 0.75       0.84615385 0.45833333
 0.42105263 0.92       0.8125     0.64       0.23076923 0.91666667
 0.4375     0.6        0.66666667 0.8125     0.75       0.65384615
 1.         0.66666667 0.8        0.73076923 1.         0.76190476
 0.16666667 0.8        1.         0.75       0.3        0.8
 1.         0.46666667 0.68965517 0.81818182 1.         1.
 0.71428571 0.71428571 0.93333333 0.85714286 0.68421053 0.8
 0.76470588 0.68421053 0.42857143 0.63636364 0.75       0.63157895
 0.23529412 0.68181818 0.70833333 1.         0.53191489 0.875
 0.6        1.         0.66666667 0.72413793 0.21052632 0.5
 0.77272727 0.8        0.8125     1.         0.78571429 0.97368421
 0.78947368 0.76470588 0.63636364 1.         0.32142857 0.54166667
 0.31428571 0.85714286 0.35714286 1.         0.95031056 0.75
 0.94565217 0.77777778 0.44444444 0.71428571]
,[0.95       0.6        0.74193548 0.34615385 0.76666667 0.61111111
 0.5        0.65957447 0.95238095 0.68421053 0.875      0.93181818
 0.5        0.5        1.         0.52631579 0.47619048 0.47619048
 0.72       0.94117647 0.75862069 0.7        0.86363636 0.52173913
 0.26086957 0.18181818 0.8        0.63636364 0.57142857 0.23809524
 0.72222222 0.9047619  0.33333333 0.8        0.44444444 0.77272727
 0.83333333 0.5        0.47058824 0.84       0.83333333 0.38888889
 0.56       0.6        0.47058824 0.88888889 0.63157895 0.52380952
 0.81818182 0.6        0.91304348 0.35294118 0.88235294 0.79166667
 0.7        0.23809524 0.81818182 0.15789474 0.05882353 0.44444444
 0.33333333 0.94117647 0.88       0.92592593 0.66666667 0.29411765
 0.70588235 0.59090909 0.55       0.41176471 0.45       1.
 0.6        0.17391304 0.17647059 0.76470588 0.78947368 0.55555556
 0.5        0.58333333 0.52631579 0.52941176 0.63157895 0.82352941
 0.47826087 0.8125     0.78947368 0.8        0.45454545 0.8372093
 0.68421053 0.90243902 0.91304348 0.95238095 0.66666667 0.92982456
 0.83333333 0.7        0.8125     0.94736842 0.85714286 0.55555556
 0.95652174 0.8        0.74074074 0.38888889 0.77777778 0.11764706
 0.59375    0.82352941 0.64705882 0.47058824 0.79166667 0.625
 0.33333333 0.81818182 0.68       0.5        0.66666667 0.61538462
 0.76470588 0.38095238 0.95652174 0.84210526 0.19047619 0.26530612
 0.92307692 0.57142857 0.97368421 0.63157895 0.57894737 0.86842105
 0.92857143 0.66666667 0.31578947 0.52631579 0.875      0.71794872
 0.38888889 0.66666667 0.5        0.63636364 0.65384615 0.23529412
 0.99375    0.52941176 0.70731707 0.48571429 0.47619048 0.52173913
 0.86363636 0.875      0.68421053 0.76190476 0.42105263 0.35
 0.95238095 0.73333333 0.4047619  0.76470588 0.80952381 0.47368421
 0.27777778 0.9047619  0.38888889 0.52631579 0.38888889 0.85714286
 0.36842105 0.66666667 0.41176471 0.8        0.13636364 0.70588235
 0.88235294 0.59090909 0.8        0.9        0.6875     0.52380952
 0.8        0.95833333 0.65       0.94117647 0.14285714 0.64705882
 0.73684211 0.33333333 0.66666667 0.56521739 0.26086957 0.73913043
 0.62857143 0.7826087  0.22222222 0.9047619  0.25       0.72727273
 0.0952381  0.4        0.88235294 0.45       0.15789474 1.
 0.33333333 0.35       0.86956522 0.81818182 0.14285714 0.34782609
 0.26315789 0.89285714 0.66666667 0.85714286 0.76470588 0.4
 0.61904762 0.76470588 0.17647059 0.73684211 0.85714286 0.63157895
 0.25       0.68181818 0.94444444 0.4        0.83333333 0.73684211
 0.31578947 0.94736842 0.43478261 0.875      0.2        0.76
 0.73913043 0.6        0.72222222 0.7        0.64705882 0.90243902
 0.78947368 0.68421053 0.38888889 0.52631579 0.47368421 0.61904762
 0.57894737 0.70588235 0.25       1.         0.95625    1.
 1.         0.73684211 0.57142857 0.68181818]
,[0.79166667 0.68571429 0.54761905 0.5        0.82142857 0.64705882
 0.56410256 0.73809524 0.56338028 0.76470588 0.875      0.9010989
 0.625      0.66666667 0.56179775 0.60606061 0.5        0.54054054
 0.75       0.74418605 0.67692308 0.75675676 0.9047619  0.66666667
 0.27272727 0.27586207 0.62745098 0.63636364 0.70588235 0.27777778
 0.59090909 0.49350649 0.4516129  0.84210526 0.47058824 0.75555556
 0.75471698 0.62857143 0.48484848 0.58333333 0.81081081 0.41176471
 0.57142857 0.66666667 0.53333333 0.6        0.58536585 0.61111111
 0.8        0.64864865 0.72413793 0.375      0.90909091 0.69090909
 0.77777778 0.35714286 0.73469388 0.22222222 0.08695652 0.55172414
 0.4375     0.86486486 0.6984127  0.67567568 0.77777778 0.45454545
 0.75       0.65       0.56410256 0.42424242 0.5625     0.88888889
 0.68571429 0.17777778 0.1875     0.86666667 0.88235294 0.64516129
 0.54054054 0.43076923 0.51282051 0.64285714 0.75       0.875
 0.53658537 0.83870968 0.88235294 0.8        0.54054054 0.85714286
 0.78787879 0.77083333 0.82352941 0.97560976 0.64864865 0.51456311
 0.57692308 0.77777778 0.8125     0.81818182 0.4137931  0.60606061
 0.72131148 0.58181818 0.58823529 0.56       0.82352941 0.18181818
 0.74509804 0.90322581 0.75862069 0.64       0.79166667 0.75
 0.46153846 0.75       0.80952381 0.53658537 0.64864865 0.71111111
 0.74285714 0.38095238 0.8627451  0.88888889 0.2        0.36111111
 0.77419355 0.38709677 0.98666667 0.64864865 0.62857143 0.70212766
 0.72222222 0.76190476 0.46153846 0.54054054 0.69135802 0.64367816
 0.53846154 0.77419355 0.6        0.57142857 0.70833333 0.32
 0.96363636 0.58064516 0.68235294 0.55737705 0.58823529 0.54545455
 0.82608696 0.79245283 0.76470588 0.82051282 0.51612903 0.42424242
 0.75471698 0.73333333 0.33663366 0.72222222 0.75555556 0.58064516
 0.32258065 0.82608696 0.51851852 0.68965517 0.35       0.88888889
 0.5        0.65116279 0.38888889 0.7804878  0.21428571 0.82758621
 0.90909091 0.60465116 0.72727273 0.81818182 0.75862069 0.48888889
 0.55172414 0.93877551 0.72222222 0.76190476 0.17647059 0.75862069
 0.54901961 0.42857143 0.66666667 0.66666667 0.38709677 0.69387755
 0.77192982 0.72       0.34782609 0.80851064 0.4        0.74418605
 0.12121212 0.53333333 0.9375     0.5625     0.20689655 0.88888889
 0.5        0.4        0.76923077 0.81818182 0.25       0.51612903
 0.38461538 0.79365079 0.77777778 0.85714286 0.72222222 0.53333333
 0.68421053 0.72222222 0.25       0.68292683 0.8        0.63157895
 0.24242424 0.68181818 0.80952381 0.57142857 0.64935065 0.8
 0.4137931  0.97297297 0.52631579 0.79245283 0.20512821 0.6031746
 0.75555556 0.68571429 0.76470588 0.82352941 0.70967742 0.93670886
 0.78947368 0.72222222 0.48275862 0.68965517 0.38297872 0.57777778
 0.40740741 0.77419355 0.29411765 1.         0.95327103 0.85714286
 0.97206704 0.75675676 0.5        0.69767442]
