mACC, mP, mR, mF1, ACC, P, R, F1
0.5894980184940555,0.5959375514431676,0.5400985385174695,0.531575675358571
,[ 19   7  23  19  24   0  12  33   5  14  49  39   7  11  23  14   6   0
  11  16  28  14   3   0   8   2  16  12  15  11   9  15   1  17   9  16
  21   8   5  23   7   0  12   7   0  20  13  11  21  11  19   7  15  22
   7   1  19   4   0   5   9  17  22  25   2  17  15   0   0   4   9   1
   9   4   3  12  16  10   0   8  11   4  16  14   7  13  11   0  10  42
  16  39  18  21  16  44   9  16   0  13  23   0  13  17  42  13  17   0
  15  14  11   9  16  15   8  15  16  16   1  16  14   0   2   1   2  12
  24  13  38  12   2  35  23  17   0   8  23  22  12  12  17  12  25   3
 158   4  24  25  17  12  19  20  12   4   7   7  19  18  25   1  18  14
   6  16   6  14   4  24  10   6   1  19   0  12  14  14  17  14  16  10
  17  13  17  16   0  12  13   5  19  18  11  16  24  19   1  11   5  14
   0   0  13   7   7  16   4   0  17  19   3  17   8  24  16  20   5   0
  17  15   0  13   1   4   6  14   3   0  25  13   0  19  15  61   3   8
  15   7   9  16   0  39  13  14   9   8   0   1   2  14   4  19 160  24
  79  11   6  14]
,[0.61290323 0.77777778 0.76666667 0.48717949 0.92307692 0.
 0.27272727 0.49253731 0.71428571 0.875      0.81666667 0.92857143
 0.7        0.6875     0.51111111 0.36842105 0.85714286 0.
 1.         0.8        0.46666667 0.46666667 1.         0.
 0.20512821 0.2        0.69565217 0.70588235 0.78947368 0.33333333
 0.9        0.9375     1.         0.85       0.52941176 0.76190476
 0.63636364 1.         1.         0.79310345 0.4375     0.
 0.57142857 0.38888889 0.         0.46511628 0.41935484 0.84615385
 0.7        0.78571429 0.7037037  0.77777778 0.88235294 0.73333333
 0.46666667 0.09090909 0.43181818 0.14814815 0.         0.83333333
 1.         0.85       0.64705882 0.51020408 1.         0.94444444
 0.71428571 0.         0.         0.25       0.9        1.
 0.75       0.66666667 0.33333333 0.85714286 0.88888889 0.25
 0.         0.8        0.78571429 0.13333333 0.14035088 0.875
 1.         0.86666667 0.91666667 0.         0.66666667 0.43298969
 0.61538462 0.609375   0.85714286 0.7        0.76190476 0.5
 0.52941176 0.88888889 0.         0.8125     0.54761905 0.
 0.46428571 0.73913043 0.38181818 0.52       1.         0.
 1.         1.         0.78571429 1.         0.84210526 0.9375
 0.61538462 0.88235294 0.61538462 0.41025641 0.5        0.72727273
 0.58333333 0.         1.         0.5        0.2        0.26666667
 0.52173913 0.86666667 0.97435897 0.92307692 0.14285714 0.63636364
 0.51111111 1.         0.         0.27586207 0.575      0.64705882
 0.4137931  0.75       0.53125    0.92307692 0.34722222 0.1
 0.73831776 0.57142857 0.68571429 0.46296296 0.36170213 0.54545455
 0.95       0.74074074 1.         0.57142857 0.41176471 0.875
 0.82608696 0.58064516 0.27173913 0.06666667 0.85714286 0.3255814
 0.5        0.84210526 1.         0.82352941 0.16       0.85714286
 0.66666667 0.5        0.14285714 0.82608696 0.         1.
 1.         0.7        0.56666667 1.         0.8        0.66666667
 0.60714286 1.         0.85       0.76190476 0.         1.
 0.65       0.38461538 0.33333333 0.43902439 0.47826087 0.88888889
 0.61538462 0.76       0.04166667 0.91666667 0.83333333 0.73684211
 0.         0.         0.86666667 0.21875    1.         1.
 0.5        0.         0.94444444 0.67857143 0.1875     0.56666667
 0.57142857 0.85714286 0.88888889 0.8        1.         0.
 0.89473684 0.75       0.         0.76470588 0.11111111 0.18181818
 1.         0.58333333 0.75       0.         0.5        0.8125
 0.         0.73076923 0.65217391 0.87142857 0.5        0.5
 0.83333333 0.58333333 0.9        0.84210526 0.         0.95121951
 0.59090909 0.93333333 0.40909091 0.88888889 0.         0.07692308
 0.15384615 0.82352941 0.125      0.67857143 0.6504065  0.92307692
 0.78217822 1.         0.3        0.58333333]
,[0.95       0.35       0.74193548 0.73076923 0.8        0.
 0.54545455 0.70212766 0.23809524 0.73684211 0.875      0.88636364
 0.35       0.61111111 0.92       0.73684211 0.28571429 0.
 0.44       0.94117647 0.96551724 0.7        0.13636364 0.
 0.34782609 0.09090909 0.8        0.54545455 0.71428571 0.52380952
 0.5        0.71428571 0.04761905 0.85       0.5        0.72727273
 0.875      0.36363636 0.29411765 0.92       0.38888889 0.
 0.48       0.28       0.         0.74074074 0.68421053 0.52380952
 0.95454545 0.55       0.82608696 0.41176471 0.88235294 0.91666667
 0.35       0.04761905 0.86363636 0.21052632 0.         0.27777778
 0.42857143 1.         0.88       0.92592593 0.0952381  1.
 0.88235294 0.         0.         0.23529412 0.45       0.04166667
 0.45       0.17391304 0.17647059 0.70588235 0.84210526 0.55555556
 0.         0.33333333 0.57894737 0.23529412 0.84210526 0.82352941
 0.30434783 0.8125     0.57894737 0.         0.45454545 0.97674419
 0.84210526 0.95121951 0.7826087  1.         0.88888889 0.77192982
 0.5        0.8        0.         0.68421053 0.82142857 0.
 0.56521739 0.85       0.77777778 0.72222222 0.94444444 0.
 0.46875    0.82352941 0.64705882 0.52941176 0.66666667 0.625
 0.44444444 0.68181818 0.64       0.72727273 0.05555556 0.61538462
 0.82352941 0.         0.08695652 0.05263158 0.0952381  0.24489796
 0.92307692 0.61904762 1.         0.63157895 0.10526316 0.92105263
 0.82142857 0.70833333 0.         0.42105263 0.71875    0.56410256
 0.66666667 0.66666667 0.70833333 0.54545455 0.96153846 0.17647059
 0.9875     0.23529412 0.58536585 0.71428571 0.80952381 0.52173913
 0.86363636 0.83333333 0.63157895 0.19047619 0.36842105 0.35
 0.9047619  0.6        0.5952381  0.05882353 0.85714286 0.73684211
 0.33333333 0.76190476 0.33333333 0.73684211 0.22222222 0.85714286
 0.52631579 0.28571429 0.05882353 0.95       0.         0.70588235
 0.82352941 0.63636364 0.85       0.7        1.         0.47619048
 0.85       0.54166667 0.85       0.94117647 0.         0.70588235
 0.68421053 0.27777778 0.79166667 0.7826087  0.47826087 0.69565217
 0.68571429 0.82608696 0.05555556 0.52380952 0.25       0.63636364
 0.         0.         0.76470588 0.35       0.36842105 1.
 0.22222222 0.         0.73913043 0.86363636 0.14285714 0.73913043
 0.42105263 0.85714286 0.76190476 0.71428571 0.29411765 0.
 0.80952381 0.88235294 0.         0.68421053 0.04761905 0.21052632
 0.375      0.63636364 0.16666667 0.         0.83333333 0.68421053
 0.         1.         0.65217391 0.84722222 0.15       0.32
 0.65217391 0.35       0.5        0.8        0.         0.95121951
 0.68421053 0.73684211 0.5        0.42105263 0.         0.04761905
 0.10526316 0.82352941 0.2        0.95       1.         1.
 0.90804598 0.57894737 0.28571429 0.63636364]
,[0.74509804 0.48275862 0.75409836 0.58461538 0.85714286 0.
 0.36363636 0.57894737 0.35714286 0.8        0.84482759 0.90697674
 0.46666667 0.64705882 0.65714286 0.49122807 0.42857143 0.
 0.61111111 0.86486486 0.62921348 0.56       0.24       0.
 0.25806452 0.125      0.74418605 0.61538462 0.75       0.40740741
 0.64285714 0.81081081 0.09090909 0.85       0.51428571 0.74418605
 0.73684211 0.53333333 0.45454545 0.85185185 0.41176471 0.
 0.52173913 0.3255814  0.         0.57142857 0.52       0.64705882
 0.80769231 0.64705882 0.76       0.53846154 0.88235294 0.81481481
 0.4        0.0625     0.57575758 0.17391304 0.         0.41666667
 0.6        0.91891892 0.74576271 0.65789474 0.17391304 0.97142857
 0.78947368 0.         0.         0.24242424 0.6        0.08
 0.5625     0.27586207 0.23076923 0.77419355 0.86486486 0.34482759
 0.         0.47058824 0.66666667 0.17021277 0.2406015  0.84848485
 0.46666667 0.83870968 0.70967742 0.         0.54054054 0.6
 0.71111111 0.74285714 0.81818182 0.82352941 0.82051282 0.60689655
 0.51428571 0.84210526 0.         0.74285714 0.65714286 0.
 0.50980392 0.79069767 0.51219512 0.60465116 0.97142857 0.
 0.63829787 0.90322581 0.70967742 0.69230769 0.74418605 0.75
 0.51612903 0.76923077 0.62745098 0.52459016 0.1        0.66666667
 0.68292683 0.         0.16       0.0952381  0.12903226 0.25531915
 0.66666667 0.72222222 0.98701299 0.75       0.12121212 0.75268817
 0.63013699 0.82926829 0.         0.33333333 0.63888889 0.60273973
 0.5106383  0.70588235 0.60714286 0.68571429 0.51020408 0.12765957
 0.84491979 0.33333333 0.63157895 0.56179775 0.5        0.53333333
 0.9047619  0.78431373 0.77419355 0.28571429 0.38888889 0.5
 0.86363636 0.59016393 0.37313433 0.0625     0.85714286 0.4516129
 0.4        0.8        0.5        0.77777778 0.18604651 0.85714286
 0.58823529 0.36363636 0.08333333 0.88372093 0.         0.82758621
 0.90322581 0.66666667 0.68       0.82352941 0.88888889 0.55555556
 0.70833333 0.7027027  0.85       0.84210526 0.         0.82758621
 0.66666667 0.32258065 0.4691358  0.5625     0.47826087 0.7804878
 0.64864865 0.79166667 0.04761905 0.66666667 0.38461538 0.68292683
 0.         0.         0.8125     0.26923077 0.53846154 1.
 0.30769231 0.         0.82926829 0.76       0.16216216 0.64150943
 0.48484848 0.85714286 0.82051282 0.75471698 0.45454545 0.
 0.85       0.81081081 0.         0.72222222 0.06666667 0.19512195
 0.54545455 0.60869565 0.27272727 0.         0.625      0.74285714
 0.         0.84444444 0.65217391 0.85915493 0.23076923 0.3902439
 0.73170732 0.4375     0.64285714 0.82051282 0.         0.95121951
 0.63414634 0.82352941 0.45       0.57142857 0.         0.05882353
 0.125      0.82352941 0.15384615 0.79166667 0.78817734 0.96
 0.84042553 0.73333333 0.29268293 0.60869565]
