mACC, mP, mR, mF1, ACC, P, R, F1
0.558454425363276,0.5461848601990216,0.5063107477345492,0.48996617613807525
,[ 17   0  26   0  18  10   1  32   3  11  54  34  10  13  12   8   2   9
   8  12  23  18   7  13   1   1   1  14  12  11   7  20   0  17  10  17
  18  11   6  16  16   4  13   6   4  24  10  12   0  11  16   7  14  12
   7   3   7   1   0   6   6  17  16  23   0  13  12   7   0   3   4  21
   8   1   1  14  16  10   0   5  12   5   4   2  10  12  12  16   1  38
  12  37  20  19  11  46  14  16   5  16  18   3  18  18  39   5  14   0
  24  14  11   0  19  20   4   7   5   7   3  16  12   0  23  15   1   3
  25   8  36  16  13  34  24   9   0   7  25  28  10   4  11  13  14   3
 159   6  28   9   9   6  18  18  11  17   0   0  17  21  30   5  20   3
   4  20   0   5   3  26   9  13   4  20   1  11  14   0   0  19  11  13
  14  22   5  13   2  15  11   0  16  17   7  12  22   5   3  17   3   8
   3  11  16   8   6  15   0  15   9  18   4  11   2  21  12  24  10  16
   2  15   3  14  18   3   1   8  12  15  23  15   2  19   2  64   0  11
  14   8  16  14   1  41  15   2   2   9   4   9  10   3   0  19 158  24
  87  11   8  17]
,[0.43589744 0.         0.68421053 0.         0.5625     0.58823529
 0.33333333 0.76190476 0.5        1.         0.72       0.73913043
 0.58823529 0.76470588 0.70588235 0.8        0.08333333 0.5625
 0.8        0.70588235 0.60526316 0.36734694 0.63636364 0.86666667
 0.0625     0.14285714 0.2        0.46666667 0.66666667 0.16666667
 0.63636364 0.2739726  0.         0.94444444 0.83333333 0.85
 0.34615385 0.57894737 0.19354839 0.88888889 0.51612903 0.44444444
 0.34210526 0.31578947 0.26666667 0.54545455 0.66666667 0.66666667
 0.         0.5        0.64       0.33333333 0.73684211 0.8
 0.53846154 0.42857143 0.7        0.16666667 0.         0.21428571
 0.375      0.68       0.69565217 0.46938776 0.         0.76470588
 0.5        0.7        0.         0.15       0.66666667 0.80769231
 0.88888889 0.1        0.16666667 0.63636364 1.         0.66666667
 0.         0.83333333 0.70588235 0.625      0.25       0.14285714
 0.38461538 0.85714286 0.92307692 0.76190476 1.         0.74509804
 0.70588235 0.42528736 0.54054054 1.         0.6875     0.37704918
 0.53846154 0.94117647 0.5        0.59259259 0.64285714 0.5
 0.66666667 0.51428571 0.3362069  0.71428571 0.875      0.
 0.8        0.63636364 0.78571429 0.         0.82608696 0.57142857
 0.28571429 0.875      1.         0.7        0.21428571 0.48484848
 0.54545455 0.         0.52272727 0.75       0.2        0.15789474
 0.625      0.53333333 0.92307692 0.48484848 0.86666667 0.53125
 0.55813953 1.         0.         0.5        0.37313433 0.56
 0.5        0.8        0.78571429 0.8125     0.63636364 0.375
 0.88826816 0.375      0.45901639 0.33333333 0.47368421 0.66666667
 0.94736842 0.94736842 0.64705882 0.5862069  0.         0.
 0.89473684 0.84       0.20134228 0.22727273 0.37735849 0.6
 0.5        0.64516129 0.         0.71428571 0.33333333 0.60465116
 0.47368421 0.44827586 0.14814815 0.76923077 1.         0.91666667
 0.875      0.         0.         0.59375    0.55       0.48148148
 0.4516129  0.88       0.17857143 0.86666667 0.25       0.78947368
 0.33333333 0.         0.76190476 0.51515152 0.38888889 0.70588235
 0.62857143 0.71428571 0.17647059 0.94444444 0.75       1.
 0.5        0.64705882 0.88888889 0.72727273 0.31578947 0.9375
 0.         0.38461538 0.40909091 0.7826087  0.4        0.73333333
 1.         0.875      0.85714286 0.45283019 0.71428571 0.84210526
 0.4        0.88235294 0.25       0.58333333 0.6        1.
 0.5        0.42105263 0.54545455 0.53571429 0.56097561 0.51724138
 0.66666667 0.79166667 1.         0.54700855 0.         0.55
 0.60869565 0.42105263 0.69565217 0.82352941 0.03703704 0.85416667
 0.625      0.33333333 0.25       0.9        0.30769231 0.34615385
 0.4        0.375      0.         0.82608696 0.7745098  0.92307692
 0.87878788 0.78571429 0.42105263 0.4047619 ]
,[0.85       0.         0.83870968 0.         0.6        0.55555556
 0.04545455 0.68085106 0.14285714 0.57894737 0.96428571 0.77272727
 0.5        0.72222222 0.48       0.42105263 0.0952381  0.42857143
 0.32       0.70588235 0.79310345 0.9        0.31818182 0.56521739
 0.04347826 0.04545455 0.05       0.63636364 0.57142857 0.52380952
 0.38888889 0.95238095 0.         0.85       0.55555556 0.77272727
 0.75       0.5        0.35294118 0.64       0.88888889 0.22222222
 0.52       0.24       0.23529412 0.88888889 0.52631579 0.57142857
 0.         0.55       0.69565217 0.41176471 0.82352941 0.5
 0.35       0.14285714 0.31818182 0.05263158 0.         0.33333333
 0.28571429 1.         0.64       0.85185185 0.         0.76470588
 0.70588235 0.31818182 0.         0.17647059 0.2        0.875
 0.4        0.04347826 0.05882353 0.82352941 0.84210526 0.55555556
 0.         0.20833333 0.63157895 0.29411765 0.21052632 0.11764706
 0.43478261 0.75       0.63157895 0.8        0.04545455 0.88372093
 0.63157895 0.90243902 0.86956522 0.9047619  0.61111111 0.80701754
 0.77777778 0.8        0.3125     0.84210526 0.64285714 0.16666667
 0.7826087  0.9        0.72222222 0.27777778 0.77777778 0.
 0.75       0.82352941 0.64705882 0.         0.79166667 0.83333333
 0.22222222 0.31818182 0.2        0.31818182 0.16666667 0.61538462
 0.70588235 0.         1.         0.78947368 0.04761905 0.06122449
 0.96153846 0.38095238 0.94736842 0.84210526 0.68421053 0.89473684
 0.85714286 0.375      0.         0.36842105 0.78125    0.71794872
 0.55555556 0.22222222 0.45833333 0.59090909 0.53846154 0.17647059
 0.99375    0.35294118 0.68292683 0.25714286 0.42857143 0.26086957
 0.81818182 0.75       0.57894737 0.80952381 0.         0.
 0.80952381 0.7        0.71428571 0.29411765 0.95238095 0.15789474
 0.22222222 0.95238095 0.         0.26315789 0.16666667 0.92857143
 0.47368421 0.61904762 0.23529412 1.         0.04545455 0.64705882
 0.82352941 0.         0.         0.95       0.6875     0.61904762
 0.7        0.91666667 0.25       0.76470588 0.0952381  0.88235294
 0.57894737 0.         0.66666667 0.73913043 0.30434783 0.52173913
 0.62857143 0.2173913  0.16666667 0.80952381 0.15       0.36363636
 0.14285714 0.55       0.94117647 0.4        0.31578947 0.9375
 0.         0.75       0.39130435 0.81818182 0.19047619 0.47826087
 0.10526316 0.75       0.57142857 0.85714286 0.58823529 0.8
 0.0952381  0.88235294 0.17647059 0.73684211 0.85714286 0.15789474
 0.0625     0.36363636 0.66666667 0.75       0.76666667 0.78947368
 0.10526316 1.         0.08695652 0.88888889 0.         0.44
 0.60869565 0.4        0.88888889 0.7        0.05882353 1.
 0.78947368 0.10526316 0.11111111 0.47368421 0.21052632 0.42857143
 0.52631579 0.17647059 0.         0.95       0.9875     1.
 1.         0.57894737 0.38095238 0.77272727]
,[0.57627119 0.         0.75362319 0.         0.58064516 0.57142857
 0.08       0.71910112 0.22222222 0.73333333 0.82442748 0.75555556
 0.54054054 0.74285714 0.57142857 0.55172414 0.08888889 0.48648649
 0.45714286 0.70588235 0.68656716 0.52173913 0.42424242 0.68421053
 0.05128205 0.06896552 0.08       0.53846154 0.61538462 0.25287356
 0.48275862 0.42553191 0.         0.89473684 0.66666667 0.80952381
 0.47368421 0.53658537 0.25       0.74418605 0.65306122 0.2962963
 0.41269841 0.27272727 0.25       0.67605634 0.58823529 0.61538462
 0.         0.52380952 0.66666667 0.36842105 0.77777778 0.61538462
 0.42424242 0.21428571 0.4375     0.08       0.         0.26086957
 0.32432432 0.80952381 0.66666667 0.60526316 0.         0.76470588
 0.58536585 0.4375     0.         0.16216216 0.30769231 0.84
 0.55172414 0.06060606 0.08695652 0.71794872 0.91428571 0.60606061
 0.         0.33333333 0.66666667 0.4        0.22857143 0.12903226
 0.40816327 0.8        0.75       0.7804878  0.08695652 0.80851064
 0.66666667 0.578125   0.66666667 0.95       0.64705882 0.51396648
 0.63636364 0.86486486 0.38461538 0.69565217 0.64285714 0.25
 0.72       0.65454545 0.45882353 0.4        0.82352941 0.
 0.77419355 0.71794872 0.70967742 0.         0.80851064 0.6779661
 0.25       0.46666667 0.33333333 0.4375     0.1875     0.54237288
 0.61538462 0.         0.68656716 0.76923077 0.07692308 0.08823529
 0.75757576 0.44444444 0.93506494 0.61538462 0.76470588 0.66666667
 0.67605634 0.54545455 0.         0.42424242 0.50505051 0.62921348
 0.52631579 0.34782609 0.57894737 0.68421053 0.58333333 0.24
 0.9380531  0.36363636 0.54901961 0.29032258 0.45       0.375
 0.87804878 0.8372093  0.61111111 0.68       0.         0.
 0.85       0.76363636 0.31413613 0.25641026 0.54054054 0.25
 0.30769231 0.76923077 0.         0.38461538 0.22222222 0.73239437
 0.47368421 0.52       0.18181818 0.86956522 0.08695652 0.75862069
 0.84848485 0.         0.         0.73076923 0.61111111 0.54166667
 0.54901961 0.89795918 0.20833333 0.8125     0.13793103 0.83333333
 0.42307692 0.         0.71111111 0.60714286 0.34146341 0.6
 0.62857143 0.33333333 0.17142857 0.87179487 0.25       0.53333333
 0.22222222 0.59459459 0.91428571 0.51612903 0.31578947 0.9375
 0.         0.50847458 0.4        0.8        0.25806452 0.57894737
 0.19047619 0.80769231 0.68571429 0.59259259 0.64516129 0.82051282
 0.15384615 0.88235294 0.20689655 0.65116279 0.70588235 0.27272727
 0.11111111 0.3902439  0.6        0.625      0.64788732 0.625
 0.18181818 0.88372093 0.16       0.67724868 0.         0.48888889
 0.60869565 0.41025641 0.7804878  0.75675676 0.04545455 0.92134831
 0.69767442 0.16       0.15384615 0.62068966 0.25       0.38297872
 0.45454545 0.24       0.         0.88372093 0.86813187 0.96
 0.93548387 0.66666667 0.4        0.53125   ]
