mACC, mP, mR, mF1, ACC, P, R, F1
0.6822985468956407,0.7042890920333131,0.648093691572063,0.6420040527170598
,[ 19   9  26  16  26  10  12  41   4  13  47  40   7   9  25  14  12   8
  19  14  26  17  18  14   7   2  19  20  16  11  11  18  11  18  10  19
  21  10   3  19  18   3  16   4  12  24  13  14  21  11  18   8  16  19
  12   6  19   5   0   6   6  17  19  25  15  16  13  14   1   6  10  22
  18   5   5  12  17  12   9  12  17  15   8  13  10  13  13  13  17  41
  18  39  13  20  15  30  12  16   8  17  24   4  21  16  41   8  15   0
  23  12   9  10  16  19   7  19  21  12   9  12  16   9  20   6   2  28
  25  17  36  11   9  34  21  13   2   2  30  27  11  12  13  14  23   3
 157   1  26  19  15  11  21  17  16  20   8   7  21  24  13  12  18  15
   6  18   9  14   4  28   6  14  10  18   0  14  15  13  14  18  14  10
  17  23  13  14   4  13  12   4  18  16  10  12  30  13   4  15   9  15
   2  13  17   4   8  15   0  17  16  18   6  15   8  25  15  25  14  11
  21  12   3  12  19  14  10  20  17   9  26  17   5  19  15  65   9  17
  16  13  11  14  12  39  16  12  10  13   6  13   7  15   0  20 154  24
  82  10   9  19]
,[0.44186047 0.9        0.74285714 0.76190476 0.8125     0.90909091
 0.85714286 0.57746479 0.8        1.         0.78333333 0.78431373
 0.63636364 1.         0.49019608 0.63636364 0.70588235 0.66666667
 0.95       0.73684211 0.60465116 0.80952381 0.9        0.82352941
 0.77777778 0.5        0.51351351 0.64516129 0.8        0.47826087
 1.         0.7826087  0.84615385 1.         0.83333333 0.46341463
 0.84       0.83333333 0.3        0.95       0.72       1.
 0.84210526 0.30769231 0.85714286 0.8        0.61904762 0.51851852
 0.67741935 0.73333333 0.72       0.47058824 0.84210526 0.59375
 0.8        0.4        0.44186047 0.45454545 0.         0.85714286
 0.66666667 0.68       0.7037037  0.89285714 0.9375     0.88888889
 0.54166667 0.875      1.         0.5        0.76923077 0.5
 0.81818182 0.55555556 0.625      0.70588235 0.80952381 0.31578947
 0.6        0.63157895 0.36170213 0.40540541 0.88888889 0.92857143
 0.71428571 0.86666667 0.92857143 0.86666667 0.68       0.70689655
 0.69230769 0.6        0.8125     1.         0.57692308 0.68181818
 0.92307692 1.         0.88888889 0.94444444 0.6        0.5
 0.67741935 0.69565217 0.71929825 0.8        0.71428571 0.
 0.67647059 1.         0.81818182 1.         0.76190476 0.59375
 0.77777778 0.86363636 0.65625    0.5        0.81818182 0.92307692
 0.61538462 0.64285714 0.90909091 0.75       0.11111111 0.35897436
 0.71428571 0.23943662 0.97297297 0.45833333 0.81818182 0.66666667
 0.80769231 0.86666667 0.66666667 0.66666667 0.85714286 0.69230769
 0.55       0.92307692 0.72222222 0.93333333 0.56097561 0.2
 0.89714286 1.         0.42622951 0.54285714 0.5        1.
 0.84       0.77272727 0.88888889 0.71428571 0.44444444 0.77777778
 0.55263158 0.96       0.31707317 0.6        0.7826087  0.55555556
 0.75       0.72       0.9        0.5        0.66666667 0.62222222
 0.75       0.63636364 0.55555556 0.85714286 0.         0.53846154
 0.55555556 0.61904762 0.7        0.75       0.875      0.5
 0.53125    0.88461538 0.65       0.77777778 0.5        0.86666667
 0.75       0.66666667 0.81818182 0.57142857 0.45454545 1.
 0.51724138 0.76470588 0.28571429 0.71428571 1.         0.5
 1.         0.59090909 0.73913043 1.         0.8        1.
 0.         0.44736842 0.76190476 0.94736842 0.46153846 0.45454545
 0.8        0.56818182 0.88235294 0.83333333 0.875      0.91666667
 0.75       0.92307692 0.5        0.75       0.7037037  0.48275862
 0.90909091 0.5        0.77272727 1.         0.72222222 0.80952381
 1.         0.86363636 0.55555556 0.91549296 0.32142857 0.85
 0.72727273 0.72222222 1.         0.82352941 0.70588235 0.95121951
 0.76190476 0.63157895 0.90909091 0.59090909 0.6        0.5
 0.875      0.6        0.         0.90909091 0.78172589 0.88888889
 0.68907563 0.90909091 0.6        0.55882353]
,[0.95       0.45       0.83870968 0.61538462 0.86666667 0.55555556
 0.54545455 0.87234043 0.19047619 0.68421053 0.83928571 0.90909091
 0.35       0.5        1.         0.73684211 0.57142857 0.38095238
 0.76       0.82352941 0.89655172 0.85       0.81818182 0.60869565
 0.30434783 0.09090909 0.95       0.90909091 0.76190476 0.52380952
 0.61111111 0.85714286 0.52380952 0.9        0.55555556 0.86363636
 0.875      0.45454545 0.17647059 0.76       1.         0.16666667
 0.64       0.16       0.70588235 0.88888889 0.68421053 0.66666667
 0.95454545 0.55       0.7826087  0.47058824 0.94117647 0.79166667
 0.6        0.28571429 0.86363636 0.26315789 0.         0.33333333
 0.28571429 1.         0.76       0.92592593 0.71428571 0.94117647
 0.76470588 0.63636364 0.05       0.35294118 0.5        0.91666667
 0.9        0.2173913  0.29411765 0.70588235 0.89473684 0.66666667
 0.45       0.5        0.89473684 0.88235294 0.42105263 0.76470588
 0.43478261 0.8125     0.68421053 0.65       0.77272727 0.95348837
 0.94736842 0.95121951 0.56521739 0.95238095 0.83333333 0.52631579
 0.66666667 0.8        0.5        0.89473684 0.85714286 0.22222222
 0.91304348 0.8        0.75925926 0.44444444 0.83333333 0.
 0.71875    0.70588235 0.52941176 0.58823529 0.66666667 0.79166667
 0.38888889 0.86363636 0.84       0.54545455 0.5        0.46153846
 0.94117647 0.42857143 0.86956522 0.31578947 0.0952381  0.57142857
 0.96153846 0.80952381 0.94736842 0.57894737 0.47368421 0.89473684
 0.75       0.54166667 0.10526316 0.10526316 0.9375     0.69230769
 0.61111111 0.66666667 0.54166667 0.63636364 0.88461538 0.17647059
 0.98125    0.05882353 0.63414634 0.54285714 0.71428571 0.47826087
 0.95454545 0.70833333 0.84210526 0.95238095 0.42105263 0.35
 1.         0.8        0.30952381 0.70588235 0.85714286 0.78947368
 0.33333333 0.85714286 0.5        0.73684211 0.22222222 1.
 0.31578947 0.66666667 0.58823529 0.9        0.         0.82352941
 0.88235294 0.59090909 0.7        0.9        0.875      0.47619048
 0.85       0.95833333 0.65       0.82352941 0.19047619 0.76470588
 0.63157895 0.22222222 0.75       0.69565217 0.43478261 0.52173913
 0.85714286 0.56521739 0.22222222 0.71428571 0.45       0.68181818
 0.0952381  0.65       1.         0.2        0.42105263 0.9375
 0.         0.85       0.69565217 0.81818182 0.28571429 0.65217391
 0.42105263 0.89285714 0.71428571 0.89285714 0.82352941 0.55
 1.         0.70588235 0.17647059 0.63157895 0.9047619  0.73684211
 0.625      0.90909091 0.94444444 0.45       0.86666667 0.89473684
 0.26315789 1.         0.65217391 0.90277778 0.45       0.68
 0.69565217 0.65       0.61111111 0.7        0.70588235 0.95121951
 0.84210526 0.63157895 0.55555556 0.68421053 0.31578947 0.61904762
 0.36842105 0.88235294 0.         1.         0.9625     1.
 0.94252874 0.52631579 0.42857143 0.86363636]
,[0.6031746  0.6        0.78787879 0.68085106 0.83870968 0.68965517
 0.66666667 0.69491525 0.30769231 0.8125     0.81034483 0.84210526
 0.4516129  0.66666667 0.65789474 0.68292683 0.63157895 0.48484848
 0.84444444 0.77777778 0.72222222 0.82926829 0.85714286 0.7
 0.4375     0.15384615 0.66666667 0.75471698 0.7804878  0.5
 0.75862069 0.81818182 0.64705882 0.94736842 0.66666667 0.6031746
 0.85714286 0.58823529 0.22222222 0.84444444 0.8372093  0.28571429
 0.72727273 0.21052632 0.77419355 0.84210526 0.65       0.58333333
 0.79245283 0.62857143 0.75       0.47058824 0.88888889 0.67857143
 0.68571429 0.33333333 0.58461538 0.33333333 0.         0.48
 0.4        0.80952381 0.73076923 0.90909091 0.81081081 0.91428571
 0.63414634 0.73684211 0.0952381  0.4137931  0.60606061 0.64705882
 0.85714286 0.3125     0.4        0.70588235 0.85       0.42857143
 0.51428571 0.55813953 0.51515152 0.55555556 0.57142857 0.83870968
 0.54054054 0.83870968 0.78787879 0.74285714 0.72340426 0.81188119
 0.8        0.73584906 0.66666667 0.97560976 0.68181818 0.59405941
 0.77419355 0.88888889 0.64       0.91891892 0.70588235 0.30769231
 0.77777778 0.74418605 0.73873874 0.57142857 0.76923077 0.
 0.6969697  0.82758621 0.64285714 0.74074074 0.71111111 0.67857143
 0.51851852 0.86363636 0.73684211 0.52173913 0.62068966 0.61538462
 0.74418605 0.51428571 0.88888889 0.44444444 0.1025641  0.44094488
 0.81967213 0.36956522 0.96       0.51162791 0.6        0.76404494
 0.77777778 0.66666667 0.18181818 0.18181818 0.89552239 0.69230769
 0.57894737 0.77419355 0.61904762 0.75675676 0.68656716 0.1875
 0.93731343 0.11111111 0.50980392 0.54285714 0.58823529 0.64705882
 0.89361702 0.73913043 0.86486486 0.81632653 0.43243243 0.48275862
 0.71186441 0.87272727 0.31325301 0.64864865 0.81818182 0.65217391
 0.46153846 0.7826087  0.64285714 0.59574468 0.33333333 0.76712329
 0.44444444 0.65116279 0.57142857 0.87804878 0.         0.65116279
 0.68181818 0.60465116 0.7        0.81818182 0.875      0.48780488
 0.65384615 0.92       0.65       0.8        0.27586207 0.8125
 0.68571429 0.33333333 0.7826087  0.62745098 0.44444444 0.68571429
 0.64516129 0.65       0.25       0.71428571 0.62068966 0.57692308
 0.17391304 0.61904762 0.85       0.33333333 0.55172414 0.96774194
 0.         0.5862069  0.72727273 0.87804878 0.35294118 0.53571429
 0.55172414 0.69444444 0.78947368 0.86206897 0.84848485 0.6875
 0.85714286 0.8        0.26086957 0.68571429 0.79166667 0.58333333
 0.74074074 0.64516129 0.85       0.62068966 0.78787879 0.85
 0.41666667 0.92682927 0.6        0.90909091 0.375      0.75555556
 0.71111111 0.68421053 0.75862069 0.75675676 0.70588235 0.95121951
 0.8        0.63157895 0.68965517 0.63414634 0.4137931  0.55319149
 0.51851852 0.71428571 0.         0.95238095 0.8627451  0.94117647
 0.7961165  0.66666667 0.5        0.67857143]
