mACC, mP, mR, mF1, ACC, P, R, F1
0.7072324966974901,0.7249126706944803,0.6770007198341692,0.6758004905423303
,[ 17  16  18  11  26  10  10  38  14  15  52  36  12  14  24  13  12  12
  17  16  25  19  17  12   6  12  16  17   9  12  10  18  11  18  12  18
  21   8  12  19  15   6  16  22  11  24   5  11  20  16  21   6  15  18
   9   5  18   4   2   6   7  17  20  25  18  10  14  17  10   3  10  24
  18   9  10  11  16  13  11   7  13  10  17  13  11  11  12  13  13  40
  16  39  17  20  15  45  15  18  12  18  22   9  21  16  38   6  15   4
  23  15  13  14  18  19   5  19  16  16   9  19  16   5  22  18   4  19
  24  16  36  13  12  36  23  16   5  12  31  25  11  14  16  14  19   3
 160  12  28  26   9   9  17  14  11  17  13   8  20  24  23  15  17  12
   4  20   8  17   6  21   8  20  10  17   6  14  11  11  17  18  15  12
  16  23  18  13   2  10  14  10  19  13   8  18  23  15   4  18  10  13
   9   7  16  17  10  16  10  15  17  20   9  14   8  21  14  27  11  12
  19  12   1  15   9  12   4  14  17  10  21  14   6  19  14  64   6  20
  20  13  15  16  16  37  13  15   7  12   7  17  13  11   8  20 155  24
  87  12  12  16]
,[0.85       0.76190476 0.94736842 0.91666667 0.76470588 0.83333333
 0.58823529 0.82608696 0.66666667 0.83333333 0.74285714 0.92307692
 0.63157895 0.93333333 0.70588235 0.8125     0.48       0.5
 0.62962963 0.8        0.83333333 0.73076923 0.94444444 0.85714286
 0.66666667 0.4        0.69565217 0.51515152 1.         0.38709677
 0.66666667 0.69230769 0.52380952 0.94736842 0.54545455 0.85714286
 0.63636364 1.         0.57142857 0.86363636 0.75       0.75
 0.59259259 0.51162791 0.73333333 0.68571429 1.         0.6875
 0.60606061 0.66666667 0.40384615 0.85714286 0.83333333 0.85714286
 0.6        0.71428571 0.9        1.         0.4        0.4
 0.38888889 0.80952381 0.76923077 0.53191489 0.62068966 0.83333333
 0.7        0.5862069  0.43478261 0.23076923 1.         0.63157895
 0.62068966 0.45       0.23809524 1.         0.94117647 0.86666667
 0.61111111 0.4375     0.76470588 0.76923077 0.77272727 0.92857143
 0.73333333 1.         0.85714286 0.86666667 0.48148148 0.72727273
 0.94117647 0.90697674 0.85       1.         0.71428571 0.66176471
 0.51724138 1.         0.8        0.69230769 0.62857143 1.
 0.72413793 0.55172414 0.66666667 0.66666667 0.83333333 0.12121212
 0.79310345 1.         0.76470588 0.77777778 0.94736842 0.95
 1.         0.57575758 0.69565217 0.72727273 0.5625     0.61290323
 0.53333333 0.83333333 0.84615385 0.5625     0.4        0.52777778
 0.68571429 0.57142857 0.92307692 0.86666667 0.48       0.67924528
 0.95833333 0.88888889 0.55555556 0.63157895 0.86111111 0.58139535
 0.61111111 0.82352941 0.76190476 0.77777778 0.475      0.75
 0.93567251 0.66666667 0.57142857 0.53061224 0.52941176 0.9
 1.         0.93333333 1.         0.73913043 0.43333333 0.8
 0.8        0.92307692 0.43396226 0.45454545 0.89473684 0.46153846
 0.4        0.8        0.47058824 0.65384615 0.375      1.
 0.8        0.86956522 0.625      1.         0.54545455 1.
 0.91666667 0.84615385 0.85       0.72       0.9375     0.63157895
 0.64       0.85185185 0.94736842 0.8125     0.11764706 0.90909091
 0.66666667 0.47619048 0.7037037  0.68421053 0.47058824 0.58064516
 0.88461538 0.88235294 0.4        0.81818182 0.90909091 0.92857143
 0.27272727 0.53846154 0.76190476 0.70833333 0.66666667 0.53333333
 0.66666667 0.68181818 0.73913043 0.66666667 0.64285714 0.93333333
 0.53333333 0.84       1.         0.72972973 0.78571429 0.85714286
 0.9047619  0.70588235 1.         0.75       1.         0.70588235
 0.8        0.93333333 0.65384615 0.76923077 0.84       0.93333333
 0.85714286 0.9047619  0.66666667 0.86486486 0.54545455 0.68965517
 0.54054054 0.68421053 1.         0.94117647 0.42105263 0.97368421
 0.56521739 0.78947368 0.875      1.         1.         0.34
 0.76470588 0.6875     0.22222222 0.83333333 0.93939394 0.96
 0.94565217 0.63157895 0.35294118 0.59259259]
,[0.85       0.8        0.58064516 0.42307692 0.86666667 0.55555556
 0.45454545 0.80851064 0.66666667 0.78947368 0.92857143 0.81818182
 0.6        0.77777778 0.96       0.68421053 0.57142857 0.57142857
 0.68       0.94117647 0.86206897 0.95       0.77272727 0.52173913
 0.26086957 0.54545455 0.8        0.77272727 0.42857143 0.57142857
 0.55555556 0.85714286 0.52380952 0.9        0.66666667 0.81818182
 0.875      0.36363636 0.70588235 0.76       0.83333333 0.33333333
 0.64       0.88       0.64705882 0.88888889 0.26315789 0.52380952
 0.90909091 0.8        0.91304348 0.35294118 0.88235294 0.75
 0.45       0.23809524 0.81818182 0.21052632 0.11764706 0.33333333
 0.33333333 1.         0.8        0.92592593 0.85714286 0.58823529
 0.82352941 0.77272727 0.5        0.17647059 0.5        1.
 0.9        0.39130435 0.58823529 0.64705882 0.84210526 0.72222222
 0.55       0.29166667 0.68421053 0.58823529 0.89473684 0.76470588
 0.47826087 0.6875     0.63157895 0.65       0.59090909 0.93023256
 0.84210526 0.95121951 0.73913043 0.95238095 0.83333333 0.78947368
 0.83333333 0.9        0.75       0.94736842 0.78571429 0.5
 0.91304348 0.8        0.7037037  0.33333333 0.83333333 0.23529412
 0.71875    0.88235294 0.76470588 0.82352941 0.75       0.79166667
 0.27777778 0.86363636 0.64       0.72727273 0.5        0.73076923
 0.94117647 0.23809524 0.95652174 0.94736842 0.19047619 0.3877551
 0.92307692 0.76190476 0.94736842 0.68421053 0.63157895 0.94736842
 0.82142857 0.66666667 0.26315789 0.63157895 0.96875    0.64102564
 0.61111111 0.77777778 0.66666667 0.63636364 0.73076923 0.17647059
 1.         0.70588235 0.68292683 0.74285714 0.42857143 0.39130435
 0.77272727 0.58333333 0.57894737 0.80952381 0.68421053 0.4
 0.95238095 0.8        0.54761905 0.88235294 0.80952381 0.63157895
 0.22222222 0.95238095 0.44444444 0.89473684 0.33333333 0.75
 0.42105263 0.95238095 0.58823529 0.85       0.27272727 0.82352941
 0.64705882 0.5        0.85       0.9        0.9375     0.57142857
 0.8        0.95833333 0.9        0.76470588 0.0952381  0.58823529
 0.73684211 0.55555556 0.79166667 0.56521739 0.34782609 0.7826087
 0.65714286 0.65217391 0.22222222 0.85714286 0.5        0.59090909
 0.42857143 0.35       0.94117647 0.85       0.52631579 1.
 0.55555556 0.75       0.73913043 0.90909091 0.42857143 0.60869565
 0.42105263 0.75       0.66666667 0.96428571 0.64705882 0.6
 0.9047619  0.70588235 0.05882353 0.78947368 0.42857143 0.63157895
 0.25       0.63636364 0.94444444 0.5        0.7        0.73684211
 0.31578947 1.         0.60869565 0.88888889 0.3        0.8
 0.86956522 0.65       0.83333333 0.8        0.94117647 0.90243902
 0.68421053 0.78947368 0.38888889 0.63157895 0.36842105 0.80952381
 0.68421053 0.64705882 0.4        1.         0.96875    1.
 1.         0.63157895 0.57142857 0.72727273]
,[0.85       0.7804878  0.72       0.57894737 0.8125     0.66666667
 0.51282051 0.8172043  0.66666667 0.81081081 0.82539683 0.86746988
 0.61538462 0.84848485 0.81355932 0.74285714 0.52173913 0.53333333
 0.65384615 0.86486486 0.84745763 0.82608696 0.85       0.64864865
 0.375      0.46153846 0.74418605 0.61818182 0.6        0.46153846
 0.60606061 0.76595745 0.52380952 0.92307692 0.6        0.8372093
 0.73684211 0.53333333 0.63157895 0.80851064 0.78947368 0.46153846
 0.61538462 0.64705882 0.6875     0.77419355 0.41666667 0.59459459
 0.72727273 0.72727273 0.56       0.5        0.85714286 0.8
 0.51428571 0.35714286 0.85714286 0.34782609 0.18181818 0.36363636
 0.35897436 0.89473684 0.78431373 0.67567568 0.72       0.68965517
 0.75675676 0.66666667 0.46511628 0.2        0.66666667 0.77419355
 0.73469388 0.41860465 0.33898305 0.78571429 0.88888889 0.78787879
 0.57894737 0.35       0.72222222 0.66666667 0.82926829 0.83870968
 0.57894737 0.81481481 0.72727273 0.74285714 0.53061224 0.81632653
 0.88888889 0.92857143 0.79069767 0.97560976 0.76923077 0.72
 0.63829787 0.94736842 0.77419355 0.8        0.6984127  0.66666667
 0.80769231 0.65306122 0.68468468 0.44444444 0.83333333 0.16
 0.75409836 0.9375     0.76470588 0.8        0.8372093  0.86363636
 0.43478261 0.69090909 0.66666667 0.72727273 0.52941176 0.66666667
 0.68085106 0.37037037 0.89795918 0.70588235 0.25806452 0.44705882
 0.78688525 0.65306122 0.93506494 0.76470588 0.54545455 0.79120879
 0.88461538 0.76190476 0.35714286 0.63157895 0.91176471 0.6097561
 0.61111111 0.8        0.71111111 0.7        0.57575758 0.28571429
 0.96676737 0.68571429 0.62222222 0.61904762 0.47368421 0.54545455
 0.87179487 0.71794872 0.73333333 0.77272727 0.53061224 0.53333333
 0.86956522 0.85714286 0.48421053 0.6        0.85       0.53333333
 0.28571429 0.86956522 0.45714286 0.75555556 0.35294118 0.85714286
 0.55172414 0.90909091 0.60606061 0.91891892 0.36363636 0.90322581
 0.75862069 0.62857143 0.85       0.8        0.9375     0.6
 0.71111111 0.90196078 0.92307692 0.78787879 0.10526316 0.71428571
 0.7        0.51282051 0.74509804 0.61904762 0.4        0.66666667
 0.75409836 0.75       0.28571429 0.8372093  0.64516129 0.72222222
 0.33333333 0.42424242 0.84210526 0.77272727 0.58823529 0.69565217
 0.60606061 0.71428571 0.73913043 0.76923077 0.51428571 0.73684211
 0.47058824 0.79245283 0.8        0.83076923 0.70967742 0.70588235
 0.9047619  0.70588235 0.11111111 0.76923077 0.6        0.66666667
 0.38095238 0.75675676 0.77272727 0.60606061 0.76363636 0.82352941
 0.46153846 0.95       0.63636364 0.87671233 0.38709677 0.74074074
 0.66666667 0.66666667 0.90909091 0.86486486 0.58181818 0.93670886
 0.61904762 0.78947368 0.53846154 0.77419355 0.53846154 0.47887324
 0.72222222 0.66666667 0.28571429 0.90909091 0.95384615 0.97959184
 0.97206704 0.63157895 0.43636364 0.65306122]
