mACC, mP, mR, mF1, ACC, P, R, F1
0.7097093791281374,0.738171261289778,0.6799760099763006,0.6829835617369764
,[ 18  12  23  18  25   6  10  38  12  14  50  40  13  14  24  10  14  13
  17  14  23  19  19  17  11  11  16  16  16   9   9  20  10  16  16  19
  19  11   3  21  16   5  12   6   8  22  14   8  19   9  20  10  13  19
  12  12  19   9   1   8  12  16  22  22  17  13  14  15  11   6  11  20
  13  21   8  14  17   9  10   6  14  14  11  14   9  13  14  16  12  40
  18  37  19  20  13  33  14  18   7  13  25   2  21  15  44   7  15   0
  25  15  11   7  19  19   8  15  16  16   6  19  15   9  21  13   4  19
  24  10  38  15  14  34  23  20   4  13  32  28  12  13  16  14  19   5
 160   5  29  25  11  14  21  18  14  17   8  13  21  24  18   9  18  12
   6  19   6  11   8  24  12  20  13  19   3  14  14  15  16  18  10   7
  17  23  16  15   1  14  14  12  14  18  20  13  27  13   4  20  11  12
   8  15  16  16  11  16   3  14  19  19  10  17   7  24  16  25  11  16
  19  14   1  17  19   7   7  17  17   9  23  16   6  19  12  65  14  17
  16  14  16  18  12  36  15  16  10  12   8  13  10  11   8  20 149  24
  83  15   3  17]
,[0.64285714 0.75       0.63888889 0.43902439 0.89285714 1.
 1.         0.69090909 0.85714286 0.875      0.92592593 0.97560976
 0.56521739 0.875      0.4        0.76923077 0.7        0.46428571
 0.77272727 0.93333333 0.88461538 0.9047619  0.73076923 0.70833333
 0.45833333 0.78571429 0.61538462 0.8        0.8        0.24324324
 0.69230769 0.8        0.5        0.94117647 0.57142857 0.82608696
 0.82608696 0.91666667 0.6        0.91304348 0.76190476 0.45454545
 0.75       0.5        0.88888889 0.95652174 0.63636364 0.72727273
 0.67857143 0.81818182 0.76923077 0.83333333 0.92857143 0.9047619
 0.85714286 0.92307692 0.59375    0.69230769 0.09090909 1.
 0.4137931  1.         0.61111111 0.91666667 0.5862069  0.92857143
 0.5        0.83333333 0.42307692 0.85714286 0.91666667 0.95238095
 0.92857143 0.31818182 0.88888889 0.93333333 1.         0.9
 0.71428571 0.85714286 0.53846154 0.46666667 1.         0.93333333
 0.9        1.         0.82352941 1.         0.92307692 0.78431373
 0.66666667 0.62711864 0.76       0.83333333 0.65       0.825
 0.66666667 0.85714286 0.77777778 0.92857143 0.73529412 1.
 0.84       0.88235294 0.51764706 0.875      1.         0.
 0.73529412 0.9375     0.91666667 1.         0.86363636 1.
 0.88888889 0.83333333 1.         0.66666667 1.         0.67857143
 0.78947368 0.6        0.95454545 0.72222222 0.26666667 0.31666667
 0.61538462 0.52631579 0.97435897 0.83333333 0.73684211 0.82926829
 0.71875    0.68965517 0.57142857 0.37142857 0.82051282 0.66666667
 0.63157895 0.92857143 0.69565217 0.7        0.63333333 0.625
 0.92485549 0.625      0.42647059 0.625      0.91666667 0.4375
 0.95454545 0.85714286 1.         0.73913043 0.66666667 0.72222222
 0.72413793 0.53333333 0.38297872 0.81818182 0.7826087  0.57142857
 0.54545455 0.7037037  0.5        0.61111111 0.8        0.88888889
 0.8        0.66666667 0.46428571 0.82608696 0.21428571 0.82352941
 0.93333333 0.88235294 0.72727273 1.         0.83333333 0.7
 0.62962963 0.95833333 0.64       0.88235294 0.2        0.82352941
 0.66666667 0.70588235 0.875      0.42857143 0.46511628 0.76470588
 0.45762712 0.76470588 0.36363636 0.95238095 0.5        0.8
 0.66666667 0.65217391 0.84210526 0.8        0.78571429 0.76190476
 0.75       0.63636364 0.63333333 0.9047619  0.47619048 0.43589744
 0.875      0.8        0.64       0.89285714 1.         0.84210526
 0.54285714 0.77777778 1.         0.85       0.79166667 1.
 0.875      0.5483871  0.60714286 0.75       0.74193548 0.8
 0.85714286 0.86363636 0.8        0.74712644 0.42424242 0.5862069
 0.94117647 0.58333333 0.69565217 0.81818182 0.70588235 0.94736842
 0.39473684 0.72727273 0.71428571 0.44444444 0.88888889 0.72222222
 0.71428571 0.78571429 0.57142857 0.8        0.82777778 1.
 0.70338983 0.83333333 0.6        0.60714286]
,[0.9        0.6        0.74193548 0.69230769 0.83333333 0.33333333
 0.45454545 0.80851064 0.57142857 0.73684211 0.89285714 0.90909091
 0.65       0.77777778 0.96       0.52631579 0.66666667 0.61904762
 0.68       0.82352941 0.79310345 0.95       0.86363636 0.73913043
 0.47826087 0.5        0.8        0.72727273 0.76190476 0.42857143
 0.5        0.95238095 0.47619048 0.8        0.88888889 0.86363636
 0.79166667 0.5        0.17647059 0.84       0.88888889 0.27777778
 0.48       0.24       0.47058824 0.81481481 0.73684211 0.38095238
 0.86363636 0.45       0.86956522 0.58823529 0.76470588 0.79166667
 0.6        0.57142857 0.86363636 0.47368421 0.05882353 0.44444444
 0.57142857 0.94117647 0.88       0.81481481 0.80952381 0.76470588
 0.82352941 0.68181818 0.55       0.35294118 0.55       0.83333333
 0.65       0.91304348 0.47058824 0.82352941 0.89473684 0.5
 0.5        0.25       0.73684211 0.82352941 0.57894737 0.82352941
 0.39130435 0.8125     0.73684211 0.8        0.54545455 0.93023256
 0.94736842 0.90243902 0.82608696 0.95238095 0.72222222 0.57894737
 0.77777778 0.9        0.4375     0.68421053 0.89285714 0.11111111
 0.91304348 0.75       0.81481481 0.38888889 0.83333333 0.
 0.78125    0.88235294 0.64705882 0.41176471 0.79166667 0.79166667
 0.44444444 0.68181818 0.64       0.72727273 0.33333333 0.73076923
 0.88235294 0.42857143 0.91304348 0.68421053 0.19047619 0.3877551
 0.92307692 0.47619048 1.         0.78947368 0.73684211 0.89473684
 0.82142857 0.83333333 0.21052632 0.68421053 1.         0.71794872
 0.66666667 0.72222222 0.66666667 0.63636364 0.73076923 0.29411765
 1.         0.29411765 0.70731707 0.71428571 0.52380952 0.60869565
 0.95454545 0.75       0.73684211 0.80952381 0.42105263 0.65
 1.         0.8        0.42857143 0.52941176 0.85714286 0.63157895
 0.33333333 0.9047619  0.33333333 0.57894737 0.44444444 0.85714286
 0.63157895 0.95238095 0.76470588 0.95       0.13636364 0.82352941
 0.82352941 0.68181818 0.8        0.9        0.625      0.33333333
 0.85       0.95833333 0.8        0.88235294 0.04761905 0.82352941
 0.73684211 0.66666667 0.58333333 0.7826087  0.86956522 0.56521739
 0.77142857 0.56521739 0.22222222 0.95238095 0.55       0.54545455
 0.38095238 0.75       0.94117647 0.8        0.57894737 1.
 0.16666667 0.7        0.82608696 0.86363636 0.47619048 0.73913043
 0.36842105 0.85714286 0.76190476 0.89285714 0.64705882 0.8
 0.9047619  0.82352941 0.05882353 0.89473684 0.9047619  0.36842105
 0.4375     0.77272727 0.94444444 0.45       0.76666667 0.84210526
 0.31578947 1.         0.52173913 0.90277778 0.7        0.68
 0.69565217 0.7        0.88888889 0.9        0.70588235 0.87804878
 0.78947368 0.84210526 0.55555556 0.63157895 0.42105263 0.61904762
 0.52631579 0.64705882 0.4        1.         0.93125    1.
 0.95402299 0.78947368 0.14285714 0.77272727]
,[0.75       0.66666667 0.68656716 0.53731343 0.86206897 0.5
 0.625      0.74509804 0.68571429 0.8        0.90909091 0.94117647
 0.60465116 0.82352941 0.56470588 0.625      0.68292683 0.53061224
 0.72340426 0.875      0.83636364 0.92682927 0.79166667 0.72340426
 0.46808511 0.61111111 0.69565217 0.76190476 0.7804878  0.31034483
 0.58064516 0.86956522 0.48780488 0.86486486 0.69565217 0.84444444
 0.80851064 0.64705882 0.27272727 0.875      0.82051282 0.34482759
 0.58536585 0.32432432 0.61538462 0.88       0.68292683 0.5
 0.76       0.58064516 0.81632653 0.68965517 0.83870968 0.84444444
 0.70588235 0.70588235 0.7037037  0.5625     0.07142857 0.61538462
 0.48       0.96969697 0.72131148 0.8627451  0.68       0.83870968
 0.62222222 0.75       0.47826087 0.5        0.6875     0.88888889
 0.76470588 0.47191011 0.61538462 0.875      0.94444444 0.64285714
 0.58823529 0.38709677 0.62222222 0.59574468 0.73333333 0.875
 0.54545455 0.89655172 0.77777778 0.88888889 0.68571429 0.85106383
 0.7826087  0.74       0.79166667 0.88888889 0.68421053 0.68041237
 0.71794872 0.87804878 0.56       0.78787879 0.80645161 0.2
 0.875      0.81081081 0.63309353 0.53846154 0.90909091 0.
 0.75757576 0.90909091 0.75862069 0.58333333 0.82608696 0.88372093
 0.59259259 0.75       0.7804878  0.69565217 0.5        0.7037037
 0.83333333 0.5        0.93333333 0.7027027  0.22222222 0.34862385
 0.73846154 0.5        0.98701299 0.81081081 0.73684211 0.86075949
 0.76666667 0.75471698 0.30769231 0.48148148 0.90140845 0.69135802
 0.64864865 0.8125     0.68085106 0.66666667 0.67857143 0.4
 0.96096096 0.4        0.53211009 0.66666667 0.66666667 0.50909091
 0.95454545 0.8        0.84848485 0.77272727 0.51612903 0.68421053
 0.84       0.64       0.40449438 0.64285714 0.81818182 0.6
 0.4137931  0.79166667 0.4        0.59459459 0.57142857 0.87272727
 0.70588235 0.78431373 0.57777778 0.88372093 0.16666667 0.82352941
 0.875      0.76923077 0.76190476 0.94736842 0.71428571 0.4516129
 0.72340426 0.95833333 0.71111111 0.88235294 0.07692308 0.82352941
 0.7        0.68571429 0.7        0.55384615 0.60606061 0.65
 0.57446809 0.65       0.27586207 0.95238095 0.52380952 0.64864865
 0.48484848 0.69767442 0.88888889 0.8        0.66666667 0.86486486
 0.27272727 0.66666667 0.71698113 0.88372093 0.47619048 0.5483871
 0.51851852 0.82758621 0.69565217 0.89285714 0.78571429 0.82051282
 0.67857143 0.8        0.11111111 0.87179487 0.84444444 0.53846154
 0.58333333 0.64150943 0.73913043 0.5625     0.75409836 0.82051282
 0.46153846 0.92682927 0.63157895 0.81761006 0.52830189 0.62962963
 0.8        0.63636364 0.7804878  0.85714286 0.70588235 0.91139241
 0.52631579 0.7804878  0.625      0.52173913 0.57142857 0.66666667
 0.60606061 0.70967742 0.47058824 0.88888889 0.87647059 1.
 0.8097561  0.81081081 0.23076923 0.68      ]
