mACC, mP, mR, mF1, ACC, P, R, F1
0.5824873096446701,0.6379273548823262,0.47541552491356776,0.48695129686491306
,[ 75   0  16  60  74  27  98  64  29  15  92   2  30   3  22  21  11  17
  10  44   4   5  15   8   1  15  11   0  19  17  38  37   1  12  86   2
   9 116   3  45   1  99   0  23   6  30  16   0  18   0   7  69  33   8
  70   1   5  24   8  82  35   7  13   4   4  91  28]
,[0.55555556 0.         0.41025641 0.46511628 0.592      0.77142857
 0.58682635 0.41290323 1.         0.75       0.87619048 0.4
 0.88235294 0.6        0.57894737 0.91304348 0.84615385 0.56666667
 0.55555556 0.51764706 0.2        0.55555556 0.68181818 0.57142857
 1.         0.78947368 0.91666667 0.         0.9047619  0.68
 0.82608696 0.61666667 1.         1.         0.44559585 0.66666667
 0.81818182 0.65536723 1.         0.9        0.5        0.34375
 0.         0.63888889 1.         0.57692308 0.51612903 0.
 0.7826087  0.         0.58333333 0.62727273 0.75       0.66666667
 0.5        1.         0.71428571 0.92307692 1.         0.56551724
 0.5        0.7        0.72222222 0.44444444 1.         0.55487805
 0.62222222]
,[0.6147541  0.         0.44444444 0.74074074 0.61157025 0.675
 0.73684211 0.84210526 0.6744186  0.65217391 0.89320388 0.08695652
 0.83333333 0.13043478 0.91666667 0.77777778 0.5        0.73913043
 0.47619048 0.62857143 0.07692308 0.18518519 0.27272727 0.38095238
 0.04166667 0.71428571 0.42307692 0.         0.9047619  0.39534884
 0.80851064 0.77083333 0.04761905 0.57142857 0.93478261 0.0625
 0.34615385 0.78911565 0.12       0.80357143 0.04545455 0.6971831
 0.         0.46       0.16666667 0.63829787 0.45714286 0.
 0.62068966 0.         0.25925926 0.8961039  0.94285714 0.38095238
 0.67961165 0.04545455 0.20833333 0.77419355 0.36363636 0.75925926
 0.5        0.22580645 0.38235294 0.18181818 0.13333333 0.89215686
 0.51851852]
,[0.58365759 0.         0.42666667 0.57142857 0.60162602 0.72
 0.65333333 0.55411255 0.80555556 0.69767442 0.88461538 0.14285714
 0.85714286 0.21428571 0.70967742 0.84       0.62857143 0.64150943
 0.51282051 0.56774194 0.11111111 0.27777778 0.38961039 0.45714286
 0.08       0.75       0.57894737 0.         0.9047619  0.5
 0.8172043  0.68518519 0.09090909 0.72727273 0.60350877 0.11428571
 0.48648649 0.71604938 0.21428571 0.8490566  0.08333333 0.46046512
 0.         0.53488372 0.28571429 0.60606061 0.48484848 0.
 0.69230769 0.         0.35897436 0.73796791 0.83544304 0.48484848
 0.57613169 0.08695652 0.32258065 0.84210526 0.53333333 0.64822134
 0.5        0.34146341 0.5        0.25806452 0.23529412 0.68421053
 0.56565657]
