mACC, mP, mR, mF1, ACC, P, R, F1
0.5380710659898477,0.5035086155754849,0.41896716829462155,0.41235524982973204
,[ 84   0  18  64  70  24  90  60  30  14  92   2  28   4  12  20   7   7
   9  43   1  17   2   6   0   6  18   0  20   3  38  34   0   5  87   2
  10 128   0  45   0  77   0  18   0  26  16   0  21   4   0  70  26   8
  75   4   0  26   7  64  48   6   0   0   0  84  16]
,[0.4        0.         0.48648649 0.49612403 0.58333333 0.8
 0.63829787 0.52631579 0.69767442 0.73684211 0.5508982  0.66666667
 0.875      0.36363636 0.75       0.58823529 0.875      0.875
 0.64285714 0.32330827 0.07142857 0.33333333 1.         0.375
 0.         1.         0.94736842 0.         0.95238095 0.75
 0.7037037  0.56666667 0.         0.83333333 0.63970588 1.
 0.41666667 0.51821862 0.         0.9375     0.         0.46385542
 0.         0.81818182 0.         0.68421053 0.34042553 0.
 0.77777778 0.5        0.         0.71428571 0.92857143 0.88888889
 0.39473684 0.66666667 0.         0.66666667 0.125      0.65979381
 0.48979592 0.6        0.         0.         0.         0.42857143
 0.66666667]
,[0.68852459 0.         0.5        0.79012346 0.5785124  0.6
 0.67669173 0.78947368 0.69767442 0.60869565 0.89320388 0.08695652
 0.77777778 0.17391304 0.5        0.74074074 0.31818182 0.30434783
 0.42857143 0.61428571 0.01923077 0.62962963 0.03636364 0.28571429
 0.         0.28571429 0.69230769 0.         0.95238095 0.06976744
 0.80851064 0.70833333 0.         0.23809524 0.94565217 0.0625
 0.38461538 0.8707483  0.         0.80357143 0.         0.54225352
 0.         0.36       0.         0.55319149 0.45714286 0.
 0.72413793 0.18181818 0.         0.90909091 0.74285714 0.38095238
 0.72815534 0.18181818 0.         0.83870968 0.31818182 0.59259259
 0.68571429 0.19354839 0.         0.         0.         0.82352941
 0.2962963 ]
,[0.5060241  0.         0.49315068 0.60952381 0.58091286 0.68571429
 0.65693431 0.63157895 0.69767442 0.66666667 0.68148148 0.15384615
 0.82352941 0.23529412 0.6        0.6557377  0.46666667 0.4516129
 0.51428571 0.42364532 0.03030303 0.43589744 0.07017544 0.32432432
 0.         0.44444444 0.8        0.         0.95238095 0.12765957
 0.75247525 0.62962963 0.         0.37037037 0.76315789 0.11764706
 0.4        0.64974619 0.         0.86538462 0.         0.5
 0.         0.5        0.         0.61176471 0.3902439  0.
 0.75       0.26666667 0.         0.8        0.82539683 0.53333333
 0.51194539 0.28571429 0.         0.74285714 0.17948718 0.62439024
 0.57142857 0.29268293 0.         0.         0.         0.56375839
 0.41025641]
