mACC, mP, mR, mF1, ACC, P, R, F1
0.5916878172588832,0.6261679493080665,0.4693746599679687,0.48219822515940036
,[ 73   0  12  68  84  29 109  62  34   4  91   1  32  10  22  21   7  16
   1  49  11   3  21   3   0  13  14   0  21  21  37  31   1   5  89   6
  11 120   1  47   5 103   3  23  15  27  23   0  17   0   2  69  30   6
  73   5   6  20   6  76  39   7   2   6  10  88  24]
,[0.40782123 0.         0.4        0.48920863 0.48275862 0.96666667
 0.58602151 0.62       0.80952381 1.         0.8125     0.2
 0.76190476 0.66666667 0.91666667 0.65625    1.         0.61538462
 1.         0.59036145 0.39285714 0.375      0.61764706 0.75
 0.         0.8125     0.875      0.         0.91304348 0.67741935
 0.48051948 0.46969697 1.         1.         0.51445087 0.35294118
 0.78571429 0.70588235 1.         0.87037037 0.625      0.44782609
 0.42857143 0.46938776 0.625      0.57446809 0.46938776 0.
 0.85       0.         0.66666667 0.81176471 0.90909091 1.
 0.45061728 0.625      0.6        0.90909091 1.         0.54676259
 0.61904762 0.5        0.4        0.66666667 0.55555556 0.62857143
 1.        ]
,[0.59836066 0.         0.33333333 0.83950617 0.69421488 0.725
 0.81954887 0.81578947 0.79069767 0.17391304 0.88349515 0.04347826
 0.88888889 0.43478261 0.91666667 0.77777778 0.31818182 0.69565217
 0.04761905 0.7        0.21153846 0.11111111 0.38181818 0.14285714
 0.         0.61904762 0.53846154 0.         1.         0.48837209
 0.78723404 0.64583333 0.04761905 0.23809524 0.9673913  0.1875
 0.42307692 0.81632653 0.04       0.83928571 0.22727273 0.72535211
 0.14285714 0.46       0.41666667 0.57446809 0.65714286 0.
 0.5862069  0.         0.07407407 0.8961039  0.85714286 0.28571429
 0.70873786 0.22727273 0.25       0.64516129 0.27272727 0.7037037
 0.55714286 0.22580645 0.05882353 0.27272727 0.33333333 0.8627451
 0.44444444]
,[0.48504983 0.         0.36363636 0.61818182 0.56949153 0.82857143
 0.68338558 0.70454545 0.8        0.2962963  0.84651163 0.07142857
 0.82051282 0.52631579 0.91666667 0.71186441 0.48275862 0.65306122
 0.09090909 0.64052288 0.275      0.17142857 0.47191011 0.24
 0.         0.7027027  0.66666667 0.         0.95454545 0.56756757
 0.59677419 0.54385965 0.09090909 0.38461538 0.67169811 0.24489796
 0.55       0.75709779 0.07692308 0.85454545 0.33333333 0.55376344
 0.21428571 0.46464646 0.5        0.57446809 0.54761905 0.
 0.69387755 0.         0.13333333 0.85185185 0.88235294 0.44444444
 0.5509434  0.33333333 0.35294118 0.75471698 0.42857143 0.61538462
 0.58646617 0.31111111 0.1025641  0.38709677 0.41666667 0.72727273
 0.61538462]
