mACC, mP, mR, mF1, ACC, P, R, F1
0.5204755614266843,0.5124349313270291,0.46604478464722593,0.456125871500231
,[  9  12  24   3  26   3   0  40   1   7  51  41  14   1  12  15   7   3
   8   1  12  17   1   0   5   0  19   5  11   0   9  14  11  19   0  22
  10   0   0  19   0   5  15   3   0  19  11   9  12   8  14  14  13  21
  13   9   0   6   0   0   5  16   0  23  16   7   3  15   0   0   0  22
  16   1   6  11  17   6   8   5  10  12  12   4   0  12  13   0  14  40
  14  19  14   8   0  44   9   1  11  16  24   0   0   0  47   1  13   1
  15  14  11   8  17  18   0  19  11  19   0  13  12   1  21   2   1   9
  23   9  38  13   9  32  14   7   0  13  18  33   0  13   5  16  21   1
 159   8  20  18   0   6   5  15   6   9   7   0  18  23   2   0  17   1
   4  20   0  12   2  22  10   8   3  18   2  13   8   7  12  18  11   1
   5  21  16  14   0  15  15   9   8  16   0  10  22  15   0  16  11  10
   4   5  15  14   0  15   6   3  10  14   0  14   5  23  13  25   0  12
  18  12   1  14  14   0   0   9   6  11  22   6   6  16  12  65   2   1
  15   9  11  14  10  38  15  13   5   0   1  13   8   6   3  19 159  24
  74  13  14  11]
,[1.         0.92307692 0.53333333 0.09375    0.8125     0.21428571
 0.         0.32520325 1.         0.7        0.89473684 0.56944444
 0.30434783 1.         0.85714286 0.53571429 0.46666667 0.6
 0.8        1.         0.46153846 0.47222222 1.         0.
 0.26315789 0.         0.57575758 0.29411765 0.64705882 0.
 0.9        0.51851852 0.42307692 0.9047619  0.         0.61111111
 0.83333333 0.         0.         0.86363636 0.         1.
 0.75       0.1875     0.         0.76       0.36666667 0.81818182
 0.92307692 0.72727273 0.93333333 0.48275862 0.52       0.875
 0.61904762 0.5625     0.         0.3        0.         0.
 0.125      0.84210526 0.         0.62162162 0.88888889 1.
 0.3        0.42857143 0.         0.         0.         0.62857143
 0.94117647 0.16666667 0.4        0.84615385 0.85       0.21428571
 0.25806452 0.71428571 0.71428571 0.36363636 0.375      1.
 0.         1.         0.8125     0.         0.35897436 0.51948052
 0.93333333 0.42222222 0.875      0.61538462 0.         0.44897959
 0.75       0.01587302 0.57894737 0.47058824 0.5106383  0.
 0.         0.         0.33571429 0.14285714 1.         0.03125
 0.75       0.93333333 0.91666667 0.61538462 0.89473684 0.6
 0.         0.57575758 0.57894737 0.36538462 0.         0.59090909
 0.70588235 0.03703704 0.95454545 0.2        0.04761905 0.33333333
 0.5        0.81818182 0.49350649 0.5        0.64285714 0.68085106
 0.82352941 0.77777778 0.         0.2826087  0.51428571 0.40243902
 0.         0.8125     0.625      0.69565217 0.48837209 0.14285714
 0.89325843 0.33333333 0.28985507 0.7826087  0.         0.85714286
 0.55555556 0.78947368 0.85714286 0.69230769 0.46666667 0.
 0.9        0.56097561 0.08333333 0.         0.68       0.125
 0.14814815 0.90909091 0.         0.66666667 0.2        0.88
 0.58823529 0.34782609 0.23076923 1.         0.2        0.76470588
 0.36363636 0.77777778 0.52173913 0.94736842 0.78571429 0.0625
 0.45454545 1.         0.4        0.66666667 0.         0.9375
 0.55555556 0.375      1.         0.69565217 0.         1.
 0.31428571 0.45454545 0.         0.84210526 0.31428571 0.66666667
 0.25       1.         0.9375     0.4375     0.         0.57692308
 1.         0.10344828 1.         0.875      0.         0.51851852
 0.55555556 0.39655172 0.48148148 0.80645161 0.         0.92307692
 0.69230769 0.85714286 0.2        0.56       0.93333333 0.
 0.         0.52941176 0.85714286 0.78571429 0.75862069 0.6
 0.22222222 0.69565217 0.66666667 0.71428571 0.125      0.16666667
 0.9375     0.5625     0.84615385 0.93333333 0.83333333 0.58461538
 0.44117647 0.61904762 0.83333333 0.         0.09090909 0.61904762
 0.66666667 0.3        0.25       0.86363636 0.61627907 1.
 0.46835443 0.59090909 0.38888889 0.55      ]
,[0.45       0.6        0.77419355 0.11538462 0.86666667 0.16666667
 0.         0.85106383 0.04761905 0.36842105 0.91071429 0.93181818
 0.7        0.05555556 0.48       0.78947368 0.33333333 0.14285714
 0.32       0.05882353 0.4137931  0.85       0.04545455 0.
 0.2173913  0.         0.95       0.22727273 0.52380952 0.
 0.5        0.66666667 0.52380952 0.95       0.         1.
 0.41666667 0.         0.         0.76       0.         0.27777778
 0.6        0.12       0.         0.7037037  0.57894737 0.42857143
 0.54545455 0.4        0.60869565 0.82352941 0.76470588 0.875
 0.65       0.42857143 0.         0.31578947 0.         0.
 0.23809524 0.94117647 0.         0.85185185 0.76190476 0.41176471
 0.17647059 0.68181818 0.         0.         0.         0.91666667
 0.8        0.04347826 0.35294118 0.64705882 0.89473684 0.33333333
 0.4        0.20833333 0.52631579 0.70588235 0.63157895 0.23529412
 0.         0.75       0.68421053 0.         0.63636364 0.93023256
 0.73684211 0.46341463 0.60869565 0.38095238 0.         0.77192982
 0.5        0.05       0.6875     0.84210526 0.85714286 0.
 0.         0.         0.87037037 0.05555556 0.72222222 0.05882353
 0.46875    0.82352941 0.64705882 0.47058824 0.70833333 0.75
 0.         0.86363636 0.44       0.86363636 0.         0.5
 0.70588235 0.04761905 0.91304348 0.10526316 0.04761905 0.18367347
 0.88461538 0.42857143 1.         0.68421053 0.47368421 0.84210526
 0.5        0.29166667 0.         0.68421053 0.5625     0.84615385
 0.         0.72222222 0.20833333 0.72727273 0.80769231 0.05882353
 0.99375    0.47058824 0.48780488 0.51428571 0.         0.26086957
 0.22727273 0.625      0.31578947 0.42857143 0.36842105 0.
 0.85714286 0.76666667 0.04761905 0.         0.80952381 0.05263158
 0.22222222 0.95238095 0.         0.63157895 0.11111111 0.78571429
 0.52631579 0.38095238 0.17647059 0.9        0.09090909 0.76470588
 0.47058824 0.31818182 0.6        0.9        0.6875     0.04761905
 0.25       0.875      0.8        0.82352941 0.         0.88235294
 0.78947368 0.5        0.33333333 0.69565217 0.         0.43478261
 0.62857143 0.65217391 0.         0.76190476 0.55       0.45454545
 0.19047619 0.25       0.88235294 0.7        0.         0.9375
 0.33333333 0.15       0.43478261 0.63636364 0.         0.60869565
 0.26315789 0.82142857 0.61904762 0.89285714 0.         0.6
 0.85714286 0.70588235 0.05882353 0.73684211 0.66666667 0.
 0.         0.40909091 0.33333333 0.55       0.73333333 0.31578947
 0.31578947 0.84210526 0.52173913 0.90277778 0.1        0.04
 0.65217391 0.45       0.61111111 0.7        0.58823529 0.92682927
 0.78947368 0.68421053 0.27777778 0.         0.05263158 0.61904762
 0.42105263 0.35294118 0.15       0.95       0.99375    1.
 0.85057471 0.68421053 0.66666667 0.5       ]
,[0.62068966 0.72727273 0.63157895 0.10344828 0.83870968 0.1875
 0.         0.47058824 0.09090909 0.48275862 0.90265487 0.70689655
 0.42424242 0.10526316 0.61538462 0.63829787 0.38888889 0.23076923
 0.45714286 0.11111111 0.43636364 0.60714286 0.08695652 0.
 0.23809524 0.         0.71698113 0.25641026 0.57894737 0.
 0.64285714 0.58333333 0.46808511 0.92682927 0.         0.75862069
 0.55555556 0.         0.         0.80851064 0.         0.43478261
 0.66666667 0.14634146 0.         0.73076923 0.44897959 0.5625
 0.68571429 0.51612903 0.73684211 0.60869565 0.61904762 0.875
 0.63414634 0.48648649 0.         0.30769231 0.         0.
 0.16393443 0.88888889 0.         0.71875    0.82051282 0.58333333
 0.22222222 0.52631579 0.         0.         0.         0.74576271
 0.86486486 0.06896552 0.375      0.73333333 0.87179487 0.26086957
 0.31372549 0.32258065 0.60606061 0.48       0.47058824 0.38095238
 0.         0.85714286 0.74285714 0.         0.45901639 0.66666667
 0.82352941 0.44186047 0.71794872 0.47058824 0.         0.56774194
 0.6        0.02409639 0.62857143 0.60377358 0.64       0.
 0.         0.         0.48453608 0.08       0.83870968 0.04081633
 0.57692308 0.875      0.75862069 0.53333333 0.79069767 0.66666667
 0.         0.69090909 0.5        0.51351351 0.         0.54166667
 0.70588235 0.04166667 0.93333333 0.13793103 0.04761905 0.23684211
 0.63888889 0.5625     0.66086957 0.57777778 0.54545455 0.75294118
 0.62222222 0.42424242 0.         0.4        0.53731343 0.54545455
 0.         0.76470588 0.3125     0.71111111 0.60869565 0.08333333
 0.9408284  0.3902439  0.36363636 0.62068966 0.         0.4
 0.32258065 0.69767442 0.46153846 0.52941176 0.41176471 0.
 0.87804878 0.64788732 0.06060606 0.         0.73913043 0.07407407
 0.17777778 0.93023256 0.         0.64864865 0.14285714 0.83018868
 0.55555556 0.36363636 0.2        0.94736842 0.125      0.76470588
 0.41025641 0.4516129  0.55813953 0.92307692 0.73333333 0.05405405
 0.32258065 0.93333333 0.53333333 0.73684211 0.         0.90909091
 0.65217391 0.42857143 0.5        0.69565217 0.         0.60606061
 0.41904762 0.53571429 0.         0.8        0.4        0.54054054
 0.21621622 0.4        0.90909091 0.53846154 0.         0.71428571
 0.5        0.12244898 0.60606061 0.73684211 0.         0.56
 0.35714286 0.53488372 0.54166667 0.84745763 0.         0.72727273
 0.76595745 0.77419355 0.09090909 0.63636364 0.77777778 0.
 0.         0.46153846 0.48       0.64705882 0.74576271 0.4137931
 0.26086957 0.76190476 0.58536585 0.79754601 0.11111111 0.06451613
 0.76923077 0.5        0.70967742 0.8        0.68965517 0.71698113
 0.56603774 0.65       0.41666667 0.         0.06666667 0.61904762
 0.51612903 0.32432432 0.1875     0.9047619  0.76076555 1.
 0.60408163 0.63414634 0.49122807 0.52380952]
