mACC, mP, mR, mF1, ACC, P, R, F1
0.7007926023778072,0.71243768026456,0.6656271616495371,0.6698983645420945
,[ 15  16  27  18  25   7  13  41  16  16  51  42  14  12  22  13  12  10
  20  12  23  15  17  19   5  10  17  11  15   5   7  19  11  17   9  20
  20   8   3  18  13   7  18  25   6  20   9   9  20  11  17   6  17  19
  12  13  17   9   2   3   9  17  20  20  15  12  13  10   5   6   9  21
  18   6   6  12  16  11  11   8  14   7   9  13  12  14  12  11  14  39
  16  39  16  21  15  38  11  15  10  16  23   9  22  18  43   8  14   4
  24  15   9  12  18  17   6  17  17  17   7  15  14   5  21   6   5  15
  25  10  38  15  12  33  24  11   5   9  31  32  13  13  15  19  21   9
 160  11  23  24   9  15  20  18  14  21   6  12  20  22  26  15  18  11
   6  19  10  16   7  27   8  19   8  18   3  12  14  16  14  18  16   9
  17  22  18  16   4  14   9   8  17  14   9  16  23  16   1  18  11  14
   6  14  17  15  13  16  11  17  16  18   4  16   8  22  16  26  10  13
  21  13   4  15  18  11   6  13  16   8  28  15   5  19  14  67   6  22
  19   6  16  17  10  39  11  14   8   7   5  12   7  13   6  20 158  24
  87  14  13  20]
,[0.88235294 0.76190476 0.51923077 0.54545455 0.80645161 1.
 0.43333333 0.56164384 0.66666667 0.5        0.77272727 0.80769231
 0.77777778 1.         0.56410256 0.8125     1.         0.76923077
 0.74074074 0.63157895 0.76666667 0.625      0.77272727 0.73076923
 0.71428571 0.47619048 0.80952381 0.64705882 0.9375     0.71428571
 0.7        0.9047619  0.47826087 1.         0.64285714 0.76923077
 0.8        0.57142857 0.3        0.81818182 0.92857143 0.5
 0.54545455 0.45454545 0.6        0.90909091 0.6        0.75
 0.95238095 0.47826087 0.56666667 0.66666667 0.73913043 0.82608696
 0.92307692 0.61904762 0.47222222 0.5625     1.         0.5
 0.69230769 1.         0.74074074 0.86956522 0.83333333 1.
 0.76470588 0.83333333 0.71428571 0.46153846 0.64285714 0.875
 1.         0.46153846 0.27272727 1.         0.88888889 0.84615385
 0.6875     0.57142857 0.875      0.875      0.6        0.86666667
 0.70588235 1.         0.85714286 1.         0.5        0.72222222
 0.84210526 0.84782609 0.94117647 0.95454545 0.88235294 0.71698113
 1.         0.9375     0.58823529 0.84210526 0.65714286 0.69230769
 0.91666667 0.66666667 0.5375     0.72727273 0.93333333 0.66666667
 0.68571429 1.         0.5625     0.92307692 0.94736842 0.89473684
 0.66666667 0.85       0.65384615 0.77272727 0.31818182 0.83333333
 0.58333333 0.83333333 1.         0.6        0.22727273 0.46875
 0.46296296 0.5        0.92682927 0.53571429 0.92307692 0.75
 0.61538462 0.6875     0.3125     0.9        0.96875    0.66666667
 0.54166667 0.92857143 0.625      0.7037037  0.80769231 0.64285714
 0.93567251 0.5        0.54761905 0.63157895 0.42857143 0.36585366
 0.90909091 0.9        0.73684211 0.41176471 0.375      0.5
 0.86956522 0.78571429 0.25242718 0.9375     0.72       0.61111111
 0.35294118 0.95       0.625      0.8        0.53846154 0.87096774
 0.61538462 0.475      0.53333333 0.9        0.42857143 0.66666667
 0.93333333 0.8        0.73684211 1.         0.61538462 0.5
 0.62962963 0.95652174 0.69230769 0.76190476 0.2        1.
 0.69230769 0.53333333 0.80952381 0.73684211 0.47368421 0.69565217
 0.71875    0.8        0.14285714 0.64285714 0.55       0.875
 0.4        0.53846154 0.89473684 0.78947368 0.59090909 0.94117647
 0.78571429 0.48571429 0.84210526 0.81818182 0.22222222 0.88888889
 0.44444444 0.75862069 0.94117647 0.86666667 0.90909091 1.
 0.72413793 0.86666667 0.66666667 0.83333333 0.81818182 0.61111111
 0.4        0.76470588 0.84210526 0.72727273 0.63636364 0.78947368
 0.55555556 0.95       0.58333333 0.74444444 0.21428571 0.57894737
 0.9047619  0.85714286 0.8        0.89473684 0.90909091 0.76470588
 0.78571429 0.77777778 0.66666667 0.58333333 0.83333333 0.66666667
 0.38888889 0.68421053 0.31578947 0.95238095 0.87777778 1.
 0.92553191 0.53846154 0.48148148 0.52631579]
,[0.75       0.8        0.87096774 0.69230769 0.83333333 0.38888889
 0.59090909 0.87234043 0.76190476 0.84210526 0.91071429 0.95454545
 0.7        0.66666667 0.88       0.68421053 0.57142857 0.47619048
 0.8        0.70588235 0.79310345 0.75       0.77272727 0.82608696
 0.2173913  0.45454545 0.85       0.5        0.71428571 0.23809524
 0.38888889 0.9047619  0.52380952 0.85       0.5        0.90909091
 0.83333333 0.36363636 0.17647059 0.72       0.72222222 0.38888889
 0.72       1.         0.35294118 0.74074074 0.47368421 0.42857143
 0.90909091 0.55       0.73913043 0.35294118 1.         0.79166667
 0.6        0.61904762 0.77272727 0.47368421 0.11764706 0.16666667
 0.42857143 1.         0.8        0.74074074 0.71428571 0.70588235
 0.76470588 0.45454545 0.25       0.35294118 0.45       0.875
 0.9        0.26086957 0.35294118 0.70588235 0.84210526 0.61111111
 0.55       0.33333333 0.73684211 0.41176471 0.47368421 0.76470588
 0.52173913 0.875      0.63157895 0.55       0.63636364 0.90697674
 0.84210526 0.95121951 0.69565217 1.         0.83333333 0.66666667
 0.61111111 0.75       0.625      0.84210526 0.82142857 0.5
 0.95652174 0.9        0.7962963  0.44444444 0.77777778 0.23529412
 0.75       0.88235294 0.52941176 0.70588235 0.75       0.70833333
 0.33333333 0.77272727 0.68       0.77272727 0.38888889 0.57692308
 0.82352941 0.23809524 0.91304348 0.31578947 0.23809524 0.30612245
 0.96153846 0.47619048 1.         0.78947368 0.63157895 0.86842105
 0.85714286 0.45833333 0.26315789 0.47368421 0.96875    0.82051282
 0.72222222 0.72222222 0.625      0.86363636 0.80769231 0.52941176
 1.         0.64705882 0.56097561 0.68571429 0.42857143 0.65217391
 0.90909091 0.75       0.73684211 1.         0.31578947 0.6
 0.95238095 0.73333333 0.61904762 0.88235294 0.85714286 0.57894737
 0.33333333 0.9047619  0.55555556 0.84210526 0.38888889 0.96428571
 0.42105263 0.9047619  0.47058824 0.9        0.13636364 0.70588235
 0.82352941 0.72727273 0.7        0.9        1.         0.42857143
 0.85       0.91666667 0.9        0.94117647 0.19047619 0.82352941
 0.47368421 0.44444444 0.70833333 0.60869565 0.39130435 0.69565217
 0.65714286 0.69565217 0.05555556 0.85714286 0.55       0.63636364
 0.28571429 0.7        1.         0.75       0.68421053 1.
 0.61111111 0.85       0.69565217 0.81818182 0.19047619 0.69565217
 0.42105263 0.78571429 0.76190476 0.92857143 0.58823529 0.65
 1.         0.76470588 0.23529412 0.78947368 0.85714286 0.57894737
 0.375      0.59090909 0.88888889 0.4        0.93333333 0.78947368
 0.26315789 1.         0.60869565 0.93055556 0.3        0.88
 0.82608696 0.3        0.88888889 0.85       0.58823529 0.95121951
 0.57894737 0.73684211 0.44444444 0.36842105 0.26315789 0.57142857
 0.36842105 0.76470588 0.3        1.         0.9875     1.
 1.         0.73684211 0.61904762 0.90909091]
,[0.81081081 0.7804878  0.65060241 0.61016949 0.81967213 0.56
 0.5        0.68333333 0.71111111 0.62745098 0.83606557 0.875
 0.73684211 0.8        0.6875     0.74285714 0.72727273 0.58823529
 0.76923077 0.66666667 0.77966102 0.68181818 0.77272727 0.7755102
 0.33333333 0.46511628 0.82926829 0.56410256 0.81081081 0.35714286
 0.5        0.9047619  0.5        0.91891892 0.5625     0.83333333
 0.81632653 0.44444444 0.22222222 0.76595745 0.8125     0.4375
 0.62068966 0.625      0.44444444 0.81632653 0.52941176 0.54545455
 0.93023256 0.51162791 0.64150943 0.46153846 0.85       0.80851064
 0.72727273 0.61904762 0.5862069  0.51428571 0.21052632 0.25
 0.52941176 1.         0.76923077 0.8        0.76923077 0.82758621
 0.76470588 0.58823529 0.37037037 0.4        0.52941176 0.875
 0.94736842 0.33333333 0.30769231 0.82758621 0.86486486 0.70967742
 0.61111111 0.42105263 0.8        0.56       0.52941176 0.8125
 0.6        0.93333333 0.72727273 0.70967742 0.56       0.80412371
 0.84210526 0.89655172 0.8        0.97674419 0.85714286 0.69090909
 0.75862069 0.83333333 0.60606061 0.84210526 0.73015873 0.58064516
 0.93617021 0.76595745 0.64179104 0.55172414 0.84848485 0.34782609
 0.71641791 0.9375     0.54545455 0.8        0.8372093  0.79069767
 0.44444444 0.80952381 0.66666667 0.77272727 0.35       0.68181818
 0.68292683 0.37037037 0.95454545 0.4137931  0.23255814 0.37037037
 0.625      0.48780488 0.96202532 0.63829787 0.75       0.80487805
 0.71641791 0.55       0.28571429 0.62068966 0.96875    0.73563218
 0.61904762 0.8125     0.625      0.7755102  0.80769231 0.58064516
 0.96676737 0.56410256 0.55421687 0.65753425 0.42857143 0.46875
 0.90909091 0.81818182 0.73684211 0.58333333 0.34285714 0.54545455
 0.90909091 0.75862069 0.35862069 0.90909091 0.7826087  0.59459459
 0.34285714 0.92682927 0.58823529 0.82051282 0.4516129  0.91525424
 0.5        0.62295082 0.5        0.9        0.20689655 0.68571429
 0.875      0.76190476 0.71794872 0.94736842 0.76190476 0.46153846
 0.72340426 0.93617021 0.7826087  0.84210526 0.19512195 0.90322581
 0.5625     0.48484848 0.75555556 0.66666667 0.42857143 0.69565217
 0.68656716 0.74418605 0.08       0.73469388 0.55       0.73684211
 0.33333333 0.60869565 0.94444444 0.76923077 0.63414634 0.96969697
 0.6875     0.61818182 0.76190476 0.81818182 0.20512821 0.7804878
 0.43243243 0.77192982 0.84210526 0.89655172 0.71428571 0.78787879
 0.84       0.8125     0.34782609 0.81081081 0.8372093  0.59459459
 0.38709677 0.66666667 0.86486486 0.51612903 0.75675676 0.78947368
 0.35714286 0.97435897 0.59574468 0.82716049 0.25       0.6984127
 0.86363636 0.44444444 0.84210526 0.87179487 0.71428571 0.84782609
 0.66666667 0.75675676 0.53333333 0.4516129  0.4        0.61538462
 0.37837838 0.72222222 0.30769231 0.97560976 0.92941176 1.
 0.96132597 0.62222222 0.54166667 0.66666667]
