mACC, mP, mR, mF1, ACC, P, R, F1
0.6532364597093792,0.6449350425400946,0.6105872678579304,0.6032268435519443
,[ 15  14  23  12  27   7   3  38  15  15  53  39   5  11  24  12  14   8
  16  10  24  14  17  15   8  11  18   6  15   3   9  16  11  19   9  17
  20   0   2  19  15   2  17   3   7  21   4  11  19  10  15   2  15  17
   5  13  16   1   1   0   6  15  17  19  15   7  14   9   5   4   7  21
  13   1   4   8  17  10  10   2  12  12  11  14   6  14  16   6  14  40
  16  39  20  20  11  38  11  15   8  18  25   5  20  17  46  10  13   5
  26  15   6  10  20  18   4  16  16  17   3  15  15   7  22   1   2  16
  24  11  38  13  12  21  23  12   1  11  31  32  11  13  17  17  25  10
 160   9  30  24   7  18  22  19  14  20   0   6  20  25  19  16  19   8
   0  19   1  15   5  28   8  15  10  17   2  12  11  15  13  17  14   6
  15  22  18  14   3  16   6   4  20  15   7  14  23  12   1  19  10  15
   7   9  17  10   3  16   7  17  11  16   4  16   6  23  17  28  12  16
  20  12   2  14  17  10   9   8  15   3  23  14   4  19  15  65   4  21
  17   1  16  16  11  39  14  16   6   8   6  15   7   6   9  20 157  24
  87  12  19  17]
,[0.68181818 0.66666667 0.5        0.24489796 0.93103448 0.58333333
 0.17647059 0.5        0.65217391 0.57692308 0.88333333 0.79591837
 0.55555556 0.91666667 0.55813953 0.70588235 0.53846154 0.72727273
 0.72727273 0.76923077 0.77419355 0.5        0.60714286 0.83333333
 0.38095238 0.5        0.62068966 0.54545455 0.71428571 0.27272727
 0.64285714 0.64       0.6875     0.9047619  0.5        0.73913043
 0.8        0.         0.28571429 0.86363636 0.9375     0.4
 0.73913043 0.3        0.53846154 0.91304348 0.57142857 0.78571429
 0.95       1.         0.75       1.         0.55555556 0.62962963
 1.         0.68421053 0.44444444 0.33333333 0.2        0.
 0.85714286 0.78947368 0.68       0.9047619  0.78947368 0.875
 0.82352941 0.81818182 1.         0.4        0.38888889 0.80769231
 0.76470588 0.125      0.23529412 1.         0.89473684 0.83333333
 0.66666667 0.4        0.70588235 0.4137931  0.61111111 0.60869565
 0.35294118 0.82352941 0.88888889 0.6        0.35897436 0.64516129
 0.8        0.76470588 0.95238095 0.90909091 0.91666667 0.65517241
 0.73333333 0.83333333 0.8        0.66666667 0.625      0.71428571
 0.86956522 0.5483871  0.4742268  0.83333333 0.76470588 0.23809524
 0.57777778 0.88235294 0.66666667 0.90909091 0.8        0.9
 0.8        0.84210526 0.48484848 0.73913043 0.42857143 0.9375
 0.75       0.53846154 0.95652174 0.5        0.18181818 0.30769231
 0.61538462 0.64705882 0.97435897 0.59090909 0.66666667 0.67741935
 0.43396226 0.63157895 0.1        0.84615385 0.63265306 0.62745098
 0.61111111 1.         0.5483871  0.70833333 0.43859649 0.55555556
 0.85561497 0.40909091 0.52631579 0.6        0.35       0.54545455
 0.88       0.79166667 0.875      0.48780488 0.         0.42857143
 0.74074074 0.71428571 0.21348315 0.69565217 0.61290323 0.66666667
 0.         0.86363636 0.14285714 1.         0.45454545 0.77777778
 0.66666667 0.42857143 0.52631579 0.85       0.4        0.85714286
 1.         0.51724138 0.65       1.         0.56       0.27272727
 0.38461538 0.95652174 0.52941176 0.77777778 0.375      0.84210526
 0.75       0.5        0.83333333 0.65217391 0.36842105 0.58333333
 0.67647059 0.75       0.16666667 0.57575758 0.47619048 0.78947368
 0.53846154 0.45       1.         0.45454545 0.6        0.94117647
 0.7        0.53125    0.64705882 0.76190476 0.26666667 0.59259259
 0.4        0.76666667 0.85       0.63636364 0.92307692 0.94117647
 0.71428571 0.66666667 0.28571429 0.82352941 0.77272727 0.5
 0.69230769 0.4        0.9375     0.75       0.6969697  0.82352941
 0.8        1.         0.65217391 0.69148936 0.22222222 0.38888889
 0.73913043 0.5        0.88888889 0.76190476 0.91666667 0.76470588
 0.60869565 0.88888889 0.46153846 0.53333333 0.46153846 0.57692308
 0.36842105 0.85714286 0.45       0.90909091 0.82631579 0.92307692
 0.87878788 0.57142857 0.61290323 0.53125   ]
,[0.75       0.7        0.74193548 0.46153846 0.9        0.38888889
 0.13636364 0.80851064 0.71428571 0.78947368 0.94642857 0.88636364
 0.25       0.61111111 0.96       0.63157895 0.66666667 0.38095238
 0.64       0.58823529 0.82758621 0.7        0.77272727 0.65217391
 0.34782609 0.5        0.9        0.27272727 0.71428571 0.14285714
 0.5        0.76190476 0.52380952 0.95       0.5        0.77272727
 0.83333333 0.         0.11764706 0.76       0.83333333 0.11111111
 0.68       0.12       0.41176471 0.77777778 0.21052632 0.52380952
 0.86363636 0.5        0.65217391 0.11764706 0.88235294 0.70833333
 0.25       0.61904762 0.72727273 0.05263158 0.05882353 0.
 0.28571429 0.88235294 0.68       0.7037037  0.71428571 0.41176471
 0.82352941 0.40909091 0.25       0.23529412 0.35       0.875
 0.65       0.04347826 0.23529412 0.47058824 0.89473684 0.55555556
 0.5        0.08333333 0.63157895 0.70588235 0.57894737 0.82352941
 0.26086957 0.875      0.84210526 0.3        0.63636364 0.93023256
 0.84210526 0.95121951 0.86956522 0.95238095 0.61111111 0.66666667
 0.61111111 0.75       0.5        0.94736842 0.89285714 0.27777778
 0.86956522 0.85       0.85185185 0.55555556 0.72222222 0.29411765
 0.8125     0.88235294 0.35294118 0.58823529 0.83333333 0.75
 0.22222222 0.72727273 0.64       0.77272727 0.16666667 0.57692308
 0.88235294 0.33333333 0.95652174 0.05263158 0.0952381  0.32653061
 0.92307692 0.52380952 1.         0.68421053 0.63157895 0.55263158
 0.82142857 0.5        0.05263158 0.57894737 0.96875    0.82051282
 0.61111111 0.72222222 0.70833333 0.77272727 0.96153846 0.58823529
 1.         0.52941176 0.73170732 0.68571429 0.33333333 0.7826087
 1.         0.79166667 0.73684211 0.95238095 0.         0.3
 0.95238095 0.83333333 0.45238095 0.94117647 0.9047619  0.42105263
 0.         0.9047619  0.05555556 0.78947368 0.27777778 1.
 0.42105263 0.71428571 0.58823529 0.85       0.09090909 0.70588235
 0.64705882 0.68181818 0.65       0.85       0.875      0.28571429
 0.75       0.91666667 0.9        0.82352941 0.14285714 0.94117647
 0.31578947 0.22222222 0.83333333 0.65217391 0.30434783 0.60869565
 0.65714286 0.52173913 0.05555556 0.9047619  0.5        0.68181818
 0.33333333 0.45       1.         0.5        0.15789474 1.
 0.38888889 0.85       0.47826087 0.72727273 0.19047619 0.69565217
 0.31578947 0.82142857 0.80952381 1.         0.70588235 0.8
 0.95238095 0.70588235 0.11764706 0.73684211 0.80952381 0.52631579
 0.5625     0.36363636 0.83333333 0.15       0.76666667 0.73684211
 0.21052632 1.         0.65217391 0.90277778 0.2        0.84
 0.73913043 0.05       0.88888889 0.8        0.64705882 0.95121951
 0.73684211 0.84210526 0.33333333 0.42105263 0.31578947 0.71428571
 0.36842105 0.35294118 0.45       1.         0.98125    1.
 1.         0.63157895 0.9047619  0.77272727]
,[0.71428571 0.68292683 0.5974026  0.32       0.91525424 0.46666667
 0.15384615 0.61788618 0.68181818 0.66666667 0.9137931  0.83870968
 0.34482759 0.73333333 0.70588235 0.66666667 0.59574468 0.5
 0.68085106 0.66666667 0.8        0.58333333 0.68       0.73170732
 0.36363636 0.5        0.73469388 0.36363636 0.71428571 0.1875
 0.5625     0.69565217 0.59459459 0.92682927 0.5        0.75555556
 0.81632653 0.         0.16666667 0.80851064 0.88235294 0.17391304
 0.70833333 0.17142857 0.46666667 0.84       0.30769231 0.62857143
 0.9047619  0.66666667 0.69767442 0.21052632 0.68181818 0.66666667
 0.4        0.65       0.55172414 0.09090909 0.09090909 0.
 0.42857143 0.83333333 0.68       0.79166667 0.75       0.56
 0.82352941 0.54545455 0.4        0.2962963  0.36842105 0.84
 0.7027027  0.06451613 0.23529412 0.64       0.89473684 0.66666667
 0.57142857 0.13793103 0.66666667 0.52173913 0.59459459 0.7
 0.3        0.84848485 0.86486486 0.4        0.45901639 0.76190476
 0.82051282 0.84782609 0.90909091 0.93023256 0.73333333 0.66086957
 0.66666667 0.78947368 0.61538462 0.7826087  0.73529412 0.4
 0.86956522 0.66666667 0.60927152 0.66666667 0.74285714 0.26315789
 0.67532468 0.88235294 0.46153846 0.71428571 0.81632653 0.81818182
 0.34782609 0.7804878  0.55172414 0.75555556 0.24       0.71428571
 0.81081081 0.41176471 0.95652174 0.0952381  0.125      0.31683168
 0.73846154 0.57894737 0.98701299 0.63414634 0.64864865 0.60869565
 0.56790123 0.55813953 0.06896552 0.6875     0.7654321  0.71111111
 0.61111111 0.83870968 0.61818182 0.73913043 0.60240964 0.57142857
 0.9221902  0.46153846 0.6122449  0.64       0.34146341 0.64285714
 0.93617021 0.79166667 0.8        0.64516129 0.         0.35294118
 0.83333333 0.76923077 0.29007634 0.8        0.73076923 0.51612903
 0.         0.88372093 0.08       0.88235294 0.34482759 0.875
 0.51612903 0.53571429 0.55555556 0.85       0.14814815 0.77419355
 0.78571429 0.58823529 0.65       0.91891892 0.68292683 0.27906977
 0.50847458 0.93617021 0.66666667 0.8        0.20689655 0.88888889
 0.44444444 0.30769231 0.83333333 0.65217391 0.33333333 0.59574468
 0.66666667 0.61538462 0.08333333 0.7037037  0.48780488 0.73170732
 0.41176471 0.45       1.         0.47619048 0.25       0.96969697
 0.5        0.65384615 0.55       0.74418605 0.22222222 0.64
 0.35294118 0.79310345 0.82926829 0.77777778 0.8        0.86486486
 0.81632653 0.68571429 0.16666667 0.77777778 0.79069767 0.51282051
 0.62068966 0.38095238 0.88235294 0.25       0.73015873 0.77777778
 0.33333333 1.         0.65217391 0.78313253 0.21052632 0.53164557
 0.73913043 0.09090909 0.88888889 0.7804878  0.75862069 0.84782609
 0.66666667 0.86486486 0.38709677 0.47058824 0.375      0.63829787
 0.36842105 0.5        0.45       0.95238095 0.89714286 0.96
 0.93548387 0.6        0.73076923 0.62962963]
