mACC, mP, mR, mF1, ACC, P, R, F1
0.7144980184940555,0.7293760411525856,0.6810718864364597,0.6810142397774266
,[ 17  14  25  11  27  11  15  41  13  14  52  42  13  11  24  12   8  11
  17  14  24  19  21  19   3   6  17  11  16   5  13  17  12  20   6  18
  20   7   3  18  17   5  16  24  10  21  12  10  17  10  16  10  16  19
  15  14  14   7   0   2   9  17  17  24  19  13  15  16   0   5  11  23
  18   2  11  15  16   8  10   2  14   8  13  15  15  13  15  11  15  42
  18  38  19  21  14  47  11  15  13  17  25   4  22  19  45  13  15   3
  23  14  11  15  18  18   6  17  15  17   4  17  14   7  22  11   4  22
  25   9  38  18  14  33  23  14   2  14  31  33  11  13  16  19  23   5
 160   3  29  23  15  13  22  17  13  20   9  10  21  22  11  15  18  14
   4  21   8  14   9  27  13  19   8  17   1  10  13  15  11  19  15   5
  18  22  18  15   0  15  17   5  18  16   1  16  26  18   0  20  11  12
   7  17  17  15  14  15  10  17  17  19   5  18   7  25  17  27  12  16
  20  10   4  14  19  14   9  16  16  14  20  15   6  19  14  67   4  19
  19  13  16  18  13  39  16  17   7  10   5  14  10  13   5  19 160  24
  87  13  17  16]
,[0.85       0.93333333 0.75757576 0.57894737 1.         1.
 0.68181818 0.63076923 0.72222222 0.7        0.92857143 0.7
 0.76470588 0.91666667 0.82758621 0.70588235 0.88888889 0.91666667
 0.68       0.73684211 0.75       0.73076923 0.77777778 0.82608696
 0.25       0.66666667 0.73913043 0.91666667 0.72727273 0.45454545
 0.76470588 0.94444444 0.63157895 0.90909091 0.85714286 0.7826087
 0.55555556 1.         0.17647059 0.85714286 0.73913043 0.625
 0.72727273 0.58536585 0.76923077 1.         0.66666667 0.66666667
 0.77272727 0.76923077 0.88888889 0.76923077 0.72727273 0.9047619
 0.75       0.66666667 0.63636364 0.58333333 0.         0.66666667
 0.5625     0.94444444 0.85       0.88888889 0.86363636 0.86666667
 0.75       0.84210526 0.         0.5        0.78571429 0.71875
 0.66666667 0.33333333 0.47826087 0.88235294 0.94117647 0.72727273
 0.5        0.5        0.73684211 0.8        0.68421053 0.9375
 0.57692308 1.         0.78947368 1.         0.53571429 0.67741935
 1.         0.76       0.86363636 0.95454545 0.7        0.45631068
 0.78571429 0.88235294 0.86666667 0.85       0.71428571 0.66666667
 0.84615385 0.79166667 0.52941176 0.72222222 0.9375     0.75
 0.95833333 0.93333333 0.73333333 0.75       0.9        0.85714286
 0.5        0.89473684 0.78947368 0.85       1.         0.77272727
 0.73684211 0.7        0.91666667 0.64705882 0.16       0.43137255
 0.56818182 0.64285714 0.92682927 0.43902439 0.77777778 0.78571429
 0.60526316 0.93333333 1.         0.7        0.75609756 0.61111111
 0.91666667 1.         0.84210526 0.67857143 0.63888889 0.71428571
 0.84656085 0.375      0.54716981 0.85185185 0.68181818 0.65
 0.91666667 1.         0.86666667 0.57142857 0.75       0.58823529
 0.77777778 0.66666667 0.34375    0.88235294 0.75       0.60869565
 0.8        0.77777778 0.72727273 0.77777778 0.64285714 0.87096774
 0.68421053 0.57575758 0.72727273 0.89473684 0.2        0.90909091
 1.         0.71428571 0.55       0.95       0.78947368 0.41666667
 0.54545455 1.         0.54545455 0.57692308 0.         0.88235294
 0.62962963 0.55555556 0.72       0.61538462 1.         0.84210526
 0.83870968 0.7826087  0.         0.64516129 0.57894737 0.75
 0.46666667 0.35416667 0.77272727 0.83333333 0.7        1.
 1.         0.62962963 0.65384615 0.86363636 0.71428571 0.5
 0.7        0.78125    0.80952381 0.93103448 0.92307692 0.8
 0.68965517 0.83333333 0.57142857 0.82352941 0.9047619  0.875
 0.64285714 0.5        0.88888889 0.73684211 0.90909091 0.65217391
 0.75       0.95       0.77777778 0.75280899 0.5        0.45238095
 0.9047619  0.8125     0.8        0.85714286 0.92857143 0.75
 0.64       0.89473684 0.875      0.83333333 0.71428571 0.7
 0.55555556 0.68421053 0.5        0.95       0.73732719 0.96
 0.45789474 0.8125     0.43589744 0.44444444]
,[0.85       0.7        0.80645161 0.42307692 0.9        0.61111111
 0.68181818 0.87234043 0.61904762 0.73684211 0.92857143 0.95454545
 0.65       0.61111111 0.96       0.63157895 0.38095238 0.52380952
 0.68       0.82352941 0.82758621 0.95       0.95454545 0.82608696
 0.13043478 0.27272727 0.85       0.5        0.76190476 0.23809524
 0.72222222 0.80952381 0.57142857 1.         0.33333333 0.81818182
 0.83333333 0.31818182 0.17647059 0.72       0.94444444 0.27777778
 0.64       0.96       0.58823529 0.77777778 0.63157895 0.47619048
 0.77272727 0.5        0.69565217 0.58823529 0.94117647 0.79166667
 0.75       0.66666667 0.63636364 0.36842105 0.         0.11111111
 0.42857143 1.         0.68       0.88888889 0.9047619  0.76470588
 0.88235294 0.72727273 0.         0.29411765 0.55       0.95833333
 0.9        0.08695652 0.64705882 0.88235294 0.84210526 0.44444444
 0.5        0.08333333 0.73684211 0.47058824 0.68421053 0.88235294
 0.65217391 0.8125     0.78947368 0.55       0.68181818 0.97674419
 0.94736842 0.92682927 0.82608696 1.         0.77777778 0.8245614
 0.61111111 0.75       0.8125     0.89473684 0.89285714 0.22222222
 0.95652174 0.95       0.83333333 0.72222222 0.83333333 0.17647059
 0.71875    0.82352941 0.64705882 0.88235294 0.75       0.75
 0.33333333 0.77272727 0.6        0.77272727 0.22222222 0.65384615
 0.82352941 0.33333333 0.95652174 0.57894737 0.19047619 0.44897959
 0.96153846 0.42857143 1.         0.94736842 0.73684211 0.86842105
 0.82142857 0.58333333 0.10526316 0.73684211 0.96875    0.84615385
 0.61111111 0.72222222 0.66666667 0.86363636 0.88461538 0.29411765
 1.         0.17647059 0.70731707 0.65714286 0.71428571 0.56521739
 1.         0.70833333 0.68421053 0.95238095 0.47368421 0.5
 1.         0.73333333 0.26190476 0.88235294 0.85714286 0.73684211
 0.22222222 1.         0.44444444 0.73684211 0.5        0.96428571
 0.68421053 0.9047619  0.47058824 0.85       0.04545455 0.58823529
 0.76470588 0.68181818 0.55       0.95       0.9375     0.23809524
 0.9        0.91666667 0.9        0.88235294 0.         0.88235294
 0.89473684 0.27777778 0.75       0.69565217 0.04347826 0.69565217
 0.74285714 0.7826087  0.         0.95238095 0.55       0.54545455
 0.33333333 0.85       1.         0.75       0.73684211 0.9375
 0.55555556 0.85       0.73913043 0.86363636 0.23809524 0.7826087
 0.36842105 0.89285714 0.80952381 0.96428571 0.70588235 0.8
 0.95238095 0.58823529 0.23529412 0.73684211 0.9047619  0.73684211
 0.5625     0.72727273 0.88888889 0.7        0.66666667 0.78947368
 0.31578947 1.         0.60869565 0.93055556 0.2        0.76
 0.82608696 0.65       0.88888889 0.9        0.76470588 0.95121951
 0.84210526 0.89473684 0.38888889 0.52631579 0.26315789 0.66666667
 0.52631579 0.76470588 0.25       0.95       1.         1.
 1.         0.68421053 0.80952381 0.72727273]
,[0.85       0.8        0.78125    0.48888889 0.94736842 0.75862069
 0.68181818 0.73214286 0.66666667 0.71794872 0.92857143 0.80769231
 0.7027027  0.73333333 0.88888889 0.66666667 0.53333333 0.66666667
 0.68       0.77777778 0.78688525 0.82608696 0.85714286 0.82608696
 0.17142857 0.38709677 0.79069767 0.64705882 0.74418605 0.3125
 0.74285714 0.87179487 0.6        0.95238095 0.48       0.8
 0.66666667 0.48275862 0.17647059 0.7826087  0.82926829 0.38461538
 0.68085106 0.72727273 0.66666667 0.875      0.64864865 0.55555556
 0.77272727 0.60606061 0.7804878  0.66666667 0.82051282 0.84444444
 0.75       0.66666667 0.63636364 0.4516129  0.         0.19047619
 0.48648649 0.97142857 0.75555556 0.88888889 0.88372093 0.8125
 0.81081081 0.7804878  0.         0.37037037 0.64705882 0.82142857
 0.76595745 0.13793103 0.55       0.88235294 0.88888889 0.55172414
 0.5        0.14285714 0.73684211 0.59259259 0.68421053 0.90909091
 0.6122449  0.89655172 0.78947368 0.70967742 0.6        0.8
 0.97297297 0.83516484 0.84444444 0.97674419 0.73684211 0.5875
 0.6875     0.81081081 0.83870968 0.87179487 0.79365079 0.33333333
 0.89795918 0.86363636 0.64748201 0.72222222 0.88235294 0.28571429
 0.82142857 0.875      0.6875     0.81081081 0.81818182 0.8
 0.4        0.82926829 0.68181818 0.80952381 0.36363636 0.70833333
 0.77777778 0.4516129  0.93617021 0.61111111 0.17391304 0.44
 0.71428571 0.51428571 0.96202532 0.6        0.75675676 0.825
 0.6969697  0.71794872 0.19047619 0.71794872 0.84931507 0.70967742
 0.73333333 0.83870968 0.74418605 0.76       0.74193548 0.41666667
 0.91690544 0.24       0.61702128 0.74193548 0.69767442 0.60465116
 0.95652174 0.82926829 0.76470588 0.71428571 0.58064516 0.54054054
 0.875      0.6984127  0.2972973  0.88235294 0.8        0.66666667
 0.34782609 0.875      0.55172414 0.75675676 0.5625     0.91525424
 0.68421053 0.7037037  0.57142857 0.87179487 0.07407407 0.71428571
 0.86666667 0.69767442 0.55       0.95       0.85714286 0.3030303
 0.67924528 0.95652174 0.67924528 0.69767442 0.         0.88235294
 0.73913043 0.37037037 0.73469388 0.65306122 0.08333333 0.76190476
 0.78787879 0.7826087  0.         0.76923077 0.56410256 0.63157895
 0.38888889 0.5        0.87179487 0.78947368 0.71794872 0.96774194
 0.71428571 0.72340426 0.69387755 0.86363636 0.35714286 0.61016949
 0.48275862 0.83333333 0.80952381 0.94736842 0.8        0.8
 0.8        0.68965517 0.33333333 0.77777778 0.9047619  0.8
 0.6        0.59259259 0.88888889 0.71794872 0.76923077 0.71428571
 0.44444444 0.97435897 0.68292683 0.83229814 0.28571429 0.56716418
 0.86363636 0.72222222 0.84210526 0.87804878 0.83870968 0.83870968
 0.72727273 0.89473684 0.53846154 0.64516129 0.38461538 0.68292683
 0.54054054 0.72222222 0.33333333 0.95       0.84880637 0.97959184
 0.62815884 0.74285714 0.56666667 0.55172414]
