mACC, mP, mR, mF1, ACC, P, R, F1
0.47044253632760896,0.4677339810558832,0.40853387455907486,0.3968048750698948
,[ 16   6  20   7  16   6   3  33   6  14  46  37   1   2  18   1   5   1
   6   8  20  14  15   0   3   1  15   5   6   0   3   6   3  12   4  12
  17   1   6   6   5   1  10  15   2  13   0   7  19   5  10   5   8  10
   0   0   0   5   0   5   0  15  21  25   7  10   6   1   1   5   1  21
  13   7   5   2  17   5   0   0  14   0   4   1   6  12  12   0   6  40
  17  30   9  21  13  28   6  16   0   5  22   2  23  17  33   3  13   1
  19  14   8   2  16  12   4   9   0   1   1  21  11   4  16   9   1  15
  23   5  37  13   0  30  26   8   0   6  28  22   3  13  15  12  19   0
 159  12  31   7   0   6  16  18   8  14   6  11  12  18  21   2  16   5
   2  17   1   0   5  27   6   2   2  14   3   4   0   6  14  15   9   9
  15   2   6  12   0  13   3   2   3   7  14  12  20   6   1   4   6   7
   0   0  13   0   3   7   5   0  16  19   0   5   5  19  13  21  11   0
  19  10   0   7  15   0   3   1  16   0  16   7   3  17   8  60   4   3
  16   9  10  15   0  32   9   8   1   8   4   0   2   6   6  15 154  24
  87   8   5  13]
,[0.5        0.85714286 0.46511628 0.46666667 1.         0.42857143
 0.1875     0.42307692 0.23076923 0.63636364 0.66666667 0.71153846
 0.11111111 0.66666667 0.23376623 0.1        0.45454545 0.11111111
 0.46153846 0.88888889 0.44444444 0.56       0.88235294 0.
 0.375      0.16666667 0.71428571 0.55555556 0.66666667 0.
 0.3        0.54545455 0.23076923 0.92307692 0.5        0.54545455
 0.5483871  0.5        0.46153846 0.75       0.22727273 0.14285714
 0.625      0.57692308 0.5        0.54166667 0.         0.5
 0.67857143 0.55555556 0.71428571 0.55555556 1.         0.90909091
 0.         0.         0.         0.38461538 0.         0.35714286
 0.         0.625      0.4375     0.73529412 1.         0.625
 0.27272727 1.         0.25       0.29411765 0.1        0.77777778
 0.76470588 0.15909091 0.07692308 1.         0.94444444 0.09615385
 0.         0.         0.36842105 0.         0.16       0.1
 0.28571429 0.8        1.         0.         0.5        0.50632911
 0.51515152 0.46153846 0.33333333 0.77777778 0.72222222 0.18064516
 0.10526316 1.         0.         1.         0.28571429 0.66666667
 0.26136364 0.29310345 0.34020619 0.5        0.92857143 0.25
 0.79166667 0.93333333 0.61538462 1.         0.69565217 0.85714286
 1.         0.42857143 0.         0.5        0.05555556 0.20192308
 0.78571429 0.44444444 0.8        0.69230769 0.25       0.18518519
 0.41071429 0.41666667 0.61666667 0.44827586 0.         0.51724138
 0.24761905 0.88888889 0.         0.66666667 0.50909091 0.46808511
 0.5        0.59090909 0.38461538 0.8        0.44186047 0.
 0.62598425 0.4        0.26724138 0.7        0.         0.15384615
 0.94117647 0.47368421 0.47058824 0.35897436 0.42857143 0.52380952
 0.6        0.75       0.22340426 0.22222222 0.69565217 0.5
 0.18181818 0.89473684 0.25       0.         0.5        0.61363636
 0.6        0.18181818 0.16666667 0.93333333 0.33333333 0.5
 0.         0.21428571 0.77777778 0.9375     0.5625     0.42857143
 0.3125     0.66666667 0.6        0.63157895 0.         0.92857143
 0.16666667 0.5        0.6        0.63636364 0.51851852 0.70588235
 0.71428571 0.33333333 0.33333333 1.         0.75       0.46666667
 0.         0.         0.86666667 0.         0.6        1.
 0.625      0.         0.53333333 0.79166667 0.         0.71428571
 0.71428571 0.63333333 0.86666667 0.77777778 0.47826087 0.
 0.63333333 0.71428571 0.         0.77777778 0.45454545 0.
 0.25       0.125      0.64       0.         0.4        0.4375
 0.1875     0.425      0.8        0.78947368 0.57142857 0.3
 0.94117647 0.5625     0.71428571 0.48387097 0.         0.58181818
 0.36       0.72727273 0.08333333 0.66666667 0.30769231 0.
 0.25       0.375      0.07792208 0.44117647 0.76616915 0.92307692
 0.66412214 0.42105263 0.45454545 0.37142857]
,[0.8        0.3        0.64516129 0.26923077 0.53333333 0.33333333
 0.13636364 0.70212766 0.28571429 0.73684211 0.82142857 0.84090909
 0.05       0.11111111 0.72       0.05263158 0.23809524 0.04761905
 0.24       0.47058824 0.68965517 0.7        0.68181818 0.
 0.13043478 0.04545455 0.75       0.22727273 0.28571429 0.
 0.16666667 0.28571429 0.14285714 0.6        0.22222222 0.54545455
 0.70833333 0.04545455 0.35294118 0.24       0.27777778 0.05555556
 0.4        0.6        0.11764706 0.48148148 0.         0.33333333
 0.86363636 0.25       0.43478261 0.29411765 0.47058824 0.41666667
 0.         0.         0.         0.26315789 0.         0.27777778
 0.         0.88235294 0.84       0.92592593 0.33333333 0.58823529
 0.35294118 0.04545455 0.05       0.29411765 0.05       0.875
 0.65       0.30434783 0.29411765 0.11764706 0.89473684 0.27777778
 0.         0.         0.73684211 0.         0.21052632 0.05882353
 0.26086957 0.75       0.63157895 0.         0.27272727 0.93023256
 0.89473684 0.73170732 0.39130435 1.         0.72222222 0.49122807
 0.33333333 0.8        0.         0.26315789 0.78571429 0.11111111
 1.         0.85       0.61111111 0.16666667 0.72222222 0.05882353
 0.59375    0.82352941 0.47058824 0.11764706 0.66666667 0.5
 0.22222222 0.40909091 0.         0.04545455 0.05555556 0.80769231
 0.64705882 0.19047619 0.69565217 0.47368421 0.04761905 0.30612245
 0.88461538 0.23809524 0.97368421 0.68421053 0.         0.78947368
 0.92857143 0.33333333 0.         0.31578947 0.875      0.56410256
 0.16666667 0.72222222 0.625      0.54545455 0.73076923 0.
 0.99375    0.70588235 0.75609756 0.2        0.         0.26086957
 0.72727273 0.75       0.42105263 0.66666667 0.31578947 0.55
 0.57142857 0.6        0.5        0.11764706 0.76190476 0.26315789
 0.11111111 0.80952381 0.05555556 0.         0.27777778 0.96428571
 0.31578947 0.0952381  0.11764706 0.7        0.13636364 0.23529412
 0.         0.27272727 0.7        0.75       0.5625     0.42857143
 0.75       0.08333333 0.3        0.70588235 0.         0.76470588
 0.15789474 0.11111111 0.125      0.30434783 0.60869565 0.52173913
 0.57142857 0.26086957 0.05555556 0.19047619 0.3        0.31818182
 0.         0.         0.76470588 0.         0.15789474 0.4375
 0.27777778 0.         0.69565217 0.86363636 0.         0.2173913
 0.26315789 0.67857143 0.61904762 0.75       0.64705882 0.
 0.9047619  0.58823529 0.         0.36842105 0.71428571 0.
 0.1875     0.04545455 0.88888889 0.         0.53333333 0.36842105
 0.15789474 0.89473684 0.34782609 0.83333333 0.2        0.12
 0.69565217 0.45       0.55555556 0.75       0.         0.7804878
 0.47368421 0.42105263 0.05555556 0.42105263 0.21052632 0.
 0.10526316 0.35294118 0.3        0.75       0.9625     1.
 1.         0.42105263 0.23809524 0.59090909]
,[0.61538462 0.44444444 0.54054054 0.34146341 0.69565217 0.375
 0.15789474 0.528      0.25531915 0.68292683 0.736      0.77083333
 0.06896552 0.19047619 0.35294118 0.06896552 0.3125     0.06666667
 0.31578947 0.61538462 0.54054054 0.62222222 0.76923077 0.
 0.19354839 0.07142857 0.73170732 0.32258065 0.4        0.
 0.21428571 0.375      0.17647059 0.72727273 0.30769231 0.54545455
 0.61818182 0.08333333 0.4        0.36363636 0.25       0.08
 0.48780488 0.58823529 0.19047619 0.50980392 0.         0.4
 0.76       0.34482759 0.54054054 0.38461538 0.64       0.57142857
 0.         0.         0.         0.3125     0.         0.3125
 0.         0.73170732 0.57534247 0.81967213 0.5        0.60606061
 0.30769231 0.08695652 0.08333333 0.29411765 0.06666667 0.82352941
 0.7027027  0.20895522 0.12195122 0.21052632 0.91891892 0.14285714
 0.         0.         0.49122807 0.         0.18181818 0.07407407
 0.27272727 0.77419355 0.77419355 0.         0.35294118 0.6557377
 0.65384615 0.56603774 0.36       0.875      0.72222222 0.26415094
 0.16       0.88888889 0.         0.41666667 0.41904762 0.19047619
 0.41441441 0.43589744 0.43708609 0.25       0.8125     0.0952381
 0.67857143 0.875      0.53333333 0.21052632 0.68085106 0.63157895
 0.36363636 0.41860465 0.         0.08333333 0.05555556 0.32307692
 0.70967742 0.26666667 0.74418605 0.5625     0.08       0.23076923
 0.56097561 0.3030303  0.75510204 0.54166667 0.         0.625
 0.39097744 0.48484848 0.         0.42857143 0.64367816 0.51162791
 0.25       0.65       0.47619048 0.64864865 0.55072464 0.
 0.76811594 0.5106383  0.39490446 0.31111111 0.         0.19354839
 0.82051282 0.58064516 0.44444444 0.46666667 0.36363636 0.53658537
 0.58536585 0.66666667 0.30882353 0.15384615 0.72727273 0.34482759
 0.13793103 0.85       0.09090909 0.         0.35714286 0.75
 0.4137931  0.125      0.13793103 0.8        0.19354839 0.32
 0.         0.24       0.73684211 0.83333333 0.5625     0.42857143
 0.44117647 0.14814815 0.4        0.66666667 0.         0.83870968
 0.16216216 0.18181818 0.20689655 0.41176471 0.56       0.6
 0.63492063 0.29268293 0.0952381  0.32       0.42857143 0.37837838
 0.         0.         0.8125     0.         0.25       0.60869565
 0.38461538 0.         0.60377358 0.82608696 0.         0.33333333
 0.38461538 0.65517241 0.72222222 0.76363636 0.55       0.
 0.74509804 0.64516129 0.         0.5        0.55555556 0.
 0.21428571 0.06666667 0.74418605 0.         0.45714286 0.4
 0.17142857 0.57627119 0.48484848 0.81081081 0.2962963  0.17142857
 0.8        0.5        0.625      0.58823529 0.         0.66666667
 0.40909091 0.53333333 0.06666667 0.51612903 0.25       0.
 0.14814815 0.36363636 0.12371134 0.55555556 0.8531856  0.96
 0.79816514 0.42105263 0.3125     0.45614035]
