mACC, mP, mR, mF1, ACC, P, R, F1
0.6676023778071334,0.6734908123917187,0.6307572215254538,0.6249803369159952
,[ 15  14  25   2  25   9   4  41  17  10  48  41  14   9  23  11  13   7
  16  12  19  14  19  19  10   3  18   7  16   6  10  11  11  19   2  19
  21   1   2  19  17   4  15   4   8  21  16  10  19   9   0  10  15  17
  16  13  15   5   0   1   8  16  10  23  18  11  14  13   0   7   9  23
  17   1   9  14  16   7  10   1  14  12  11  14  17  15  15   0  16  41
  16  39  17  20  12  45   9  15  12  18  21   4  19  19  49  10  15   3
  25  14  11  12  20  16   5  15  14  17   1  15  14   7  23   1   1  23
  25   9  38  15  10  32  24  13   0  17  32  31  10  14  16  17  20   7
 160   6  28  22  13  18  22  20  13  20   0   5  20  24   9  12  18  12
   0  20   0  13   8  28  10  16  11  17   1  13  14  13  12  19  13   4
  18  22  16  15   0  15  12   6  17  18   2  14  25  17   0  19  12  13
   9   8  17  15   6  15   8  16  19  17   0  17   7  24  19  26  13  15
  21  12   6  17  19  14   9  12  16  14  20  15   5  19  13  67   1   8
  17  10  13  14   9  39  17  17   9  10   4  14  10  13   5  19 160  24
  74  12  18  15]
,[0.6        0.77777778 0.83333333 0.05714286 0.89285714 1.
 0.44444444 0.63076923 0.73913043 0.71428571 0.92307692 0.70689655
 0.73684211 1.         0.82142857 0.6875     0.92857143 0.875
 0.88888889 0.70588235 0.61290323 0.53846154 0.76       0.76
 0.35714286 0.125      0.66666667 0.7        0.66666667 0.28571429
 0.76923077 0.91666667 0.6875     0.95       0.5        0.73076923
 0.6        1.         0.2        0.76       0.68       0.8
 0.75       0.44444444 0.8        0.875      0.43243243 0.52631579
 0.76       0.9        0.         0.76923077 0.83333333 0.89473684
 0.84210526 0.68421053 0.375      0.625      0.         1.
 0.66666667 0.94117647 1.         0.92       1.         0.84615385
 0.66666667 0.72222222 0.         0.53846154 0.9        0.76666667
 0.5862069  0.5        0.36       0.82352941 0.8        0.63636364
 0.35714286 1.         0.42424242 0.3        0.55       0.93333333
 0.60714286 0.75       0.83333333 0.         0.57142857 0.62121212
 1.         0.73584906 0.80952381 0.90909091 0.8        0.40540541
 0.6        0.44117647 0.8        0.94736842 0.65625    0.5
 0.9047619  0.59375    0.45794393 0.66666667 0.88235294 0.5
 0.75757576 0.93333333 0.84615385 0.92307692 0.86956522 0.84210526
 0.45454545 0.9375     0.7        0.65384615 0.5        0.83333333
 0.93333333 0.46666667 0.95833333 0.25       0.07142857 0.36507937
 0.53191489 0.9        0.9047619  0.46875    0.90909091 0.82051282
 0.64864865 0.86666667 0.         0.60714286 0.8        0.62
 1.         0.93333333 0.76190476 0.70833333 0.8        0.5
 0.85106383 0.42857143 0.65116279 0.73333333 0.56521739 0.75
 0.95652174 0.90909091 1.         0.68965517 0.         0.83333333
 0.90909091 0.82758621 0.27272727 0.66666667 0.5625     0.70588235
 0.         0.8        0.         0.76470588 0.44444444 0.77777778
 0.83333333 0.59259259 0.64705882 1.         0.5        0.92857143
 0.875      0.65       0.75       0.95       0.92857143 0.17391304
 0.375      0.95652174 0.57142857 0.68181818 0.         1.
 0.75       0.66666667 0.77272727 0.62068966 0.66666667 0.82352941
 0.64102564 0.68       0.         0.48717949 0.63157895 0.68421053
 0.19148936 0.34782609 1.         0.78947368 0.46153846 0.9375
 0.44444444 0.64       0.63333333 0.62962963 0.         0.62962963
 0.63636364 0.77419355 0.55882353 1.         0.86666667 0.78947368
 0.67741935 0.85714286 0.5        0.77272727 0.9047619  0.82352941
 0.81818182 0.44444444 0.84210526 0.38888889 0.90909091 0.78947368
 0.55555556 0.9047619  0.76470588 0.75280899 0.5        0.28571429
 0.89473684 0.90909091 0.86666667 0.66666667 0.81818182 0.72222222
 0.68       0.65384615 0.9        0.66666667 0.57142857 0.56
 0.90909091 0.61904762 0.55555556 1.         0.73394495 0.92307692
 0.43786982 0.8        0.48648649 0.42857143]
,[0.75       0.7        0.80645161 0.07692308 0.83333333 0.5
 0.18181818 0.87234043 0.80952381 0.52631579 0.85714286 0.93181818
 0.7        0.5        0.92       0.57894737 0.61904762 0.33333333
 0.64       0.70588235 0.65517241 0.7        0.86363636 0.82608696
 0.43478261 0.13636364 0.9        0.31818182 0.76190476 0.28571429
 0.55555556 0.52380952 0.52380952 0.95       0.11111111 0.86363636
 0.875      0.04545455 0.11764706 0.76       0.94444444 0.22222222
 0.6        0.16       0.47058824 0.77777778 0.84210526 0.47619048
 0.86363636 0.45       0.         0.58823529 0.88235294 0.70833333
 0.8        0.61904762 0.68181818 0.26315789 0.         0.05555556
 0.38095238 0.94117647 0.4        0.85185185 0.85714286 0.64705882
 0.82352941 0.59090909 0.         0.41176471 0.45       0.95833333
 0.85       0.04347826 0.52941176 0.82352941 0.84210526 0.38888889
 0.5        0.04166667 0.73684211 0.70588235 0.57894737 0.82352941
 0.73913043 0.9375     0.78947368 0.         0.72727273 0.95348837
 0.84210526 0.95121951 0.73913043 0.95238095 0.66666667 0.78947368
 0.5        0.75       0.75       0.94736842 0.75       0.22222222
 0.82608696 0.95       0.90740741 0.55555556 0.83333333 0.17647059
 0.78125    0.82352941 0.64705882 0.70588235 0.83333333 0.66666667
 0.27777778 0.68181818 0.56       0.77272727 0.05555556 0.57692308
 0.82352941 0.33333333 1.         0.05263158 0.04761905 0.46938776
 0.96153846 0.42857143 1.         0.78947368 0.52631579 0.84210526
 0.85714286 0.54166667 0.         0.89473684 1.         0.79487179
 0.55555556 0.77777778 0.66666667 0.77272727 0.76923077 0.41176471
 1.         0.35294118 0.68292683 0.62857143 0.61904762 0.7826087
 1.         0.83333333 0.68421053 0.95238095 0.         0.25
 0.95238095 0.8        0.21428571 0.70588235 0.85714286 0.63157895
 0.         0.95238095 0.         0.68421053 0.44444444 1.
 0.52631579 0.76190476 0.64705882 0.85       0.04545455 0.76470588
 0.82352941 0.59090909 0.6        0.95       0.8125     0.19047619
 0.9        0.91666667 0.8        0.88235294 0.         0.88235294
 0.63157895 0.33333333 0.70833333 0.7826087  0.08695652 0.60869565
 0.71428571 0.73913043 0.         0.9047619  0.6        0.59090909
 0.42857143 0.4        1.         0.75       0.31578947 0.9375
 0.44444444 0.8        0.82608696 0.77272727 0.         0.73913043
 0.36842105 0.85714286 0.9047619  0.92857143 0.76470588 0.75
 1.         0.70588235 0.35294118 0.89473684 0.9047619  0.73684211
 0.5625     0.54545455 0.88888889 0.7        0.66666667 0.78947368
 0.26315789 1.         0.56521739 0.93055556 0.05       0.32
 0.73913043 0.5        0.72222222 0.7        0.52941176 0.95121951
 0.89473684 0.89473684 0.5        0.52631579 0.21052632 0.66666667
 0.52631579 0.76470588 0.25       0.95       1.         1.
 0.85057471 0.63157895 0.85714286 0.68181818]
,[0.66666667 0.73684211 0.81967213 0.06557377 0.86206897 0.66666667
 0.25806452 0.73214286 0.77272727 0.60606061 0.88888889 0.80392157
 0.71794872 0.66666667 0.86792453 0.62857143 0.74285714 0.48275862
 0.74418605 0.70588235 0.63333333 0.60869565 0.80851064 0.79166667
 0.39215686 0.13043478 0.76595745 0.4375     0.71111111 0.28571429
 0.64516129 0.66666667 0.59459459 0.95       0.18181818 0.79166667
 0.71186441 0.08695652 0.14814815 0.76       0.79069767 0.34782609
 0.66666667 0.23529412 0.59259259 0.82352941 0.57142857 0.5
 0.80851064 0.6        0.         0.66666667 0.85714286 0.79069767
 0.82051282 0.65       0.48387097 0.37037037 0.         0.10526316
 0.48484848 0.94117647 0.57142857 0.88461538 0.92307692 0.73333333
 0.73684211 0.65       0.         0.46666667 0.6        0.85185185
 0.69387755 0.08       0.42857143 0.82352941 0.82051282 0.48275862
 0.41666667 0.08       0.53846154 0.42105263 0.56410256 0.875
 0.66666667 0.83333333 0.81081081 0.         0.64       0.75229358
 0.91428571 0.82978723 0.77272727 0.93023256 0.72727273 0.53571429
 0.54545455 0.55555556 0.77419355 0.94736842 0.7        0.30769231
 0.86363636 0.73076923 0.60869565 0.60606061 0.85714286 0.26086957
 0.76923077 0.875      0.73333333 0.8        0.85106383 0.74418605
 0.34482759 0.78947368 0.62222222 0.70833333 0.1        0.68181818
 0.875      0.38888889 0.9787234  0.08695652 0.05714286 0.41071429
 0.68493151 0.58064516 0.95       0.58823529 0.66666667 0.83116883
 0.73846154 0.66666667 0.         0.72340426 0.88888889 0.69662921
 0.71428571 0.84848485 0.71111111 0.73913043 0.78431373 0.4516129
 0.91954023 0.38709677 0.66666667 0.67692308 0.59090909 0.76595745
 0.97777778 0.86956522 0.8125     0.8        0.         0.38461538
 0.93023256 0.81355932 0.24       0.68571429 0.67924528 0.66666667
 0.         0.86956522 0.         0.72222222 0.44444444 0.875
 0.64516129 0.66666667 0.64705882 0.91891892 0.08333333 0.83870968
 0.84848485 0.61904762 0.66666667 0.95       0.86666667 0.18181818
 0.52941176 0.93617021 0.66666667 0.76923077 0.         0.9375
 0.68571429 0.44444444 0.73913043 0.69230769 0.15384615 0.7
 0.67567568 0.70833333 0.         0.63333333 0.61538462 0.63414634
 0.26470588 0.37209302 1.         0.76923077 0.375      0.9375
 0.44444444 0.71111111 0.71698113 0.69387755 0.         0.68
 0.46666667 0.81355932 0.69090909 0.96296296 0.8125     0.76923077
 0.80769231 0.77419355 0.4137931  0.82926829 0.9047619  0.77777778
 0.66666667 0.48979592 0.86486486 0.5        0.76923077 0.78947368
 0.35714286 0.95       0.65       0.83229814 0.09090909 0.30188679
 0.80952381 0.64516129 0.78787879 0.68292683 0.64285714 0.82105263
 0.77272727 0.75555556 0.64285714 0.58823529 0.30769231 0.60869565
 0.66666667 0.68421053 0.34482759 0.97435897 0.84656085 0.96
 0.578125   0.70588235 0.62068966 0.52631579]
