mACC, mP, mR, mF1, ACC, P, R, F1
0.5511889035667107,0.5683630071380609,0.5036614271390456,0.498650662477175
,[ 11  11  22  11  26   3   1  39   4  16  51  42   7  14   8  12  11  14
  17  10  22  11   2  18   4   0  14   8   9   0   6   7  11  18  16  19
  14   0   2  18  17   2  15   8   0  19  13  12   4  10  17   5  14  19
   8   0   9   8   0   6  10   9   9  23  12  14   5   7   2   9   0  23
  15   0   4   0  17   5   5  17   8  10  13   6  17  15  11   0   4  40
  17  39  17  20   0  35  11   0   4  11  25   0  19   3  39   9  14   4
  22  14   9   7  20  18   0  16  11   8   0  17  15  11  20   4   5  11
  20   7  37  16  14  37  18  17   1  14   9  31   0  12   1  13  19   8
 156   5  28  18   0  12  19  19  10  18   4   0  16  20  25   0  19   4
   3  19   3   7   1  28   6   0   5  18   4  11  14   9  16  18  15   2
   3  21  16  15   0  13   6   7  13  18   0   0  23   8   0  21   6   7
   7   4  16  15   2  15  10   5   8  19   0  15   6  26  17  27   2  14
  18  11   2  12  16   0   1  15   2   0  12  17   3  19  15  66   1   1
  14   0  15  14   9  37   0  15   8   0   0  11   9  12   7  20 160  24
  33  14  14   0]
,[0.78571429 0.78571429 0.81481481 0.275      0.86666667 0.11538462
 0.11111111 0.45882353 0.66666667 0.61538462 0.87931034 0.84
 0.46666667 1.         0.47058824 0.85714286 0.31428571 0.82352941
 0.85       0.625      0.53658537 0.78571429 0.33333333 0.5625
 0.22222222 0.         0.875      0.53333333 0.375      0.
 1.         1.         0.73333333 0.9        0.5        0.63333333
 0.7        0.         0.05405405 0.94736842 0.53125    1.
 0.71428571 0.2962963  0.         1.         0.76470588 0.8
 1.         0.52631579 0.77272727 0.83333333 0.77777778 0.9047619
 1.         0.         0.33333333 0.57142857 0.         0.26086957
 0.38461538 0.69230769 0.6        0.71875    1.         0.93333333
 0.38461538 0.63636364 0.18181818 0.20454545 0.         0.76666667
 0.78947368 0.         0.66666667 0.         0.85       0.71428571
 0.35714286 0.44736842 0.66666667 0.32258065 0.44827586 1.
 0.5        0.83333333 1.         0.         0.19047619 0.625
 0.60714286 0.4875     0.60714286 0.83333333 0.         0.67307692
 0.84615385 0.         1.         1.         0.67567568 0.
 0.95       0.33333333 0.3362069  0.6        1.         0.09302326
 0.62857143 0.93333333 1.         0.5        0.83333333 0.85714286
 0.         0.94117647 0.61111111 1.         0.         1.
 0.71428571 0.14473684 0.95238095 0.4        0.11627907 0.42307692
 0.41666667 0.7        0.97368421 0.55172414 0.93333333 0.53623188
 0.48648649 0.77272727 0.11111111 0.53846154 0.9        0.43055556
 0.         0.75       1.         1.         0.38       0.32
 0.62650602 0.26315789 0.21705426 0.94736842 0.         0.63157895
 0.475      0.9047619  0.83333333 0.75       0.36363636 0.
 0.88888889 0.83333333 0.10548523 0.         0.79166667 0.8
 0.125      0.73076923 0.21428571 0.77777778 1.         0.41791045
 0.66666667 0.         0.29411765 0.81818182 0.22222222 0.91666667
 0.7        0.69230769 0.53333333 1.         0.68181818 0.25
 0.375      1.         0.2962963  0.6        0.         0.86666667
 0.66666667 0.7        0.92857143 0.5625     0.         0.
 0.38983051 0.66666667 0.         0.33870968 0.6        0.53846154
 0.28       1.         1.         0.6        0.11764706 0.88235294
 0.34482759 0.71428571 1.         0.9047619  0.         0.46875
 1.         0.76470588 0.94444444 0.87096774 0.15384615 1.
 0.5        0.73333333 0.5        0.70588235 0.94117647 0.
 1.         0.53571429 0.4        0.         0.92307692 0.425
 0.15789474 0.9047619  0.625      0.54098361 0.06666667 0.33333333
 0.93333333 0.         0.71428571 1.         0.9        0.66071429
 0.         0.5        0.88888889 0.         0.         0.78571429
 0.81818182 0.92307692 0.26923077 0.90909091 0.73732719 0.88888889
 0.7173913  0.875      0.42424242 0.        ]
,[0.55       0.55       0.70967742 0.42307692 0.86666667 0.16666667
 0.04545455 0.82978723 0.19047619 0.84210526 0.91071429 0.95454545
 0.35       0.77777778 0.32       0.63157895 0.52380952 0.66666667
 0.68       0.58823529 0.75862069 0.55       0.09090909 0.7826087
 0.17391304 0.         0.7        0.36363636 0.42857143 0.
 0.33333333 0.33333333 0.52380952 0.9        0.88888889 0.86363636
 0.58333333 0.         0.11764706 0.72       0.94444444 0.11111111
 0.6        0.32       0.         0.7037037  0.68421053 0.57142857
 0.18181818 0.5        0.73913043 0.29411765 0.82352941 0.79166667
 0.4        0.         0.40909091 0.42105263 0.         0.33333333
 0.47619048 0.52941176 0.36       0.85185185 0.57142857 0.82352941
 0.29411765 0.31818182 0.1        0.52941176 0.         0.95833333
 0.75       0.         0.23529412 0.         0.89473684 0.27777778
 0.25       0.70833333 0.42105263 0.58823529 0.68421053 0.35294118
 0.73913043 0.9375     0.57894737 0.         0.18181818 0.93023256
 0.89473684 0.95121951 0.73913043 0.95238095 0.         0.61403509
 0.61111111 0.         0.25       0.57894737 0.89285714 0.
 0.82608696 0.15       0.72222222 0.5        0.77777778 0.23529412
 0.6875     0.82352941 0.52941176 0.41176471 0.83333333 0.75
 0.         0.72727273 0.44       0.36363636 0.         0.65384615
 0.88235294 0.52380952 0.86956522 0.21052632 0.23809524 0.2244898
 0.76923077 0.33333333 0.97368421 0.84210526 0.73684211 0.97368421
 0.64285714 0.70833333 0.05263158 0.73684211 0.28125    0.79487179
 0.         0.66666667 0.04166667 0.59090909 0.73076923 0.47058824
 0.975      0.29411765 0.68292683 0.51428571 0.         0.52173913
 0.86363636 0.79166667 0.52631579 0.85714286 0.21052632 0.
 0.76190476 0.66666667 0.5952381  0.         0.9047619  0.21052632
 0.16666667 0.9047619  0.16666667 0.36842105 0.05555556 1.
 0.31578947 0.         0.29411765 0.9        0.18181818 0.64705882
 0.82352941 0.40909091 0.8        0.9        0.9375     0.0952381
 0.15       0.875      0.8        0.88235294 0.         0.76470588
 0.31578947 0.38888889 0.54166667 0.7826087  0.         0.
 0.65714286 0.34782609 0.         1.         0.3        0.31818182
 0.33333333 0.2        0.94117647 0.75       0.10526316 0.9375
 0.55555556 0.25       0.34782609 0.86363636 0.         0.65217391
 0.31578947 0.92857143 0.80952381 0.96428571 0.11764706 0.7
 0.85714286 0.64705882 0.11764706 0.63157895 0.76190476 0.
 0.0625     0.68181818 0.11111111 0.         0.4        0.89473684
 0.15789474 1.         0.65217391 0.91666667 0.05       0.04
 0.60869565 0.         0.83333333 0.7        0.52941176 0.90243902
 0.         0.78947368 0.44444444 0.         0.         0.52380952
 0.47368421 0.70588235 0.35       1.         1.         1.
 0.37931034 0.73684211 0.66666667 0.        ]
,[0.64705882 0.64705882 0.75862069 0.33333333 0.86666667 0.13636364
 0.06451613 0.59090909 0.2962963  0.71111111 0.89473684 0.89361702
 0.4        0.875      0.38095238 0.72727273 0.39285714 0.73684211
 0.75555556 0.60606061 0.62857143 0.64705882 0.14285714 0.65454545
 0.19512195 0.         0.77777778 0.43243243 0.4        0.
 0.5        0.5        0.61111111 0.9        0.64       0.73076923
 0.63636364 0.         0.07407407 0.81818182 0.68       0.2
 0.65217391 0.30769231 0.         0.82608696 0.72222222 0.66666667
 0.30769231 0.51282051 0.75555556 0.43478261 0.8        0.84444444
 0.57142857 0.         0.36734694 0.48484848 0.         0.29268293
 0.42553191 0.6        0.45       0.77966102 0.72727273 0.875
 0.33333333 0.42424242 0.12903226 0.29508197 0.         0.85185185
 0.76923077 0.         0.34782609 0.         0.87179487 0.4
 0.29411765 0.5483871  0.51612903 0.41666667 0.54166667 0.52173913
 0.59649123 0.88235294 0.73333333 0.         0.18604651 0.74766355
 0.72340426 0.6446281  0.66666667 0.88888889 0.         0.64220183
 0.70967742 0.         0.4        0.73333333 0.76923077 0.
 0.88372093 0.20689655 0.45882353 0.54545455 0.875      0.13333333
 0.65671642 0.875      0.69230769 0.4516129  0.83333333 0.8
 0.         0.82051282 0.51162791 0.53333333 0.         0.79069767
 0.78947368 0.22680412 0.90909091 0.27586207 0.15625    0.29333333
 0.54054054 0.4516129  0.97368421 0.66666667 0.82352941 0.69158879
 0.55384615 0.73913043 0.07142857 0.62222222 0.42857143 0.55855856
 0.         0.70588235 0.08       0.74285714 0.5        0.38095238
 0.76283619 0.27777778 0.32941176 0.66666667 0.         0.57142857
 0.61290323 0.84444444 0.64516129 0.8        0.26666667 0.
 0.82051282 0.74074074 0.17921147 0.         0.84444444 0.33333333
 0.14285714 0.80851064 0.1875     0.5        0.10526316 0.58947368
 0.42857143 0.         0.29411765 0.85714286 0.2        0.75862069
 0.75675676 0.51428571 0.64       0.94736842 0.78947368 0.13793103
 0.21428571 0.93333333 0.43243243 0.71428571 0.         0.8125
 0.42857143 0.5        0.68421053 0.65454545 0.         0.
 0.4893617  0.45714286 0.         0.5060241  0.4        0.4
 0.30434783 0.33333333 0.96969697 0.66666667 0.11111111 0.90909091
 0.42553191 0.37037037 0.51612903 0.88372093 0.         0.54545455
 0.48       0.83870968 0.87179487 0.91525424 0.13333333 0.82352941
 0.63157895 0.6875     0.19047619 0.66666667 0.84210526 0.
 0.11764706 0.6        0.17391304 0.         0.55813953 0.57627119
 0.15789474 0.95       0.63829787 0.68041237 0.05714286 0.07142857
 0.73684211 0.         0.76923077 0.82352941 0.66666667 0.7628866
 0.         0.6122449  0.59259259 0.         0.         0.62857143
 0.6        0.8        0.30434783 0.95238095 0.84880637 0.94117647
 0.4962406  0.8        0.51851852 0.        ]
