mACC, mP, mR, mF1, ACC, P, R, F1
0.23167107001321005,0.23665258428221403,0.1404850188828694,0.12692828552750632
,[  2   1   4   3  16   1   0  16   1   1  50  34   0   0   2   1   0   0
   0   1  18   0   0   0   1   0   0   0   0   0   2   2   0   2   0   4
   0   0   0   4   0   5   6   6   0  17   0   2   0   1   0   0   0   0
   0   0   0   2   0   0   1   3   0   4   0   0   3   1   0   0   0   0
   0   0   0   0  11   4   2   0   3   3   0   0   0   0   2   0   1  34
   0  25   3   1   0  41   2   1   2   1  13   0  16   1  42   0   7   0
   9   0   0   0   1   1   0   1   0   4   0   0   0   0   0   1   0   8
  19   0  38  12   4  23  19   1   0   0  28   7   0   1   2   1  14   0
 160   0  17  16   0   0   0   0   3   5   0   1   0  11  12   0   2   0
   0  10   0   5   0   8   0   0   0   5   0   1   2   1   7   0   0   0
   0   3   0   7   0   1   1   0   0   0   0   0   0   2   0   3   0   0
   0   2   6   1   0   9   0   3   2   6   0   2   0  22   6  18   1   4
   0   2   0   0   3   0   0   2   0   0   5   1   0   1   2  66   0   2
   4   1   8   4   1  39   0   4   0   0   0   4   0   1   0  10 158   6
  87   0   1   0]
,[1.         0.5        0.22222222 0.03157895 0.34782609 0.25
 0.         0.05776173 0.5        0.33333333 0.23923445 0.29565217
 0.         0.         0.25       1.         0.         0.
 0.         0.25       0.45       0.         0.         0.
 0.5        0.         0.         0.         0.         0.
 0.22222222 1.         0.         1.         0.         0.57142857
 0.         0.         0.         1.         0.         0.33333333
 0.54545455 0.54545455 0.         0.45945946 0.         1.
 0.         0.33333333 0.         0.         0.         0.
 0.         0.         0.         1.         0.         0.
 1.         0.3        0.         0.23529412 0.         0.
 0.27272727 0.2        0.         0.         0.         0.
 0.         0.         0.         0.         0.73333333 0.30769231
 0.10526316 0.         0.42857143 0.2        0.         0.
 0.         0.         1.         0.         1.         0.21656051
 0.         0.07331378 0.17647059 0.33333333 0.         0.13486842
 0.66666667 0.33333333 0.2        0.2        0.30952381 0.
 0.59259259 0.25       0.17142857 0.         0.7        0.
 0.3        0.         0.         0.         0.5        0.5
 0.         1.         0.         0.66666667 0.         0.
 0.         0.         0.         0.33333333 0.         0.06837607
 0.5        0.         0.35849057 0.92307692 0.4        0.17557252
 0.22891566 0.04545455 0.         0.         0.4516129  0.0619469
 0.         0.5        0.4        0.33333333 0.29166667 0.
 0.35874439 0.         0.05944056 0.11188811 0.         0.
 0.         0.         0.27272727 0.71428571 0.         0.14285714
 0.         0.42307692 0.14457831 0.         0.5        0.
 0.         0.625      0.         0.12195122 0.         0.28571429
 0.         0.         0.         0.23809524 0.         1.
 0.33333333 1.         1.         0.         0.         0.
 0.         0.27272727 0.         0.46666667 0.         0.25
 0.5        0.         0.         0.         0.         0.
 0.         0.28571429 0.         0.75       0.         0.
 0.         1.         0.85714286 0.07692308 0.         0.9
 0.         0.3        1.         0.46153846 0.         0.66666667
 0.         0.31428571 0.46153846 0.31578947 0.16666667 1.
 0.         1.         0.         0.         0.6        0.
 0.         0.07407407 0.         0.         0.07352941 0.02222222
 0.         0.2        0.66666667 0.21221865 0.         0.4
 0.57142857 0.1        0.88888889 1.         1.         0.23353293
 0.         0.2        0.         0.         0.         0.57142857
 0.         0.25       0.         0.58823529 0.38442822 1.
 0.6744186  0.         0.07692308 0.        ]
,[0.1        0.05       0.12903226 0.11538462 0.53333333 0.05555556
 0.         0.34042553 0.04761905 0.05263158 0.89285714 0.77272727
 0.         0.         0.08       0.05263158 0.         0.
 0.         0.05882353 0.62068966 0.         0.         0.
 0.04347826 0.         0.         0.         0.         0.
 0.11111111 0.0952381  0.         0.1        0.         0.18181818
 0.         0.         0.         0.16       0.         0.27777778
 0.24       0.24       0.         0.62962963 0.         0.0952381
 0.         0.05       0.         0.         0.         0.
 0.         0.         0.         0.10526316 0.         0.
 0.04761905 0.17647059 0.         0.14814815 0.         0.
 0.17647059 0.04545455 0.         0.         0.         0.
 0.         0.         0.         0.         0.57894737 0.22222222
 0.1        0.         0.15789474 0.17647059 0.         0.
 0.         0.         0.10526316 0.         0.04545455 0.79069767
 0.         0.6097561  0.13043478 0.04761905 0.         0.71929825
 0.11111111 0.05       0.125      0.05263158 0.46428571 0.
 0.69565217 0.05       0.77777778 0.         0.38888889 0.
 0.28125    0.         0.         0.         0.04166667 0.04166667
 0.         0.04545455 0.         0.18181818 0.         0.
 0.         0.         0.         0.05263158 0.         0.16326531
 0.73076923 0.         1.         0.63157895 0.21052632 0.60526316
 0.67857143 0.04166667 0.         0.         0.875      0.17948718
 0.         0.05555556 0.08333333 0.04545455 0.53846154 0.
 1.         0.         0.41463415 0.45714286 0.         0.
 0.         0.         0.15789474 0.23809524 0.         0.05
 0.         0.36666667 0.28571429 0.         0.0952381  0.
 0.         0.47619048 0.         0.26315789 0.         0.28571429
 0.         0.         0.         0.25       0.         0.05882353
 0.11764706 0.04545455 0.35       0.         0.         0.
 0.         0.125      0.         0.41176471 0.         0.05882353
 0.05263158 0.         0.         0.         0.         0.
 0.         0.08695652 0.         0.14285714 0.         0.
 0.         0.1        0.35294118 0.05       0.         0.5625
 0.         0.15       0.08695652 0.27272727 0.         0.08695652
 0.         0.78571429 0.28571429 0.64285714 0.05882353 0.2
 0.         0.11764706 0.         0.         0.14285714 0.
 0.         0.09090909 0.         0.         0.16666667 0.05263158
 0.         0.05263158 0.08695652 0.91666667 0.         0.08
 0.17391304 0.05       0.44444444 0.2        0.05882353 0.95121951
 0.         0.21052632 0.         0.         0.         0.19047619
 0.         0.05882353 0.         0.5        0.9875     0.25
 1.         0.         0.04761905 0.        ]
,[0.18181818 0.09090909 0.16326531 0.04958678 0.42105263 0.09090909
 0.         0.09876543 0.08695652 0.09090909 0.37735849 0.42767296
 0.         0.         0.12121212 0.1        0.         0.
 0.         0.0952381  0.52173913 0.         0.         0.
 0.08       0.         0.         0.         0.         0.
 0.14814815 0.17391304 0.         0.18181818 0.         0.27586207
 0.         0.         0.         0.27586207 0.         0.3030303
 0.33333333 0.33333333 0.         0.53125    0.         0.17391304
 0.         0.08695652 0.         0.         0.         0.
 0.         0.         0.         0.19047619 0.         0.
 0.09090909 0.22222222 0.         0.18181818 0.         0.
 0.21428571 0.07407407 0.         0.         0.         0.
 0.         0.         0.         0.         0.64705882 0.25806452
 0.1025641  0.         0.23076923 0.1875     0.         0.
 0.         0.         0.19047619 0.         0.08695652 0.34
 0.         0.13089005 0.15       0.08333333 0.         0.22714681
 0.19047619 0.08695652 0.15384615 0.08333333 0.37142857 0.
 0.64       0.08333333 0.28093645 0.         0.5        0.
 0.29032258 0.         0.         0.         0.07692308 0.07692308
 0.         0.08695652 0.         0.28571429 0.         0.
 0.         0.         0.         0.09090909 0.         0.09638554
 0.59375    0.         0.52777778 0.75       0.27586207 0.27218935
 0.34234234 0.04347826 0.         0.         0.59574468 0.09210526
 0.         0.1        0.13793103 0.08       0.37837838 0.
 0.52805281 0.         0.10397554 0.17977528 0.         0.
 0.         0.         0.2        0.35714286 0.         0.07407407
 0.         0.39285714 0.192      0.         0.16       0.
 0.         0.54054054 0.         0.16666667 0.         0.28571429
 0.         0.         0.         0.24390244 0.         0.11111111
 0.17391304 0.08695652 0.51851852 0.         0.         0.
 0.         0.17142857 0.         0.4375     0.         0.0952381
 0.0952381  0.         0.         0.         0.         0.
 0.         0.13333333 0.         0.24       0.         0.
 0.         0.18181818 0.5        0.06060606 0.         0.69230769
 0.         0.2        0.16       0.34285714 0.         0.15384615
 0.         0.44897959 0.35294118 0.42352941 0.08695652 0.33333333
 0.         0.21052632 0.         0.         0.23076923 0.
 0.         0.08163265 0.         0.         0.10204082 0.03125
 0.         0.08333333 0.15384615 0.34464752 0.         0.13333333
 0.26666667 0.06666667 0.59259259 0.33333333 0.11111111 0.375
 0.         0.20512821 0.         0.         0.         0.28571429
 0.         0.0952381  0.         0.54054054 0.55341506 0.4
 0.80555556 0.         0.05882353 0.        ]
