mACC, mP, mR, mF1, ACC, P, R, F1
0.7344782034346103,0.7429026985598499,0.7025882046453243,0.7063073652523949
,[ 13  14  21  14  26   9   8  41  14  15  54  42  16  14  23  13   8  14
  16  12  25  18  19  17   2   5  17  16  16   7   8  18  12  17   8  18
  22  14   7  23  16   6  15  24   7  24  11  12  20  12  16  12  15  22
  11  14  19   9   5   8  11  14  21  25  19  15  13  13   9   5  12  21
  18  10   4  14  16   9   5  11  12  11  13  17  13  15  15   9  12  41
  16  38  20  21  14  46  14  17  14  18  26   5  20  16  41  10  16   3
  23  15  10  14  18  22   7  21  18  16   5  16  15   8  21  15   4  27
  24  15  38  15  15  36  21  17   4  14  31  28  11  15  21  15  24   9
 160   9  30  22  15  18  22  18  13  19   6  10  21  24  21  14  19  12
   6  16  10  11  10  26  11  18   9  18   6  14  14  18  15  19  16   5
  15  23  18  17   1  16  13   5  21  17  17  20  27  19   4  18  10  15
   8   9  17  10  14  16  11  14  21  20   9  18   8  24  16  27  14  11
  21  12   0  14  19  12  11  14  17  16  26  18   5  18  16  69   7  22
  17   8  17  16  11  39  13  15   8   7   7  15  12  12  12  20 155  24
  87  15   8  15]
,[0.92857143 0.93333333 0.77777778 0.58333333 0.72222222 0.9
 0.8        0.77358491 0.73684211 0.83333333 0.7826087  0.875
 0.59259259 0.93333333 0.67647059 0.8125     0.8        0.73684211
 0.69565217 0.75       0.69444444 0.72       0.86363636 0.80952381
 0.18181818 0.625      0.94444444 0.84210526 1.         0.33333333
 0.8        0.75       0.75       1.         0.66666667 0.85714286
 0.62857143 1.         0.77777778 0.82142857 0.88888889 0.75
 0.53571429 0.85714286 0.77777778 0.82758621 0.52380952 0.63157895
 0.66666667 0.85714286 0.72727273 0.75       0.71428571 0.52380952
 0.73333333 0.58333333 0.73076923 0.69230769 0.55555556 0.61538462
 0.61111111 0.93333333 0.84       0.96153846 0.79166667 0.9375
 0.8125     0.76470588 0.42857143 0.625      0.57142857 0.875
 0.5        0.66666667 0.4        0.73684211 0.94117647 0.9
 0.41666667 0.45833333 0.92307692 0.91666667 1.         0.89473684
 0.65       1.         1.         0.75       0.66666667 0.87234043
 0.94117647 0.7755102  0.76923077 0.95454545 1.         0.56790123
 0.82352941 1.         0.63636364 0.94736842 0.78787879 0.625
 0.90909091 0.66666667 0.66129032 0.71428571 1.         0.42857143
 0.575      1.         1.         0.875      0.85714286 1.
 0.46666667 0.875      0.5        0.55172414 0.625      0.8
 0.9375     0.4        1.         0.75       0.36363636 0.31395349
 0.72727273 0.51724138 1.         0.83333333 0.71428571 0.81818182
 0.58333333 0.85       1.         0.875      0.83783784 0.60869565
 0.78571429 0.9375     0.7        0.83333333 0.63157895 0.75
 0.93567251 0.5625     0.57692308 0.66666667 0.625      0.69230769
 0.91666667 0.94736842 0.92857143 0.67857143 0.54545455 0.5
 0.91304348 0.92307692 0.32307692 0.66666667 0.82608696 0.85714286
 0.42857143 1.         0.43478261 0.91666667 0.52631579 0.96296296
 0.6875     0.66666667 0.69230769 0.85714286 0.46153846 1.
 0.77777778 0.6        0.625      1.         0.69565217 0.71428571
 0.6        1.         0.69230769 0.80952381 1.         1.
 0.65       0.55555556 0.84       0.73913043 0.48571429 0.60606061
 0.75       0.59375    0.4        0.7826087  0.5        0.88235294
 0.27586207 0.32142857 1.         0.90909091 0.66666667 1.
 0.64705882 0.56       0.91304348 0.8        0.3        0.64285714
 0.66666667 0.88888889 0.88888889 0.93103448 1.         0.78571429
 0.875      1.         0.         0.875      0.86363636 0.52173913
 0.73333333 0.73684211 0.85       0.94117647 0.83870968 0.6
 0.83333333 0.9        0.76190476 0.73404255 0.28       0.55
 0.80952381 0.72727273 0.62962963 1.         0.84615385 0.88636364
 0.68421053 0.9375     0.8        0.46666667 0.7        0.75
 0.57142857 0.70588235 0.29268293 0.90909091 0.90116279 0.96
 0.86138614 0.71428571 0.66666667 0.65217391]
,[0.65       0.7        0.67741935 0.53846154 0.86666667 0.5
 0.36363636 0.87234043 0.66666667 0.78947368 0.96428571 0.95454545
 0.8        0.77777778 0.92       0.68421053 0.38095238 0.66666667
 0.64       0.70588235 0.86206897 0.9        0.86363636 0.73913043
 0.08695652 0.22727273 0.85       0.72727273 0.76190476 0.33333333
 0.44444444 0.85714286 0.57142857 0.85       0.44444444 0.81818182
 0.91666667 0.63636364 0.41176471 0.92       0.88888889 0.33333333
 0.6        0.96       0.41176471 0.88888889 0.57894737 0.57142857
 0.90909091 0.6        0.69565217 0.70588235 0.88235294 0.91666667
 0.55       0.66666667 0.86363636 0.47368421 0.29411765 0.44444444
 0.52380952 0.82352941 0.84       0.92592593 0.9047619  0.88235294
 0.76470588 0.59090909 0.45       0.29411765 0.6        0.875
 0.9        0.43478261 0.23529412 0.82352941 0.84210526 0.5
 0.25       0.45833333 0.63157895 0.64705882 0.68421053 1.
 0.56521739 0.9375     0.78947368 0.45       0.54545455 0.95348837
 0.84210526 0.92682927 0.86956522 1.         0.77777778 0.80701754
 0.77777778 0.85       0.875      0.94736842 0.92857143 0.27777778
 0.86956522 0.8        0.75925926 0.55555556 0.88888889 0.17647059
 0.71875    0.88235294 0.58823529 0.82352941 0.75       0.91666667
 0.38888889 0.95454545 0.72       0.72727273 0.27777778 0.61538462
 0.88235294 0.38095238 0.91304348 0.78947368 0.19047619 0.55102041
 0.92307692 0.71428571 1.         0.78947368 0.78947368 0.94736842
 0.75       0.70833333 0.21052632 0.73684211 0.96875    0.71794872
 0.61111111 0.83333333 0.875      0.68181818 0.92307692 0.52941176
 1.         0.52941176 0.73170732 0.62857143 0.71428571 0.7826087
 1.         0.75       0.68421053 0.9047619  0.31578947 0.5
 1.         0.8        0.5        0.82352941 0.9047619  0.63157895
 0.33333333 0.76190476 0.55555556 0.57894737 0.55555556 0.92857143
 0.57894737 0.85714286 0.52941176 0.9        0.27272727 0.82352941
 0.82352941 0.81818182 0.75       0.95       1.         0.23809524
 0.75       0.95833333 0.9        1.         0.04761905 0.94117647
 0.68421053 0.27777778 0.875      0.73913043 0.73913043 0.86956522
 0.77142857 0.82608696 0.22222222 0.85714286 0.5        0.68181818
 0.38095238 0.45       1.         0.5        0.73684211 1.
 0.61111111 0.7        0.91304348 0.90909091 0.42857143 0.7826087
 0.42105263 0.85714286 0.76190476 0.96428571 0.82352941 0.55
 1.         0.70588235 0.         0.73684211 0.9047619  0.63157895
 0.6875     0.63636364 0.94444444 0.8        0.86666667 0.94736842
 0.26315789 0.94736842 0.69565217 0.95833333 0.35       0.88
 0.73913043 0.4        0.94444444 0.8        0.64705882 0.95121951
 0.68421053 0.78947368 0.44444444 0.36842105 0.36842105 0.71428571
 0.63157895 0.70588235 0.6        1.         0.96875    1.
 1.         0.78947368 0.38095238 0.68181818]
,[0.76470588 0.8        0.72413793 0.56       0.78787879 0.64285714
 0.5        0.82       0.7        0.81081081 0.864      0.91304348
 0.68085106 0.84848485 0.77966102 0.74285714 0.51612903 0.7
 0.66666667 0.72727273 0.76923077 0.8        0.86363636 0.77272727
 0.11764706 0.33333333 0.89473684 0.7804878  0.86486486 0.33333333
 0.57142857 0.8        0.64864865 0.91891892 0.53333333 0.8372093
 0.74576271 0.77777778 0.53846154 0.86792453 0.88888889 0.46153846
 0.56603774 0.90566038 0.53846154 0.85714286 0.55       0.6
 0.76923077 0.70588235 0.71111111 0.72727273 0.78947368 0.66666667
 0.62857143 0.62222222 0.79166667 0.5625     0.38461538 0.51612903
 0.56410256 0.875      0.84       0.94339623 0.84444444 0.90909091
 0.78787879 0.66666667 0.43902439 0.4        0.58536585 0.875
 0.64285714 0.52631579 0.2962963  0.77777778 0.88888889 0.64285714
 0.3125     0.45833333 0.75       0.75862069 0.8125     0.94444444
 0.60465116 0.96774194 0.88235294 0.5625     0.6        0.91111111
 0.88888889 0.84444444 0.81632653 0.97674419 0.875      0.66666667
 0.8        0.91891892 0.73684211 0.94736842 0.85245902 0.38461538
 0.88888889 0.72727273 0.70689655 0.625      0.94117647 0.25
 0.63888889 0.9375     0.74074074 0.84848485 0.8        0.95652174
 0.42424242 0.91304348 0.59016393 0.62745098 0.38461538 0.69565217
 0.90909091 0.3902439  0.95454545 0.76923077 0.25       0.4
 0.81355932 0.6        1.         0.81081081 0.75       0.87804878
 0.65625    0.77272727 0.34782609 0.8        0.89855072 0.65882353
 0.6875     0.88235294 0.77777778 0.75       0.75       0.62068966
 0.96676737 0.54545455 0.64516129 0.64705882 0.66666667 0.73469388
 0.95652174 0.8372093  0.78787879 0.7755102  0.4        0.5
 0.95454545 0.85714286 0.39252336 0.73684211 0.86363636 0.72727273
 0.375      0.86486486 0.48780488 0.70967742 0.54054054 0.94545455
 0.62857143 0.75       0.6        0.87804878 0.34285714 0.90322581
 0.8        0.69230769 0.68181818 0.97435897 0.82051282 0.35714286
 0.66666667 0.9787234  0.7826087  0.89473684 0.09090909 0.96969697
 0.66666667 0.37037037 0.85714286 0.73913043 0.5862069  0.71428571
 0.76056338 0.69090909 0.28571429 0.81818182 0.5        0.76923077
 0.32       0.375      1.         0.64516129 0.7        1.
 0.62857143 0.62222222 0.91304348 0.85106383 0.35294118 0.70588235
 0.51612903 0.87272727 0.82051282 0.94736842 0.90322581 0.64705882
 0.93333333 0.82758621 0.         0.8        0.88372093 0.57142857
 0.70967742 0.68292683 0.89473684 0.86486486 0.85245902 0.73469388
 0.4        0.92307692 0.72727273 0.8313253  0.31111111 0.67692308
 0.77272727 0.51612903 0.75555556 0.88888889 0.73333333 0.91764706
 0.68421053 0.85714286 0.57142857 0.41176471 0.48275862 0.73170732
 0.6        0.70588235 0.39344262 0.95238095 0.93373494 0.97959184
 0.92553191 0.75       0.48484848 0.66666667]
