mACC, mP, mR, mF1, ACC, P, R, F1
0.49356010568031705,0.5323549502566305,0.4240031477641688,0.4357584037593202
,[ 12   8  18  10  22   1   1  33   5  11  54  41   2   1  21   9  11   6
   9   5  21   6   8   9   5   6   7   2   9   0   5  11   8  17   8  10
  10   2   0  19   8   1  14  15   1  23   1   8  10   3   4   0  14   9
   5   6   9   1   0   4   1  15  13  12  12   7   8   8   2   0   0  17
  11   2   2   4  16   8  11   6   6   7   5   2   6   3   6   0   4  40
   8  38  12  17   7  38   5  10   7  12  18   1  18  13  40   2   7   0
  17  10   9   6  15  17   3   5  10  15   0  10  12   7  22   6   0  23
  24   9  38  13   5  21  24  13   0   1  27  30   3   6  15  12  20   0
 160   3  31  21   2   7  16  13   9  14   3   4  15  20  26   9  17   3
   3  16   0  11   1  27   3  14   4  13   3  13   7  11  13  17   5   4
   7  21   8  11   1  10   2   4  15   4   3   8  24   4   1  19   6   9
   1   4  15   3   1  15   2  10   5   8   1  11   3  24  10  20  11   8
  16   7   0   3  10   1   3   6  15   1  18   2   0  14  10  66   1  10
  16   0  15   7  10  34  10   8   5   0   1  12   7   3   5  18 158  24
  87   4   9  12]
,[0.75       0.8        0.40909091 0.13513514 0.64705882 1.
 0.06666667 0.37931034 0.26315789 0.61111111 0.54545455 0.42708333
 0.4        0.5        0.91304348 0.40909091 0.23913043 0.6
 0.64285714 0.83333333 0.63636364 0.6        0.57142857 0.75
 0.35714286 0.3        0.63636364 0.2        0.45       0.
 0.83333333 0.61111111 0.47058824 0.89473684 0.5        0.47619048
 0.625      0.11111111 0.         0.63333333 0.66666667 0.2
 0.35897436 0.68181818 0.25       0.85185185 0.33333333 0.8
 1.         0.75       0.19047619 0.         0.77777778 0.45
 0.625      0.54545455 0.5625     0.2        0.         0.26666667
 0.25       0.71428571 0.54166667 0.6        0.92307692 0.63636364
 0.72727273 0.5        0.66666667 0.         0.         0.85
 0.64705882 0.14285714 0.4        1.         0.84210526 0.72727273
 0.61111111 0.375      0.54545455 0.5        1.         0.66666667
 0.28571429 1.         0.85714286 0.         0.17391304 0.52631579
 0.72727273 0.5        0.6        0.85       1.         0.26206897
 0.55555556 0.625      0.63636364 0.70588235 0.43902439 0.25
 0.85714286 0.76470588 0.31746032 0.2        0.77777778 0.
 0.32075472 0.71428571 0.75       0.66666667 0.71428571 0.5862069
 0.375      0.83333333 0.58823529 0.51724138 0.         0.41666667
 0.63157895 0.41176471 0.88       0.85714286 0.         0.17293233
 0.44444444 0.40909091 0.62295082 0.76470588 1.         0.51219512
 0.42105263 0.61904762 0.         0.16666667 0.71052632 0.33707865
 0.75       0.85714286 0.75       0.4        0.54054054 0.
 0.48338369 0.27272727 0.32978723 0.42       0.11764706 0.46666667
 0.61538462 0.76470588 0.69230769 0.58333333 0.5        0.4
 0.9375     0.66666667 0.16666667 0.9        0.4047619  0.5
 0.42857143 0.88888889 0.         0.91666667 0.5        0.5
 0.6        0.37837838 0.57142857 0.86666667 0.15789474 1.
 0.7        0.52380952 0.86666667 0.94444444 0.71428571 0.13793103
 0.53846154 0.91304348 0.44444444 0.91666667 0.05882353 1.
 0.5        1.         0.65217391 0.2        0.3        0.4
 0.54545455 0.26666667 0.5        0.73076923 0.6        0.52941176
 0.09090909 0.21052632 1.         0.27272727 0.16666667 0.88235294
 0.5        0.47619048 0.5        0.57142857 0.05555556 0.42307692
 0.75       0.55813953 0.76923077 0.625      0.84615385 0.88888889
 0.94117647 1.         0.         0.5        0.625      0.5
 0.75       0.46153846 0.83333333 0.5        0.5625     0.25
 0.         0.63636364 0.58823529 0.46478873 0.07142857 0.47619048
 0.69565217 0.         0.88235294 0.63636364 0.83333333 0.48571429
 0.625      0.53333333 0.27777778 0.         0.14285714 0.54545455
 0.7        0.75       0.14705882 0.94736842 0.50803859 0.96
 0.74358974 1.         0.45       0.4       ]
,[0.6        0.4        0.58064516 0.38461538 0.73333333 0.05555556
 0.04545455 0.70212766 0.23809524 0.57894737 0.96428571 0.93181818
 0.1        0.05555556 0.84       0.47368421 0.52380952 0.28571429
 0.36       0.29411765 0.72413793 0.3        0.36363636 0.39130435
 0.2173913  0.27272727 0.35       0.09090909 0.42857143 0.
 0.27777778 0.52380952 0.38095238 0.85       0.44444444 0.45454545
 0.41666667 0.09090909 0.         0.76       0.44444444 0.05555556
 0.56       0.6        0.05882353 0.85185185 0.05263158 0.38095238
 0.45454545 0.15       0.17391304 0.         0.82352941 0.375
 0.25       0.28571429 0.40909091 0.05263158 0.         0.22222222
 0.04761905 0.88235294 0.52       0.44444444 0.57142857 0.41176471
 0.47058824 0.36363636 0.1        0.         0.         0.70833333
 0.55       0.08695652 0.11764706 0.23529412 0.84210526 0.44444444
 0.55       0.25       0.31578947 0.41176471 0.26315789 0.11764706
 0.26086957 0.1875     0.31578947 0.         0.18181818 0.93023256
 0.42105263 0.92682927 0.52173913 0.80952381 0.38888889 0.66666667
 0.27777778 0.5        0.4375     0.63157895 0.64285714 0.05555556
 0.7826087  0.65       0.74074074 0.11111111 0.38888889 0.
 0.53125    0.58823529 0.52941176 0.35294118 0.625      0.70833333
 0.16666667 0.22727273 0.4        0.68181818 0.         0.38461538
 0.70588235 0.33333333 0.95652174 0.31578947 0.         0.46938776
 0.92307692 0.42857143 1.         0.68421053 0.26315789 0.55263158
 0.85714286 0.54166667 0.         0.05263158 0.84375    0.76923077
 0.16666667 0.33333333 0.625      0.54545455 0.76923077 0.
 1.         0.17647059 0.75609756 0.6        0.0952381  0.30434783
 0.72727273 0.54166667 0.47368421 0.66666667 0.15789474 0.2
 0.71428571 0.66666667 0.61904762 0.52941176 0.80952381 0.15789474
 0.16666667 0.76190476 0.         0.57894737 0.05555556 0.96428571
 0.15789474 0.66666667 0.23529412 0.65       0.13636364 0.76470588
 0.41176471 0.5        0.65       0.85       0.3125     0.19047619
 0.35       0.875      0.4        0.64705882 0.04761905 0.58823529
 0.10526316 0.22222222 0.625      0.17391304 0.13043478 0.34782609
 0.68571429 0.17391304 0.05555556 0.9047619  0.3        0.40909091
 0.04761905 0.2        0.88235294 0.15       0.05263158 0.9375
 0.11111111 0.5        0.2173913  0.36363636 0.04761905 0.47826087
 0.15789474 0.85714286 0.47619048 0.71428571 0.64705882 0.4
 0.76190476 0.41176471 0.         0.15789474 0.47619048 0.05263158
 0.1875     0.27272727 0.83333333 0.05       0.6        0.10526316
 0.         0.73684211 0.43478261 0.91666667 0.05       0.4
 0.69565217 0.         0.83333333 0.35       0.58823529 0.82926829
 0.52631579 0.42105263 0.27777778 0.         0.05263158 0.57142857
 0.36842105 0.17647059 0.25       0.9        0.9875     1.
 1.         0.21052632 0.42857143 0.54545455]
,[0.66666667 0.53333333 0.48       0.2        0.6875     0.10526316
 0.05405405 0.49253731 0.25       0.59459459 0.69677419 0.58571429
 0.16       0.1        0.875      0.43902439 0.32835821 0.38709677
 0.46153846 0.43478261 0.67741935 0.4        0.44444444 0.51428571
 0.27027027 0.28571429 0.4516129  0.125      0.43902439 0.
 0.41666667 0.56410256 0.42105263 0.87179487 0.47058824 0.46511628
 0.5        0.1        0.         0.69090909 0.53333333 0.08695652
 0.4375     0.63829787 0.0952381  0.85185185 0.09090909 0.51612903
 0.625      0.25       0.18181818 0.         0.8        0.40909091
 0.35714286 0.375      0.47368421 0.08333333 0.         0.24242424
 0.08       0.78947368 0.53061224 0.5106383  0.70588235 0.5
 0.57142857 0.42105263 0.17391304 0.         0.         0.77272727
 0.59459459 0.10810811 0.18181818 0.38095238 0.84210526 0.55172414
 0.57894737 0.3        0.4        0.4516129  0.41666667 0.2
 0.27272727 0.31578947 0.46153846 0.         0.17777778 0.67226891
 0.53333333 0.64957265 0.55813953 0.82926829 0.56       0.37623762
 0.37037037 0.55555556 0.51851852 0.66666667 0.52173913 0.09090909
 0.81818182 0.7027027  0.44444444 0.14285714 0.51851852 0.
 0.4        0.64516129 0.62068966 0.46153846 0.66666667 0.64150943
 0.23076923 0.35714286 0.47619048 0.58823529 0.         0.4
 0.66666667 0.36842105 0.91666667 0.46153846 0.         0.25274725
 0.6        0.41860465 0.76767677 0.72222222 0.41666667 0.53164557
 0.56470588 0.57777778 0.         0.08       0.77142857 0.46875
 0.27272727 0.48       0.68181818 0.46153846 0.63492063 0.
 0.65173116 0.21428571 0.45925926 0.49411765 0.10526316 0.36842105
 0.66666667 0.63414634 0.5625     0.62222222 0.24       0.26666667
 0.81081081 0.66666667 0.26262626 0.66666667 0.53968254 0.24
 0.24       0.82051282 0.         0.70967742 0.1        0.65853659
 0.25       0.48275862 0.33333333 0.74285714 0.14634146 0.86666667
 0.51851852 0.51162791 0.74285714 0.89473684 0.43478261 0.16
 0.42424242 0.89361702 0.42105263 0.75862069 0.05263158 0.74074074
 0.17391304 0.36363636 0.63829787 0.18604651 0.18181818 0.37209302
 0.60759494 0.21052632 0.1        0.80851064 0.4        0.46153846
 0.0625     0.20512821 0.9375     0.19354839 0.08       0.90909091
 0.18181818 0.48780488 0.3030303  0.44444444 0.05128205 0.44897959
 0.26086957 0.67605634 0.58823529 0.66666667 0.73333333 0.55172414
 0.84210526 0.58333333 0.         0.24       0.54054054 0.0952381
 0.3        0.34285714 0.83333333 0.09090909 0.58064516 0.14814815
 0.         0.68292683 0.5        0.61682243 0.05882353 0.43478261
 0.69565217 0.         0.85714286 0.4516129  0.68965517 0.61261261
 0.57142857 0.47058824 0.27777778 0.         0.07692308 0.55813953
 0.48275862 0.28571429 0.18518519 0.92307692 0.67091295 0.97959184
 0.85294118 0.34782609 0.43902439 0.46153846]
