mACC, mP, mR, mF1, ACC, P, R, F1
0.6477873183619551,0.6643681663211761,0.6028959314726936,0.6147740142117559
,[ 14  13  26  12  25   4   7  40  13  14  51  41  10   9  23  11   7  14
  16   6  24  16  15  19   3   7  13  10   9   3  11  19  10  17   5  16
  13   7   2  23   9   3  18  25   4  21   5  12  16   9   6   3  15  15
   7   8  11   5   3   4   4  16  16  19  18  13  12   9   5   3   7  20
  14   7   4  12  16   7  10   5  10  10   8  13  11  13  13  10  12  40
  15  38  14  19  13  43   9  14  10  14  21   9  21  15  43   5  13   2
  20  12   8  11  18  19   6  11  15  19   5  17  14  12  22  13   3  21
  25  11  36  15  11  34  23  17   6  13  27  27   9  13  21  15  22   3
 160   6  28  19   6  15  17  15  15  18  11  10  20  21  33  11  17  11
   4  21   3  11   8  24   8  15   9  17   6  12  14  13  15  18  14   5
  15  22   7  12   4  12  13   5  15  14   7  17  27  11   3  16   9  12
   6  11  16  14  10  15   9  16  12  16   7  17   7  20  13  23  12  12
  20   9   0   9  18  10   7  15  17  11  20   5   3  19  11  66   5  13
  16   5  15  12  10  37  12  11   7   7   6  14  11  11   6  19 158  24
  87  12  13  19]
,[0.82352941 0.86666667 0.72222222 0.4137931  0.67567568 0.44444444
 0.33333333 0.51282051 0.48148148 0.5        0.86440678 0.73214286
 0.66666667 1.         0.92       0.64705882 0.58333333 0.73684211
 0.64       0.54545455 0.68571429 0.8        0.53571429 0.7037037
 0.23076923 0.25925926 0.8125     0.625      0.81818182 0.3
 0.64705882 0.63333333 0.76923077 0.89473684 0.625      0.61538462
 0.72222222 0.33333333 0.22222222 0.63888889 0.9        0.33333333
 0.54545455 0.73529412 0.8        0.77777778 0.55555556 0.6
 0.76190476 0.64285714 0.28571429 0.33333333 0.9375     0.75
 0.5        0.8        0.73333333 0.71428571 0.33333333 0.33333333
 0.44444444 0.8        0.69565217 0.82608696 0.81818182 0.86666667
 0.85714286 0.52941176 0.41666667 0.375      0.7        0.86956522
 0.73684211 0.46666667 0.44444444 0.92307692 0.88888889 0.875
 0.66666667 0.41666667 0.66666667 0.90909091 0.88888889 0.86666667
 0.61111111 0.86666667 0.76470588 0.66666667 0.44444444 0.6779661
 0.88235294 0.79166667 0.7        0.95       0.8125     0.59722222
 0.9        1.         0.5        0.82352941 0.61764706 0.81818182
 0.95454545 0.6        0.45263158 0.55555556 0.92857143 0.16666667
 0.48780488 1.         0.8        0.78571429 0.81818182 0.86363636
 0.6        0.78571429 0.71428571 0.52777778 1.         0.73913043
 0.77777778 0.42857143 0.95652174 0.72222222 0.13043478 0.26582278
 0.67567568 0.55       0.9        0.65217391 0.91666667 0.79069767
 0.63888889 0.70833333 0.125      0.72222222 0.72972973 0.58695652
 0.81818182 1.         0.525      0.78947368 0.66666667 0.6
 0.82474227 0.6        0.46666667 0.48717949 0.33333333 0.625
 0.85       0.78947368 0.78947368 0.58064516 0.47826087 0.76923077
 0.90909091 0.7        0.25       0.78571429 0.5        0.91666667
 0.36363636 0.72413793 0.375      0.6875     0.72727273 0.77419355
 0.57142857 0.42857143 0.31034483 0.89473684 0.20689655 0.92307692
 0.875      0.68421053 0.68181818 0.94736842 0.77777778 0.29411765
 0.625      0.95652174 0.5        0.70588235 0.14285714 0.92307692
 0.92857143 0.22727273 0.68181818 0.5        0.41176471 0.60714286
 0.69230769 0.47826087 0.33333333 0.88888889 0.75       0.66666667
 0.4        0.64705882 0.94117647 0.53846154 0.625      0.9375
 0.64285714 0.3902439  0.70588235 0.84210526 0.25       0.51515152
 0.58333333 0.8        0.92857143 0.85185185 1.         0.92307692
 0.95238095 1.         0.         0.9        0.72       0.83333333
 0.4375     0.65217391 0.89473684 0.73333333 0.64516129 0.55555556
 0.5        0.475      0.6875     0.79518072 0.35714286 0.54166667
 0.84210526 0.71428571 0.71428571 0.85714286 1.         0.84090909
 0.66666667 0.91666667 0.63636364 0.36842105 0.5        0.7
 0.5        0.91666667 0.26086957 0.95       0.71171171 1.
 0.85294118 0.85714286 0.44827586 0.51351351]
,[0.7        0.65       0.83870968 0.46153846 0.83333333 0.22222222
 0.31818182 0.85106383 0.61904762 0.73684211 0.91071429 0.93181818
 0.5        0.5        0.92       0.57894737 0.33333333 0.66666667
 0.64       0.35294118 0.82758621 0.8        0.68181818 0.82608696
 0.13043478 0.31818182 0.65       0.45454545 0.42857143 0.14285714
 0.61111111 0.9047619  0.47619048 0.85       0.27777778 0.72727273
 0.54166667 0.31818182 0.11764706 0.92       0.5        0.16666667
 0.72       1.         0.23529412 0.77777778 0.26315789 0.57142857
 0.72727273 0.45       0.26086957 0.17647059 0.88235294 0.625
 0.35       0.38095238 0.5        0.26315789 0.17647059 0.22222222
 0.19047619 0.94117647 0.64       0.7037037  0.85714286 0.76470588
 0.70588235 0.40909091 0.25       0.17647059 0.35       0.83333333
 0.7        0.30434783 0.23529412 0.70588235 0.84210526 0.38888889
 0.5        0.20833333 0.52631579 0.58823529 0.42105263 0.76470588
 0.47826087 0.8125     0.68421053 0.5        0.54545455 0.93023256
 0.78947368 0.92682927 0.60869565 0.9047619  0.72222222 0.75438596
 0.5        0.7        0.625      0.73684211 0.75       0.5
 0.91304348 0.75       0.7962963  0.27777778 0.72222222 0.11764706
 0.625      0.70588235 0.47058824 0.64705882 0.75       0.79166667
 0.33333333 0.5        0.6        0.86363636 0.27777778 0.65384615
 0.82352941 0.57142857 0.95652174 0.68421053 0.14285714 0.42857143
 0.96153846 0.52380952 0.94736842 0.78947368 0.57894737 0.89473684
 0.82142857 0.70833333 0.31578947 0.68421053 0.84375    0.69230769
 0.5        0.72222222 0.875      0.68181818 0.84615385 0.17647059
 1.         0.35294118 0.68292683 0.54285714 0.28571429 0.65217391
 0.77272727 0.625      0.78947368 0.85714286 0.57894737 0.5
 0.95238095 0.7        0.78571429 0.64705882 0.80952381 0.57894737
 0.22222222 1.         0.16666667 0.57894737 0.44444444 0.85714286
 0.42105263 0.71428571 0.52941176 0.85       0.27272727 0.70588235
 0.82352941 0.59090909 0.75       0.9        0.875      0.23809524
 0.75       0.91666667 0.35       0.70588235 0.19047619 0.70588235
 0.68421053 0.27777778 0.625      0.60869565 0.30434783 0.73913043
 0.77142857 0.47826087 0.16666667 0.76190476 0.45       0.54545455
 0.28571429 0.55       0.94117647 0.7        0.52631579 0.9375
 0.5        0.8        0.52173913 0.72727273 0.33333333 0.73913043
 0.36842105 0.71428571 0.61904762 0.82142857 0.70588235 0.6
 0.95238095 0.52941176 0.         0.47368421 0.85714286 0.52631579
 0.4375     0.68181818 0.94444444 0.55       0.66666667 0.26315789
 0.15789474 1.         0.47826087 0.91666667 0.25       0.52
 0.69565217 0.25       0.83333333 0.6        0.58823529 0.90243902
 0.63157895 0.57894737 0.38888889 0.36842105 0.31578947 0.66666667
 0.57894737 0.64705882 0.3        0.95       0.9875     1.
 1.         0.63157895 0.61904762 0.86363636]
,[0.75675676 0.74285714 0.7761194  0.43636364 0.74626866 0.2962963
 0.3255814  0.64       0.54166667 0.59574468 0.88695652 0.82
 0.57142857 0.66666667 0.92       0.61111111 0.42424242 0.7
 0.64       0.42857143 0.75       0.8        0.6        0.76
 0.16666667 0.28571429 0.72222222 0.52631579 0.5625     0.19354839
 0.62857143 0.74509804 0.58823529 0.87179487 0.38461538 0.66666667
 0.61904762 0.3255814  0.15384615 0.75409836 0.64285714 0.22222222
 0.62068966 0.84745763 0.36363636 0.77777778 0.35714286 0.58536585
 0.74418605 0.52941176 0.27272727 0.23076923 0.90909091 0.68181818
 0.41176471 0.51612903 0.59459459 0.38461538 0.23076923 0.26666667
 0.26666667 0.86486486 0.66666667 0.76       0.8372093  0.8125
 0.77419355 0.46153846 0.3125     0.24       0.46666667 0.85106383
 0.71794872 0.36842105 0.30769231 0.8        0.86486486 0.53846154
 0.57142857 0.27777778 0.58823529 0.71428571 0.57142857 0.8125
 0.53658537 0.83870968 0.72222222 0.57142857 0.48979592 0.78431373
 0.83333333 0.85393258 0.65116279 0.92682927 0.76470588 0.66666667
 0.64285714 0.82352941 0.55555556 0.77777778 0.67741935 0.62068966
 0.93333333 0.66666667 0.57718121 0.37037037 0.8125     0.13793103
 0.54794521 0.82758621 0.59259259 0.70967742 0.7826087  0.82608696
 0.42857143 0.61111111 0.65217391 0.65517241 0.43478261 0.69387755
 0.8        0.48979592 0.95652174 0.7027027  0.13636364 0.328125
 0.79365079 0.53658537 0.92307692 0.71428571 0.70967742 0.83950617
 0.71875    0.70833333 0.17910448 0.7027027  0.7826087  0.63529412
 0.62068966 0.83870968 0.65625    0.73170732 0.74576271 0.27272727
 0.9039548  0.44444444 0.55445545 0.51351351 0.30769231 0.63829787
 0.80952381 0.69767442 0.78947368 0.69230769 0.52380952 0.60606061
 0.93023256 0.7        0.37931034 0.70967742 0.61818182 0.70967742
 0.27586207 0.84       0.23076923 0.62857143 0.55172414 0.81355932
 0.48484848 0.53571429 0.39130435 0.87179487 0.23529412 0.8
 0.84848485 0.63414634 0.71428571 0.92307692 0.82352941 0.26315789
 0.68181818 0.93617021 0.41176471 0.70588235 0.16326531 0.8
 0.78787879 0.25       0.65217391 0.54901961 0.35       0.66666667
 0.72972973 0.47826087 0.22222222 0.82051282 0.5625     0.6
 0.33333333 0.59459459 0.94117647 0.60869565 0.57142857 0.9375
 0.5625     0.52459016 0.6        0.7804878  0.28571429 0.60714286
 0.4516129  0.75471698 0.74285714 0.83636364 0.82758621 0.72727273
 0.95238095 0.69230769 0.         0.62068966 0.7826087  0.64516129
 0.4375     0.66666667 0.91891892 0.62857143 0.6557377  0.35714286
 0.24       0.6440678  0.56410256 0.8516129  0.29411765 0.53061224
 0.76190476 0.37037037 0.76923077 0.70588235 0.74074074 0.87058824
 0.64864865 0.70967742 0.48275862 0.36842105 0.38709677 0.68292683
 0.53658537 0.75862069 0.27906977 0.95       0.82722513 1.
 0.92063492 0.72727273 0.52       0.6440678 ]
