mACC, mP, mR, mF1, ACC, P, R, F1
0.6505944517833554,0.6534606709655273,0.6051940144413511,0.5934773017014885
,[ 16  13  26   0  24   6   4  40  13  13  55  40  11  14  22  10  15  12
  14  10  22  16  20  18   0   3  15   9  17   1   6  11  16  16   9  16
  18   2   1  24  18   2  16   7   3  24   9   8  18   6  19   8  15  17
   7  11  14   1   0   4   8  15  21  25  16  16  13  11   7   1   1  19
  11   0   4  10  17   9   2   2  10  10  14   8  10  14  11   0  10  41
  16  37  22  21   8  48  15  17   9  17  25   3  19  17  43   9  17   5
  23  14   9  13  19  19   4  20  15  14   5  18  15   9  23   9   2  19
  25  12  38  15  13  32  19  16   3  12  26  31   0  14  17  17  22  13
 160   8  29  19   7  13  22  18  13  19   6   3  21  27  14   6  19   3
   0  18   2  12   1  27   8  16   8  19   5  14  14  17  14  20  13   2
   8  21  18  16   0  15   7   7  21  17  15  19  25  14   1  20   9  17
   5   3  17   8   3  15   2  14  20  14   4  21   7  23  16  27  15  14
  21  14   0  15  16   3   8   7  17   4  23  19   8  19  15  70   0  22
  16   4  15  15  10  40   8  10   6  10   2  15  10   7   6  20 155  24
  87  14  10  16]
,[0.61538462 0.8125     0.39393939 0.         0.82758621 1.
 0.44444444 0.48192771 0.76470588 0.76470588 0.83333333 0.74074074
 0.55       0.73684211 0.64705882 0.76923077 0.38461538 0.63157895
 0.73684211 0.90909091 0.56410256 0.69565217 0.58823529 0.7826087
 0.         0.5        0.65217391 1.         0.73913043 0.14285714
 0.85714286 0.73333333 0.51612903 0.94117647 0.52941176 0.64
 0.7826087  0.66666667 0.11111111 0.68571429 0.7826087  0.28571429
 0.76190476 0.63636364 1.         0.96       0.5        0.57142857
 0.75       0.6        0.67857143 0.88888889 0.75       0.5
 0.875      0.64705882 0.66666667 0.5        0.         0.57142857
 0.57142857 0.83333333 0.72413793 0.92592593 0.8        0.88888889
 0.61904762 0.45833333 0.7        0.5        1.         0.9047619
 0.52380952 0.         0.22222222 0.76923077 0.77272727 0.9
 0.33333333 0.66666667 0.76923077 0.35714286 1.         0.72727273
 0.47619048 0.73684211 1.         0.         0.71428571 0.67213115
 0.69565217 0.55223881 0.84615385 0.91304348 1.         0.36923077
 0.65217391 0.80952381 0.81818182 0.89473684 0.69444444 0.75
 0.76       0.425      0.57333333 0.81818182 0.80952381 0.38461538
 0.56097561 1.         1.         0.76470588 0.95       0.9047619
 0.36363636 0.90909091 0.41666667 0.58333333 0.625      0.69230769
 0.9375     0.39130435 0.92       0.6        0.18181818 0.31147541
 0.6097561  0.48       0.92682927 0.45454545 0.68421053 0.59259259
 0.41304348 0.76190476 0.75       0.66666667 0.61904762 0.46969697
 0.         0.875      0.62962963 0.70833333 0.53658537 0.56521739
 0.84210526 0.38095238 0.53703704 0.44186047 0.4375     0.59090909
 0.64705882 1.         0.8125     0.73076923 0.85714286 0.3
 0.7        0.75       0.21212121 1.         0.61290323 1.
 0.         0.85714286 1.         0.85714286 0.14285714 0.81818182
 0.72727273 0.41025641 0.88888889 0.86363636 0.41666667 0.93333333
 0.63636364 0.56666667 0.5        0.90909091 0.48148148 0.66666667
 0.57142857 1.         0.62068966 0.72727273 0.         1.
 0.53846154 0.5        0.84       0.77272727 0.44117647 0.48717949
 0.80645161 0.51851852 0.33333333 0.52631579 0.5        0.73913043
 0.3125     0.6        0.89473684 0.66666667 1.         0.83333333
 0.28571429 0.35       0.74074074 0.5        0.26666667 0.30882353
 0.5        1.         0.59259259 0.62790698 0.75       0.82352941
 0.84       0.875      0.         0.78947368 0.66666667 0.75
 0.8        0.53846154 1.         1.         0.95833333 0.86363636
 0.66666667 0.9047619  0.71428571 0.7        0.         0.30136986
 0.88888889 0.57142857 0.75       0.75       0.83333333 0.76923077
 0.8        1.         0.6        0.76923077 1.         0.57692308
 0.71428571 0.58333333 0.15789474 0.90909091 0.85164835 0.96
 0.79090909 0.82352941 0.52631579 0.5       ]
,[0.8        0.65       0.83870968 0.         0.8        0.33333333
 0.18181818 0.85106383 0.61904762 0.68421053 0.98214286 0.90909091
 0.55       0.77777778 0.88       0.52631579 0.71428571 0.57142857
 0.56       0.58823529 0.75862069 0.8        0.90909091 0.7826087
 0.         0.13636364 0.75       0.40909091 0.80952381 0.04761905
 0.33333333 0.52380952 0.76190476 0.8        0.5        0.72727273
 0.75       0.09090909 0.05882353 0.96       1.         0.11111111
 0.64       0.28       0.17647059 0.88888889 0.47368421 0.38095238
 0.81818182 0.3        0.82608696 0.47058824 0.88235294 0.70833333
 0.35       0.52380952 0.63636364 0.05263158 0.         0.22222222
 0.38095238 0.88235294 0.84       0.92592593 0.76190476 0.94117647
 0.76470588 0.5        0.35       0.05882353 0.05       0.79166667
 0.55       0.         0.23529412 0.58823529 0.89473684 0.5
 0.1        0.08333333 0.52631579 0.58823529 0.73684211 0.47058824
 0.43478261 0.875      0.57894737 0.         0.45454545 0.95348837
 0.84210526 0.90243902 0.95652174 1.         0.44444444 0.84210526
 0.83333333 0.85       0.5625     0.89473684 0.89285714 0.16666667
 0.82608696 0.85       0.7962963  0.5        0.94444444 0.29411765
 0.71875    0.82352941 0.52941176 0.76470588 0.79166667 0.79166667
 0.22222222 0.90909091 0.6        0.63636364 0.27777778 0.69230769
 0.88235294 0.42857143 1.         0.47368421 0.0952381  0.3877551
 0.96153846 0.57142857 1.         0.78947368 0.68421053 0.84210526
 0.67857143 0.66666667 0.15789474 0.63157895 0.8125     0.79487179
 0.         0.77777778 0.70833333 0.77272727 0.84615385 0.76470588
 1.         0.47058824 0.70731707 0.54285714 0.33333333 0.56521739
 1.         0.75       0.68421053 0.9047619  0.31578947 0.15
 1.         0.9        0.33333333 0.35294118 0.9047619  0.15789474
 0.         0.85714286 0.11111111 0.63157895 0.05555556 0.96428571
 0.42105263 0.76190476 0.47058824 0.95       0.22727273 0.82352941
 0.82352941 0.77272727 0.7        1.         0.8125     0.0952381
 0.4        0.875      0.9        0.94117647 0.         0.88235294
 0.36842105 0.38888889 0.875      0.73913043 0.65217391 0.82608696
 0.71428571 0.60869565 0.05555556 0.95238095 0.45       0.77272727
 0.23809524 0.15       1.         0.4        0.15789474 0.9375
 0.11111111 0.7        0.86956522 0.63636364 0.19047619 0.91304348
 0.36842105 0.82142857 0.76190476 0.96428571 0.88235294 0.7
 1.         0.82352941 0.         0.78947368 0.76190476 0.15789474
 0.5        0.31818182 0.94444444 0.2        0.76666667 1.
 0.42105263 1.         0.65217391 0.97222222 0.         0.88
 0.69565217 0.2        0.83333333 0.75       0.58823529 0.97560976
 0.42105263 0.52631579 0.33333333 0.52631579 0.10526316 0.71428571
 0.52631579 0.41176471 0.3        1.         0.96875    1.
 1.         0.73684211 0.47619048 0.72727273]
,[0.69565217 0.72222222 0.53608247 0.         0.81355932 0.5
 0.25806452 0.61538462 0.68421053 0.72222222 0.90163934 0.81632653
 0.55       0.75675676 0.74576271 0.625      0.5        0.6
 0.63636364 0.71428571 0.64705882 0.74418605 0.71428571 0.7826087
 0.         0.21428571 0.69767442 0.58064516 0.77272727 0.07142857
 0.48       0.61111111 0.61538462 0.86486486 0.51428571 0.68085106
 0.76595745 0.16       0.07692308 0.8        0.87804878 0.16
 0.69565217 0.38888889 0.3        0.92307692 0.48648649 0.45714286
 0.7826087  0.4        0.74509804 0.61538462 0.81081081 0.5862069
 0.5        0.57894737 0.65116279 0.0952381  0.         0.32
 0.45714286 0.85714286 0.77777778 0.92592593 0.7804878  0.91428571
 0.68421053 0.47826087 0.46666667 0.10526316 0.0952381  0.84444444
 0.53658537 0.         0.22857143 0.66666667 0.82926829 0.64285714
 0.15384615 0.14814815 0.625      0.44444444 0.84848485 0.57142857
 0.45454545 0.8        0.73333333 0.         0.55555556 0.78846154
 0.76190476 0.68518519 0.89795918 0.95454545 0.61538462 0.51336898
 0.73170732 0.82926829 0.66666667 0.89473684 0.78125    0.27272727
 0.79166667 0.56666667 0.66666667 0.62068966 0.87179487 0.33333333
 0.63013699 0.90322581 0.69230769 0.76470588 0.86363636 0.84444444
 0.27586207 0.90909091 0.49180328 0.60869565 0.38461538 0.69230769
 0.90909091 0.40909091 0.95833333 0.52941176 0.125      0.34545455
 0.74626866 0.52173913 0.96202532 0.57692308 0.68421053 0.69565217
 0.51351351 0.71111111 0.26086957 0.64864865 0.7027027  0.59047619
 0.         0.82352941 0.66666667 0.73913043 0.65671642 0.65
 0.91428571 0.42105263 0.61052632 0.48717949 0.37837838 0.57777778
 0.78571429 0.85714286 0.74285714 0.80851064 0.46153846 0.2
 0.82352941 0.81818182 0.25925926 0.52173913 0.73076923 0.27272727
 0.         0.85714286 0.2        0.72727273 0.08       0.8852459
 0.53333333 0.53333333 0.61538462 0.9047619  0.29411765 0.875
 0.71794872 0.65384615 0.58333333 0.95238095 0.60465116 0.16666667
 0.47058824 0.93333333 0.73469388 0.82051282 0.         0.9375
 0.4375     0.4375     0.85714286 0.75555556 0.52631579 0.61290323
 0.75757576 0.56       0.0952381  0.6779661  0.47368421 0.75555556
 0.27027027 0.24       0.94444444 0.5        0.27272727 0.88235294
 0.16       0.46666667 0.8        0.56       0.22222222 0.46153846
 0.42424242 0.90196078 0.66666667 0.76056338 0.81081081 0.75675676
 0.91304348 0.84848485 0.         0.78947368 0.71111111 0.26086957
 0.61538462 0.4        0.97142857 0.33333333 0.85185185 0.92682927
 0.51612903 0.95       0.68181818 0.81395349 0.         0.44897959
 0.7804878  0.2962963  0.78947368 0.75       0.68965517 0.86021505
 0.55172414 0.68965517 0.42857143 0.625      0.19047619 0.63829787
 0.60606061 0.48275862 0.20689655 0.95238095 0.90643275 0.97959184
 0.88324873 0.77777778 0.5        0.59259259]
