mACC, mP, mR, mF1, ACC, P, R, F1
0.7245706737120211,0.7493441375068115,0.6922407801292192,0.6965868734044613
,[ 15  18  22  18  27   6  14  38  14  16  52  42  14  15  25  12  11  11
  19  16  26  19  19  16   5   9  18  12  14   5   9  18  10  18  12  17
  18  10   0  23  15   1  16  25   9  25   9  11  21  10  20  11  14  19
  13  16  17   5   0   9  12  14  20  24  16  15  14   8   5   4  11  20
  12   6   9  13  17   5  12   9  12   9  15  15  16  15  13  10  19  41
  16  39  15  20  13  42  13  17  13  18  27   7  21  19  44  11  14   2
  25  14  13  12  19  22  10  17  15  14   5  19  16   9  23  15   0  21
  25  13  36  17  14  33  25  14   6   9  32  29  12  11  20  17  24   8
 160   8  30  25  16  17  20  19  12  18   6  13  19  20  17  15  18  12
   2  20   8  14   9  27  13  19   7  18   8  14  12  14  14  19  15   3
  15  23  19  15   2  15  17  11  18  18   6  15  25  17   6  21  12  17
  13  16  17  19  13  15   9  19  13  18   9  20   8  24  17  26  14  16
  20  10   3  17  21  12   8  11  15  11  26  16   7  18  16  69   1  18
  17  10  12  18  10  38  11  11   8  10  13  12  10  10   6  20 159  24
  82  13  17  14]
,[0.88235294 0.85714286 0.84615385 0.5        0.87096774 1.
 0.66666667 0.88372093 0.7        0.64       0.89655172 0.73684211
 0.875      0.78947368 0.73529412 0.75       0.64705882 0.84615385
 0.86363636 0.88888889 0.60465116 0.65517241 0.7037037  0.84210526
 0.17857143 0.9        0.94736842 0.85714286 0.875      0.38461538
 0.64285714 0.85714286 0.76923077 1.         0.63157895 0.68
 0.54545455 1.         0.         0.95833333 0.78947368 1.
 0.69565217 0.58139535 0.6        0.5952381  0.81818182 0.78571429
 0.80769231 0.90909091 0.86956522 0.91666667 1.         0.65517241
 0.56521739 0.51612903 0.85       0.625      0.         0.64285714
 0.46153846 0.82352941 0.66666667 0.96       0.88888889 0.88235294
 0.77777778 0.66666667 0.625      1.         0.57894737 0.90909091
 0.63157895 0.75       0.64285714 1.         0.94444444 0.83333333
 0.46153846 0.64285714 0.70588235 1.         0.88235294 1.
 0.8        0.9375     1.         0.90909091 0.76       0.68333333
 0.69565217 0.66101695 0.78947368 0.90909091 0.92857143 0.65625
 0.92857143 1.         0.76470588 0.75       0.65853659 1.
 0.72413793 0.43181818 0.51764706 0.6875     0.93333333 1.
 0.80645161 1.         0.92857143 0.85714286 0.9047619  0.88
 0.83333333 1.         0.78947368 0.77777778 1.         0.65517241
 0.84210526 0.40909091 0.82142857 0.88235294 0.         0.32307692
 0.71428571 0.48148148 1.         0.5        1.         0.76744186
 0.83333333 1.         0.46153846 0.9        0.8        0.76315789
 0.75       0.91666667 0.64516129 0.73913043 0.61538462 0.57142857
 0.80808081 0.42105263 0.44117647 0.69444444 0.43243243 0.80952381
 1.         1.         0.92307692 0.64285714 0.66666667 0.56521739
 1.         0.95238095 0.28813559 0.83333333 0.75       0.8
 0.33333333 0.8        0.57142857 0.66666667 0.9        0.81818182
 0.72222222 0.7037037  0.875      0.85714286 0.42105263 0.73684211
 0.92307692 0.93333333 0.66666667 0.82608696 0.68181818 0.21428571
 0.53571429 1.         0.59375    0.75       0.4        0.9375
 0.65384615 0.40740741 0.94736842 0.72       0.66666667 0.78947368
 0.80645161 0.65384615 0.35294118 0.80769231 0.75       0.80952381
 0.56521739 0.48484848 0.94444444 0.7037037  0.8125     0.88235294
 0.81818182 0.57575758 0.86666667 0.94736842 0.69230769 0.46511628
 0.88888889 0.92307692 0.94444444 0.96296296 0.93333333 0.72727273
 0.83333333 0.90909091 0.75       0.68       0.7        0.92307692
 0.44444444 0.61111111 0.78947368 0.84615385 0.89655172 0.69565217
 0.77777778 1.         0.72727273 0.80232558 0.5        0.4
 0.89473684 0.90909091 0.92307692 0.75       0.76923077 0.7037037
 0.91666667 0.91666667 1.         0.66666667 0.72222222 0.66666667
 0.83333333 0.90909091 0.28571429 0.95238095 0.72272727 0.92307692
 0.70689655 0.68421053 0.56666667 0.56      ]
,[0.75       0.9        0.70967742 0.69230769 0.9        0.33333333
 0.63636364 0.80851064 0.66666667 0.84210526 0.92857143 0.95454545
 0.7        0.83333333 1.         0.63157895 0.52380952 0.52380952
 0.76       0.94117647 0.89655172 0.95       0.86363636 0.69565217
 0.2173913  0.40909091 0.9        0.54545455 0.66666667 0.23809524
 0.5        0.85714286 0.47619048 0.9        0.66666667 0.77272727
 0.75       0.45454545 0.         0.92       0.83333333 0.05555556
 0.64       1.         0.52941176 0.92592593 0.47368421 0.52380952
 0.95454545 0.5        0.86956522 0.64705882 0.82352941 0.79166667
 0.65       0.76190476 0.77272727 0.26315789 0.         0.5
 0.57142857 0.82352941 0.8        0.88888889 0.76190476 0.88235294
 0.82352941 0.36363636 0.25       0.23529412 0.55       0.83333333
 0.6        0.26086957 0.52941176 0.76470588 0.89473684 0.27777778
 0.6        0.375      0.63157895 0.52941176 0.78947368 0.88235294
 0.69565217 0.9375     0.68421053 0.5        0.86363636 0.95348837
 0.84210526 0.95121951 0.65217391 0.95238095 0.72222222 0.73684211
 0.72222222 0.85       0.8125     0.94736842 0.96428571 0.38888889
 0.91304348 0.95       0.81481481 0.61111111 0.77777778 0.11764706
 0.78125    0.82352941 0.76470588 0.70588235 0.79166667 0.91666667
 0.55555556 0.77272727 0.6        0.63636364 0.27777778 0.73076923
 0.94117647 0.42857143 1.         0.78947368 0.         0.42857143
 0.96153846 0.61904762 0.94736842 0.89473684 0.73684211 0.86842105
 0.89285714 0.58333333 0.31578947 0.47368421 1.         0.74358974
 0.66666667 0.61111111 0.83333333 0.77272727 0.92307692 0.47058824
 1.         0.47058824 0.73170732 0.71428571 0.76190476 0.73913043
 0.90909091 0.79166667 0.63157895 0.85714286 0.31578947 0.65
 0.9047619  0.66666667 0.4047619  0.88235294 0.85714286 0.63157895
 0.11111111 0.95238095 0.44444444 0.73684211 0.5        0.96428571
 0.68421053 0.9047619  0.41176471 0.9        0.36363636 0.82352941
 0.70588235 0.63636364 0.7        0.95       0.9375     0.14285714
 0.75       0.95833333 0.95       0.88235294 0.0952381  0.88235294
 0.89473684 0.61111111 0.75       0.7826087  0.26086957 0.65217391
 0.71428571 0.73913043 0.33333333 1.         0.6        0.77272727
 0.61904762 0.8        1.         0.95       0.68421053 0.9375
 0.5        0.95       0.56521739 0.81818182 0.42857143 0.86956522
 0.42105263 0.85714286 0.80952381 0.92857143 0.82352941 0.8
 0.95238095 0.58823529 0.17647059 0.89473684 1.         0.63157895
 0.5        0.5        0.83333333 0.55       0.86666667 0.84210526
 0.36842105 0.94736842 0.69565217 0.95833333 0.05       0.72
 0.73913043 0.5        0.66666667 0.9        0.58823529 0.92682927
 0.57894737 0.57894737 0.44444444 0.52631579 0.68421053 0.57142857
 0.52631579 0.58823529 0.3        1.         0.99375    1.
 0.94252874 0.68421053 0.80952381 0.63636364]
,[0.81081081 0.87804878 0.77192982 0.58064516 0.8852459  0.5
 0.65116279 0.84444444 0.68292683 0.72727273 0.9122807  0.83168317
 0.77777778 0.81081081 0.84745763 0.68571429 0.57894737 0.64705882
 0.80851064 0.91428571 0.72222222 0.7755102  0.7755102  0.76190476
 0.19607843 0.5625     0.92307692 0.66666667 0.75675676 0.29411765
 0.5625     0.85714286 0.58823529 0.94736842 0.64864865 0.72340426
 0.63157895 0.625      0.         0.93877551 0.81081081 0.10526316
 0.66666667 0.73529412 0.5625     0.72463768 0.6        0.62857143
 0.875      0.64516129 0.86956522 0.75862069 0.90322581 0.71698113
 0.60465116 0.61538462 0.80952381 0.37037037 0.         0.5625
 0.5106383  0.82352941 0.72727273 0.92307692 0.82051282 0.88235294
 0.8        0.47058824 0.35714286 0.38095238 0.56410256 0.86956522
 0.61538462 0.38709677 0.58064516 0.86666667 0.91891892 0.41666667
 0.52173913 0.47368421 0.66666667 0.69230769 0.83333333 0.9375
 0.74418605 0.9375     0.8125     0.64516129 0.80851064 0.7961165
 0.76190476 0.78       0.71428571 0.93023256 0.8125     0.69421488
 0.8125     0.91891892 0.78787879 0.8372093  0.7826087  0.56
 0.80769231 0.59375    0.63309353 0.64705882 0.84848485 0.21052632
 0.79365079 0.90322581 0.83870968 0.77419355 0.84444444 0.89795918
 0.66666667 0.87179487 0.68181818 0.7        0.43478261 0.69090909
 0.88888889 0.41860465 0.90196078 0.83333333 0.         0.36842105
 0.81967213 0.54166667 0.97297297 0.64150943 0.84848485 0.81481481
 0.86206897 0.73684211 0.375      0.62068966 0.88888889 0.75324675
 0.70588235 0.73333333 0.72727273 0.75555556 0.73846154 0.51612903
 0.89385475 0.44444444 0.55045872 0.70422535 0.55172414 0.77272727
 0.95238095 0.88372093 0.75       0.73469388 0.42857143 0.60465116
 0.95       0.78431373 0.33663366 0.85714286 0.8        0.70588235
 0.16666667 0.86956522 0.5        0.7        0.64285714 0.8852459
 0.7027027  0.79166667 0.56       0.87804878 0.3902439  0.77777778
 0.8        0.75675676 0.68292683 0.88372093 0.78947368 0.17142857
 0.625      0.9787234  0.73076923 0.81081081 0.15384615 0.90909091
 0.75555556 0.48888889 0.8372093  0.75       0.375      0.71428571
 0.75757576 0.69387755 0.34285714 0.89361702 0.66666667 0.79069767
 0.59090909 0.60377358 0.97142857 0.80851064 0.74285714 0.90909091
 0.62068966 0.71698113 0.68421053 0.87804878 0.52941176 0.60606061
 0.57142857 0.88888889 0.87179487 0.94545455 0.875      0.76190476
 0.88888889 0.71428571 0.28571429 0.77272727 0.82352941 0.75
 0.47058824 0.55       0.81081081 0.66666667 0.88135593 0.76190476
 0.5        0.97297297 0.71111111 0.87341772 0.09090909 0.51428571
 0.80952381 0.64516129 0.77419355 0.81818182 0.66666667 0.8
 0.70967742 0.70967742 0.61538462 0.58823529 0.7027027  0.61538462
 0.64516129 0.71428571 0.29268293 0.97560976 0.83684211 0.96
 0.80788177 0.68421053 0.66666667 0.59574468]
