mACC, mP, mR, mF1, ACC, P, R, F1
0.6732166446499339,0.6791896946299449,0.6363499164215161,0.6336654631549108
,[ 18  15  25  16  25   9   0  38  12   4  50  43  14  15  25  14  15  11
  13  15  26  18  14  16  11   9  17   9  16   2   9  18  11  19  14  21
  20   0   2  20  14   3  18  23   9  22  12  10  20   8  17   2  16  17
   7  12  16   3   0   7  11  16  18  24  17  12  14  17   0   7   8   9
  15   1   7  16  17   7   5   7  11   9  13  16  14  14  15   0  12  42
  17  37  16  19  14  46  12  16   9  17  25   0  19  16  46  13  14   2
  23  14  13   8  19  23   3  14  17  11   0  14  14   8  23   7   0   8
  24  11  38  15  12  37  20  16   3  13  29  34   9  14  17  17  18   9
 159   7  20  22  17  12  21  20  13  17   3   4  20  24  20  12  16   9
   0  21   2   5  10  26  10  13   9  19   4  13  13  17  13  19  16   5
  18  22  19  13   2  16  11   7  19  20   6  16  24  17   0  21  11  16
   9  11  16  19   8  16  11  14  12  17   5  19   7  26  16  24  14  14
  20  10   5  17  14  12  10  11  17  10  23  13   6  19  14  63   0  16
  19   0  15  19  11  37  11  12   7  10   7  12   8   7   7  20 160  24
  76  14  14   8]
,[0.94736842 0.75       0.64102564 0.43243243 0.86206897 0.81818182
 0.         0.76       0.66666667 0.26666667 0.90909091 0.63235294
 0.66666667 0.9375     0.71428571 0.73684211 0.45454545 0.78571429
 0.59090909 0.88235294 0.65       0.5625     0.60869565 0.8
 0.275      0.40909091 0.62962963 0.75       0.84210526 0.16666667
 0.69230769 0.66666667 0.78571429 1.         0.7        0.65625
 0.76923077 0.         0.22222222 1.         0.58333333 0.6
 0.5        0.54761905 0.69230769 0.84615385 0.52173913 0.625
 0.83333333 0.8        0.80952381 0.66666667 0.8        0.77272727
 0.63636364 0.85714286 0.59259259 0.75       0.         0.41176471
 0.64705882 0.94117647 0.81818182 0.96       0.94444444 0.85714286
 0.63636364 0.62962963 0.         0.5        0.53333333 1.
 0.40540541 0.25       0.63636364 0.94117647 0.89473684 0.875
 0.71428571 0.30434783 0.64705882 0.9        1.         0.94117647
 0.82352941 0.93333333 1.         0.         0.5        0.64615385
 0.70833333 0.56060606 0.66666667 0.86363636 0.77777778 0.38333333
 0.8        0.94117647 0.9        0.77272727 0.58139535 0.
 0.86363636 0.64       0.40350877 0.36111111 1.         0.4
 0.88461538 0.875      0.86666667 0.8        0.9047619  0.95833333
 0.5        0.93333333 0.62962963 0.6875     0.         0.875
 0.77777778 0.4        0.82142857 0.7        0.         0.33333333
 0.4137931  0.55       1.         0.71428571 0.92307692 0.60655738
 0.95238095 0.72727273 0.6        0.8125     0.74358974 0.53125
 0.81818182 1.         0.80952381 0.68       0.72       0.45
 0.67372881 0.4375     0.95238095 0.62857143 0.80952381 0.66666667
 1.         0.95238095 0.86666667 0.70833333 0.75       0.8
 0.47619048 0.82758621 0.29411765 1.         0.61538462 0.69230769
 0.         0.80769231 0.66666667 1.         0.47619048 0.63414634
 0.5        0.8125     0.64285714 1.         0.57142857 0.76470588
 0.92857143 0.70833333 0.56521739 0.40425532 0.66666667 0.20833333
 0.33333333 0.95652174 0.475      0.76470588 0.28571429 0.94117647
 0.73333333 0.4375     0.86363636 0.54054054 0.85714286 0.72727273
 0.92307692 0.73913043 0.         0.67741935 0.6875     0.69565217
 0.34615385 0.64705882 1.         0.73076923 0.57142857 0.94117647
 0.73333333 0.93333333 0.85714286 0.73913043 0.71428571 0.43181818
 0.58333333 0.55319149 1.         0.92307692 0.875      0.82352941
 0.86956522 1.         0.71428571 0.80952381 0.82352941 0.92307692
 0.5        0.55       0.94444444 0.66666667 0.63888889 0.76470588
 0.75       1.         0.5        0.82894737 0.         0.61538462
 0.86363636 0.         0.78947368 0.86363636 0.73333333 0.61666667
 0.73333333 1.         0.58333333 0.90909091 0.4375     1.
 0.66666667 1.         0.24137931 0.95238095 0.75117371 0.96
 0.65517241 0.63636364 0.53846154 0.5       ]
,[0.9        0.75       0.80645161 0.61538462 0.83333333 0.5
 0.         0.80851064 0.57142857 0.21052632 0.89285714 0.97727273
 0.7        0.83333333 1.         0.73684211 0.71428571 0.52380952
 0.52       0.88235294 0.89655172 0.9        0.63636364 0.69565217
 0.47826087 0.40909091 0.85       0.40909091 0.76190476 0.0952381
 0.5        0.85714286 0.52380952 0.95       0.77777778 0.95454545
 0.83333333 0.         0.11764706 0.8        0.77777778 0.16666667
 0.72       0.92       0.52941176 0.81481481 0.63157895 0.47619048
 0.90909091 0.4        0.73913043 0.11764706 0.94117647 0.70833333
 0.35       0.57142857 0.72727273 0.15789474 0.         0.38888889
 0.52380952 0.94117647 0.72       0.88888889 0.80952381 0.70588235
 0.82352941 0.77272727 0.         0.41176471 0.4        0.375
 0.75       0.04347826 0.41176471 0.94117647 0.89473684 0.38888889
 0.25       0.29166667 0.57894737 0.52941176 0.68421053 0.94117647
 0.60869565 0.875      0.78947368 0.         0.54545455 0.97674419
 0.89473684 0.90243902 0.69565217 0.9047619  0.77777778 0.80701754
 0.66666667 0.8        0.5625     0.89473684 0.89285714 0.
 0.82608696 0.8        0.85185185 0.72222222 0.77777778 0.11764706
 0.71875    0.82352941 0.76470588 0.47058824 0.79166667 0.95833333
 0.16666667 0.63636364 0.68       0.5        0.         0.53846154
 0.82352941 0.38095238 1.         0.36842105 0.         0.16326531
 0.92307692 0.52380952 1.         0.78947368 0.63157895 0.97368421
 0.71428571 0.66666667 0.15789474 0.68421053 0.90625    0.87179487
 0.5        0.77777778 0.70833333 0.77272727 0.69230769 0.52941176
 0.99375    0.41176471 0.48780488 0.62857143 0.80952381 0.52173913
 0.95454545 0.83333333 0.68421053 0.80952381 0.15789474 0.2
 0.95238095 0.8        0.47619048 0.70588235 0.76190476 0.47368421
 0.         1.         0.11111111 0.26315789 0.55555556 0.92857143
 0.52631579 0.61904762 0.52941176 0.95       0.18181818 0.76470588
 0.76470588 0.77272727 0.65       0.95       1.         0.23809524
 0.9        0.91666667 0.95       0.76470588 0.0952381  0.94117647
 0.57894737 0.38888889 0.79166667 0.86956522 0.26086957 0.69565217
 0.68571429 0.73913043 0.         1.         0.55       0.72727273
 0.42857143 0.55       0.94117647 0.95       0.42105263 1.
 0.61111111 0.7        0.52173913 0.77272727 0.23809524 0.82608696
 0.36842105 0.92857143 0.76190476 0.85714286 0.82352941 0.7
 0.95238095 0.58823529 0.29411765 0.89473684 0.66666667 0.63157895
 0.625      0.5        0.94444444 0.5        0.76666667 0.68421053
 0.31578947 1.         0.60869565 0.875      0.         0.64
 0.82608696 0.         0.83333333 0.95       0.64705882 0.90243902
 0.57894737 0.63157895 0.38888889 0.52631579 0.36842105 0.57142857
 0.42105263 0.41176471 0.35       1.         1.         1.
 0.87356322 0.73684211 0.66666667 0.36363636]
,[0.92307692 0.75       0.71428571 0.50793651 0.84745763 0.62068966
 0.         0.78350515 0.61538462 0.23529412 0.9009009  0.76785714
 0.68292683 0.88235294 0.83333333 0.73684211 0.55555556 0.62857143
 0.55319149 0.88235294 0.75362319 0.69230769 0.62222222 0.74418605
 0.34920635 0.40909091 0.72340426 0.52941176 0.8        0.12121212
 0.58064516 0.75       0.62857143 0.97435897 0.73684211 0.77777778
 0.8        0.         0.15384615 0.88888889 0.66666667 0.26086957
 0.59016393 0.68656716 0.6        0.83018868 0.57142857 0.54054054
 0.86956522 0.53333333 0.77272727 0.2        0.86486486 0.73913043
 0.4516129  0.68571429 0.65306122 0.26086957 0.         0.4
 0.57894737 0.94117647 0.76595745 0.92307692 0.87179487 0.77419355
 0.71794872 0.69387755 0.         0.4516129  0.45714286 0.54545455
 0.52631579 0.07407407 0.5        0.94117647 0.89473684 0.53846154
 0.37037037 0.29787234 0.61111111 0.66666667 0.8125     0.94117647
 0.7        0.90322581 0.88235294 0.         0.52173913 0.77777778
 0.79069767 0.69158879 0.68085106 0.88372093 0.77777778 0.51977401
 0.72727273 0.86486486 0.69230769 0.82926829 0.70422535 0.
 0.84444444 0.71111111 0.54761905 0.48148148 0.875      0.18181818
 0.79310345 0.84848485 0.8125     0.59259259 0.84444444 0.95833333
 0.25       0.75675676 0.65384615 0.57894737 0.         0.66666667
 0.8        0.3902439  0.90196078 0.48275862 0.         0.21917808
 0.57142857 0.53658537 1.         0.75       0.75       0.74747475
 0.81632653 0.69565217 0.25       0.74285714 0.81690141 0.66019417
 0.62068966 0.875      0.75555556 0.72340426 0.70588235 0.48648649
 0.8030303  0.42424242 0.64516129 0.62857143 0.80952381 0.58536585
 0.97674419 0.88888889 0.76470588 0.75555556 0.26086957 0.32
 0.63492063 0.81355932 0.36363636 0.82758621 0.68085106 0.5625
 0.         0.89361702 0.19047619 0.41666667 0.51282051 0.75362319
 0.51282051 0.7027027  0.58064516 0.97435897 0.27586207 0.76470588
 0.83870968 0.73913043 0.60465116 0.56716418 0.8        0.22222222
 0.48648649 0.93617021 0.63333333 0.76470588 0.14285714 0.94117647
 0.64705882 0.41176471 0.82608696 0.66666667 0.4        0.71111111
 0.78688525 0.73913043 0.         0.80769231 0.61111111 0.71111111
 0.38297872 0.59459459 0.96969697 0.82608696 0.48484848 0.96969697
 0.66666667 0.8        0.64864865 0.75555556 0.35714286 0.56716418
 0.4516129  0.69333333 0.86486486 0.88888889 0.84848485 0.75675676
 0.90909091 0.74074074 0.41666667 0.85       0.73684211 0.75
 0.55555556 0.52380952 0.94444444 0.57142857 0.6969697  0.72222222
 0.44444444 1.         0.54901961 0.85135135 0.         0.62745098
 0.84444444 0.         0.81081081 0.9047619  0.6875     0.73267327
 0.64705882 0.77419355 0.46666667 0.66666667 0.4        0.72727273
 0.51612903 0.58333333 0.28571429 0.97560976 0.85790885 0.97959184
 0.74876847 0.68292683 0.59574468 0.42105263]
