mACC, mP, mR, mF1, ACC, P, R, F1
0.7305151915455746,0.737428461738871,0.7005406769131379,0.6999025451927109
,[ 16  15  22  15  26  11  13  42  13  15  51  43   9  15  22  11   9  15
  15  14  24  18  20  18   4  11  16  17  15   4  10  17  13  19  13  19
  19   9   3  23  14  10  18  25   3  22   9   9  18  15  20   7  14  20
  14  17  18   9   2  11  10  17  20  25  17  15  14  15   8   5  13  22
  17  11   7  15  17  11   6   8  12   6  12  15  16  15  14  14  18  38
  17  39  21  20  14  43  14  17  13  17  26  13  20  16  40  10  13   8
  21  14  13  13  18  16   4  17  19  18   3  18  15  11  23  14   3  23
  25  15  36  15  13  31  24  16   4  12  28  28  10  13  17  17  25   9
 160   7  23  24  13  15  21  22  14  19   3   8  18  23  25  10  17  18
   3  20   8  13   7  24   9  18   8  18  10  14  15  18  17  19  16   7
  16  24  18  15   5  16  12   7  18  15   7  19  24  16   3  20   7  15
   9  12  17  17   8  15  10  18  11  20   4  15   9  23  17  26  14  14
  21  15   6  12  20  12   6  17  16  14  24  15   7  18  17  68   9  19
  18  12  18  16   9  38  15  15   9   9  12  16  14   9  13  20 157  24
  87  15   9  19]
,[0.76190476 0.83333333 0.78571429 0.44117647 0.83870968 1.
 0.65       0.51219512 0.8125     0.75       0.85       0.7962963
 0.75       0.9375     0.70967742 0.78571429 0.69230769 0.71428571
 0.68181818 0.93333333 0.66666667 0.5625     0.8        0.7826087
 0.8        0.5        0.61538462 0.62962963 0.83333333 0.5
 0.66666667 0.85       0.68421053 0.86363636 0.56521739 0.79166667
 0.73076923 0.69230769 0.6        0.71875    0.82352941 0.58823529
 0.51428571 0.51020408 1.         0.81481481 0.81818182 0.69230769
 0.85714286 0.75       0.57142857 0.4375     0.875      0.71428571
 0.875      0.68       0.85714286 0.69230769 0.22222222 0.73333333
 0.625      0.70833333 0.86956522 0.65789474 0.94444444 0.9375
 0.77777778 0.9375     0.61538462 0.5        0.76470588 0.88
 0.85       0.6875     0.7        0.75       0.77272727 0.91666667
 0.54545455 0.72727273 0.66666667 0.85714286 0.75       0.75
 0.59259259 0.9375     1.         0.93333333 0.47368421 0.61290323
 0.89473684 0.86666667 0.75       1.         0.66666667 0.81132075
 0.77777778 0.89473684 0.86666667 0.68       0.57777778 0.76470588
 0.90909091 0.64       0.66666667 0.90909091 0.86666667 0.53333333
 0.72413793 1.         1.         0.8125     0.94736842 1.
 0.66666667 0.77272727 0.79166667 0.7826087  1.         0.72
 0.78947368 0.47826087 0.95833333 0.77777778 0.6        0.53488372
 0.73529412 0.68181818 1.         0.71428571 0.76470588 0.91176471
 0.96       0.88888889 0.30769231 0.92307692 0.82352941 0.84848485
 1.         1.         0.77272727 0.70833333 0.56818182 0.75
 0.96969697 0.63636364 0.6969697  0.54545455 0.8125     0.71428571
 0.80769231 0.70967742 0.82352941 0.67857143 0.6        0.57142857
 0.81818182 0.82142857 0.43859649 1.         0.77272727 0.58064516
 0.33333333 0.90909091 0.47058824 1.         1.         0.96
 0.81818182 0.81818182 0.57142857 0.9        0.4        0.60869565
 0.88235294 0.66666667 0.85       0.9047619  0.5        0.4375
 0.43243243 0.88888889 0.46153846 0.65217391 0.26315789 0.94117647
 0.85714286 0.53846154 0.72       0.78947368 0.41176471 0.73076923
 0.96       0.69565217 0.6        0.68965517 0.63636364 0.75
 0.32142857 0.8        0.80952381 0.60714286 0.5        0.9375
 0.76923077 0.5625     0.6875     0.71428571 0.4        0.88235294
 0.81818182 0.92       0.85       1.         1.         0.875
 0.84       1.         0.6        0.75       0.86956522 0.6
 0.85714286 0.77272727 0.72727273 1.         0.53333333 0.46875
 0.63636364 0.81818182 0.65384615 0.82926829 0.28125    0.65517241
 0.94736842 0.8        0.52941176 0.76190476 0.64285714 0.88372093
 0.55555556 0.88235294 0.69230769 0.52941176 0.54545455 0.72727273
 0.58333333 0.9        0.41935484 0.95238095 0.81770833 0.82758621
 0.85294118 0.88235294 0.42857143 0.57575758]
,[0.8        0.75       0.70967742 0.57692308 0.86666667 0.61111111
 0.59090909 0.89361702 0.61904762 0.78947368 0.91071429 0.97727273
 0.45       0.83333333 0.88       0.57894737 0.42857143 0.71428571
 0.6        0.82352941 0.82758621 0.9        0.90909091 0.7826087
 0.17391304 0.5        0.8        0.77272727 0.71428571 0.19047619
 0.55555556 0.80952381 0.61904762 0.95       0.72222222 0.86363636
 0.79166667 0.40909091 0.17647059 0.92       0.77777778 0.55555556
 0.72       1.         0.17647059 0.81481481 0.47368421 0.42857143
 0.81818182 0.75       0.86956522 0.41176471 0.82352941 0.83333333
 0.7        0.80952381 0.81818182 0.47368421 0.11764706 0.61111111
 0.47619048 1.         0.8        0.92592593 0.80952381 0.88235294
 0.82352941 0.68181818 0.4        0.29411765 0.65       0.91666667
 0.85       0.47826087 0.41176471 0.88235294 0.89473684 0.61111111
 0.3        0.33333333 0.63157895 0.35294118 0.63157895 0.88235294
 0.69565217 0.9375     0.73684211 0.7        0.81818182 0.88372093
 0.89473684 0.95121951 0.91304348 0.95238095 0.77777778 0.75438596
 0.77777778 0.85       0.8125     0.89473684 0.92857143 0.72222222
 0.86956522 0.8        0.74074074 0.55555556 0.72222222 0.47058824
 0.65625    0.82352941 0.76470588 0.76470588 0.75       0.66666667
 0.22222222 0.77272727 0.76       0.81818182 0.16666667 0.69230769
 0.88235294 0.52380952 1.         0.73684211 0.14285714 0.46938776
 0.96153846 0.71428571 0.94736842 0.78947368 0.68421053 0.81578947
 0.85714286 0.66666667 0.21052632 0.63157895 0.875      0.71794872
 0.55555556 0.72222222 0.70833333 0.77272727 0.96153846 0.52941176
 1.         0.41176471 0.56097561 0.68571429 0.61904762 0.65217391
 0.95454545 0.91666667 0.73684211 0.9047619  0.15789474 0.4
 0.85714286 0.76666667 0.5952381  0.58823529 0.80952381 0.94736842
 0.16666667 0.95238095 0.44444444 0.68421053 0.38888889 0.85714286
 0.47368421 0.85714286 0.47058824 0.9        0.45454545 0.82352941
 0.88235294 0.81818182 0.85       0.95       1.         0.33333333
 0.8        1.         0.9        0.88235294 0.23809524 0.94117647
 0.63157895 0.38888889 0.75       0.65217391 0.30434783 0.82608696
 0.68571429 0.69565217 0.16666667 0.95238095 0.35       0.68181818
 0.42857143 0.6        1.         0.85       0.42105263 0.9375
 0.55555556 0.9        0.47826087 0.90909091 0.19047619 0.65217391
 0.47368421 0.82142857 0.80952381 0.92857143 0.82352941 0.7
 1.         0.88235294 0.35294118 0.63157895 0.95238095 0.63157895
 0.375      0.77272727 0.88888889 0.7        0.8        0.78947368
 0.36842105 0.94736842 0.73913043 0.94444444 0.45       0.76
 0.7826087  0.6        1.         0.8        0.52941176 0.92682927
 0.78947368 0.78947368 0.5        0.47368421 0.63157895 0.76190476
 0.73684211 0.52941176 0.65       1.         0.98125    1.
 1.         0.78947368 0.42857143 0.86363636]
,[0.7804878  0.78947368 0.74576271 0.5        0.85245902 0.75862069
 0.61904762 0.65116279 0.7027027  0.76923077 0.87931034 0.87755102
 0.5625     0.88235294 0.78571429 0.66666667 0.52941176 0.71428571
 0.63829787 0.875      0.73846154 0.69230769 0.85106383 0.7826087
 0.28571429 0.5        0.69565217 0.69387755 0.76923077 0.27586207
 0.60606061 0.82926829 0.65       0.9047619  0.63414634 0.82608696
 0.76       0.51428571 0.27272727 0.80701754 0.8        0.57142857
 0.6        0.67567568 0.3        0.81481481 0.6        0.52941176
 0.8372093  0.75       0.68965517 0.42424242 0.84848485 0.76923077
 0.77777778 0.73913043 0.8372093  0.5625     0.15384615 0.66666667
 0.54054054 0.82926829 0.83333333 0.76923077 0.87179487 0.90909091
 0.8        0.78947368 0.48484848 0.37037037 0.7027027  0.89795918
 0.85       0.56410256 0.51851852 0.81081081 0.82926829 0.73333333
 0.38709677 0.45714286 0.64864865 0.5        0.68571429 0.81081081
 0.64       0.9375     0.84848485 0.8        0.6        0.72380952
 0.89473684 0.90697674 0.82352941 0.97560976 0.71794872 0.78181818
 0.77777778 0.87179487 0.83870968 0.77272727 0.71232877 0.74285714
 0.88888889 0.71111111 0.70175439 0.68965517 0.78787879 0.5
 0.68852459 0.90322581 0.86666667 0.78787879 0.8372093  0.8
 0.33333333 0.77272727 0.7755102  0.8        0.28571429 0.70588235
 0.83333333 0.5        0.9787234  0.75675676 0.23076923 0.5
 0.83333333 0.69767442 0.97297297 0.75       0.72222222 0.86111111
 0.90566038 0.76190476 0.25       0.75       0.84848485 0.77777778
 0.71428571 0.83870968 0.73913043 0.73913043 0.71428571 0.62068966
 0.98461538 0.5        0.62162162 0.60759494 0.7027027  0.68181818
 0.875      0.8        0.77777778 0.7755102  0.25       0.47058824
 0.8372093  0.79310345 0.50505051 0.74074074 0.79069767 0.72
 0.22222222 0.93023256 0.45714286 0.8125     0.56       0.90566038
 0.6        0.8372093  0.51612903 0.9        0.42553191 0.7
 0.88235294 0.73469388 0.85       0.92682927 0.66666667 0.37837838
 0.56140351 0.94117647 0.61016949 0.75       0.25       0.94117647
 0.72727273 0.4516129  0.73469388 0.71428571 0.35       0.7755102
 0.8        0.69565217 0.26086957 0.8        0.4516129  0.71428571
 0.36734694 0.68571429 0.89473684 0.70833333 0.45714286 0.9375
 0.64516129 0.69230769 0.56410256 0.8        0.25806452 0.75
 0.6        0.86792453 0.82926829 0.96296296 0.90322581 0.77777778
 0.91304348 0.9375     0.44444444 0.68571429 0.90909091 0.61538462
 0.52173913 0.77272727 0.8        0.82352941 0.64       0.58823529
 0.46666667 0.87804878 0.69387755 0.88311688 0.34615385 0.7037037
 0.85714286 0.68571429 0.69230769 0.7804878  0.58064516 0.9047619
 0.65217391 0.83333333 0.58064516 0.5        0.58536585 0.74418605
 0.65116279 0.66666667 0.50980392 0.97560976 0.89204545 0.90566038
 0.92063492 0.83333333 0.42857143 0.69090909]
