mACC, mP, mR, mF1, ACC, P, R, F1
0.6971598414795245,0.721865065727166,0.6613381599044836,0.6630066722677791
,[ 17  13  23  18  24   8  16  41   4  11  49  36  13  12  24  11   2  14
  16  15  27  18  19  17   1   6  18  12  13   8   9  20  14  15  10  17
  20  10   2  21  14   6  16  10   9  22  14  13  19  15  19  10  15  19
  11  12  17  10   0   3   8  17  20  13  18  15  11  17   0   7  13  21
  10  10   7  13  16   9  11   4  12  12  14  16  15  15  14  13  10  42
  17  39  17  19  14  45  14  17  10  17  22   2  17  18  35   7  15   6
  24  13  11  10  18  20   5  17  18  18   8  19  16  11  23  18   0  22
  24  17  38  14  15  31  26  11   1  10  30  35  11  13  23  16  21   7
 160   2  33  19  11  18  20  19  14  12   8   7  21  25  13  12  18  15
   6  21   0  15  11  28  11  18  13  18   2  13  13  18   9  19  15   4
  18  21   9  15   4  16  11   9  20  15  12  17  25  19   4  21   5  16
   7  10  17  10   7  16   3  19  19  19   6  16   8  22  14  26  12  15
  16  16   9  12  21  14   0  16  17  11  25  11   5  19  13  66   1  22
  18   8  17  18   2  40  15  15  11   8   8  11  10   1   5  19 160  24
  87  14   9  18]
,[0.77272727 0.92857143 0.76666667 0.51428571 0.92307692 0.88888889
 0.76190476 0.78846154 1.         0.6875     0.875      0.7826087
 0.61904762 0.8        0.63157895 1.         0.66666667 0.73684211
 0.8        0.88235294 0.71052632 0.75       0.79166667 0.85
 0.5        0.26086957 0.72       0.8        0.56521739 0.4
 0.69230769 0.95238095 0.5        1.         0.47619048 0.70833333
 0.86956522 0.90909091 0.5        0.95454545 0.60869565 0.5
 0.76190476 0.71428571 0.81818182 0.78571429 0.7        0.59090909
 0.95       0.65217391 0.48717949 0.55555556 0.71428571 0.86363636
 0.91666667 0.70588235 0.85       0.625      0.         0.75
 0.8        0.77272727 0.74074074 0.92857143 0.64285714 0.83333333
 0.84615385 0.62962963 0.         0.77777778 0.86666667 0.80769231
 1.         0.4        0.7        0.86666667 0.94117647 0.69230769
 0.55       0.5        0.70588235 0.46153846 0.77777778 0.8
 0.2027027  0.83333333 0.875      0.86666667 0.71428571 0.5
 0.89473684 0.78       0.94444444 1.         0.875      0.37815126
 0.73684211 1.         0.83333333 1.         0.73333333 1.
 0.89473684 0.6        0.48611111 0.77777778 0.9375     0.66666667
 0.88888889 1.         1.         1.         0.94736842 0.90909091
 1.         0.85       0.81818182 0.64285714 0.88888889 0.86363636
 0.8        0.52380952 0.88461538 0.9        0.         0.37288136
 0.70588235 0.68       0.95       0.82352941 0.71428571 0.79487179
 0.59090909 1.         0.04347826 0.83333333 0.65217391 0.64814815
 1.         0.86666667 0.6969697  0.69565217 0.46666667 0.53846154
 0.84656085 0.33333333 0.50769231 0.95       0.84615385 0.69230769
 0.90909091 0.95       1.         0.66666667 0.34782609 0.7
 0.80769231 0.83333333 0.30952381 1.         0.62068966 0.75
 0.24       0.875      0.         0.68181818 0.84615385 0.71794872
 0.78571429 0.94736842 0.59090909 0.9        0.66666667 0.8125
 0.59090909 0.75       0.69230769 0.86363636 0.57692308 0.11428571
 0.64285714 1.         0.9        0.75       0.28571429 0.88888889
 0.64705882 0.75       0.90909091 0.75       0.52173913 0.60714286
 0.86206897 0.73076923 0.21052632 0.80769231 0.625      0.8
 0.63636364 0.625      0.89473684 0.71428571 0.30434783 0.84210526
 0.75       0.67857143 0.51351351 0.9047619  0.4        0.4
 1.         1.         1.         0.83870968 0.85714286 0.88235294
 1.         0.8        0.5        0.75       0.7        0.73684211
 0.         0.53333333 0.85       0.91666667 0.6097561  0.91666667
 0.55555556 0.9047619  0.65       0.79518072 0.5        0.38596491
 0.7826087  0.42105263 0.77272727 0.54545455 1.         0.78431373
 0.45454545 0.55555556 0.73333333 0.72727273 0.8        0.84615385
 1.         1.         0.83333333 0.95       0.71111111 0.85714286
 0.6744186  0.73684211 0.52941176 0.47368421]
,[0.85       0.65       0.74193548 0.69230769 0.8        0.44444444
 0.72727273 0.87234043 0.19047619 0.57894737 0.875      0.81818182
 0.65       0.66666667 0.96       0.57894737 0.0952381  0.66666667
 0.64       0.88235294 0.93103448 0.9        0.86363636 0.73913043
 0.04347826 0.27272727 0.9        0.54545455 0.61904762 0.38095238
 0.5        0.95238095 0.66666667 0.75       0.55555556 0.77272727
 0.83333333 0.45454545 0.11764706 0.84       0.77777778 0.33333333
 0.64       0.4        0.52941176 0.81481481 0.73684211 0.61904762
 0.86363636 0.75       0.82608696 0.58823529 0.88235294 0.79166667
 0.55       0.57142857 0.77272727 0.52631579 0.         0.16666667
 0.38095238 1.         0.8        0.48148148 0.85714286 0.88235294
 0.64705882 0.77272727 0.         0.41176471 0.65       0.875
 0.5        0.43478261 0.41176471 0.76470588 0.84210526 0.5
 0.55       0.16666667 0.63157895 0.70588235 0.73684211 0.94117647
 0.65217391 0.9375     0.73684211 0.65       0.45454545 0.97674419
 0.89473684 0.95121951 0.73913043 0.9047619  0.77777778 0.78947368
 0.77777778 0.85       0.625      0.89473684 0.78571429 0.11111111
 0.73913043 0.9        0.64814815 0.38888889 0.83333333 0.35294118
 0.75       0.76470588 0.64705882 0.58823529 0.75       0.83333333
 0.27777778 0.77272727 0.72       0.81818182 0.44444444 0.73076923
 0.94117647 0.52380952 1.         0.94736842 0.         0.44897959
 0.92307692 0.80952381 1.         0.73684211 0.78947368 0.81578947
 0.92857143 0.45833333 0.05263158 0.52631579 0.9375     0.8974359
 0.61111111 0.72222222 0.95833333 0.72727273 0.80769231 0.41176471
 1.         0.11764706 0.80487805 0.54285714 0.52380952 0.7826087
 0.90909091 0.79166667 0.73684211 0.57142857 0.42105263 0.35
 1.         0.83333333 0.30952381 0.70588235 0.85714286 0.78947368
 0.33333333 1.         0.         0.78947368 0.61111111 1.
 0.57894737 0.85714286 0.76470588 0.9        0.09090909 0.76470588
 0.76470588 0.81818182 0.45       0.95       0.9375     0.19047619
 0.9        0.875      0.45       0.88235294 0.19047619 0.94117647
 0.57894737 0.5        0.83333333 0.65217391 0.52173913 0.73913043
 0.71428571 0.82608696 0.22222222 1.         0.25       0.72727273
 0.33333333 0.5        1.         0.5        0.36842105 1.
 0.16666667 0.95       0.82608696 0.86363636 0.28571429 0.69565217
 0.42105263 0.78571429 0.66666667 0.92857143 0.70588235 0.75
 0.76190476 0.94117647 0.52941176 0.63157895 1.         0.73684211
 0.         0.72727273 0.94444444 0.55       0.83333333 0.57894737
 0.26315789 1.         0.56521739 0.91666667 0.05       0.88
 0.7826087  0.4        0.94444444 0.9        0.11764706 0.97560976
 0.78947368 0.78947368 0.61111111 0.42105263 0.42105263 0.52380952
 0.52631579 0.05882353 0.25       0.95       1.         1.
 1.         0.73684211 0.42857143 0.81818182]
,[0.80952381 0.76470588 0.75409836 0.59016393 0.85714286 0.59259259
 0.74418605 0.82828283 0.32       0.62857143 0.875      0.8
 0.63414634 0.72727273 0.76190476 0.73333333 0.16666667 0.7
 0.71111111 0.88235294 0.80597015 0.81818182 0.82608696 0.79069767
 0.08       0.26666667 0.8        0.64864865 0.59090909 0.3902439
 0.58064516 0.95238095 0.57142857 0.85714286 0.51282051 0.73913043
 0.85106383 0.60606061 0.19047619 0.89361702 0.68292683 0.4
 0.69565217 0.51282051 0.64285714 0.8        0.71794872 0.60465116
 0.9047619  0.69767442 0.61290323 0.57142857 0.78947368 0.82608696
 0.6875     0.63157895 0.80952381 0.57142857 0.         0.27272727
 0.51612903 0.87179487 0.76923077 0.63414634 0.73469388 0.85714286
 0.73333333 0.69387755 0.         0.53846154 0.74285714 0.84
 0.66666667 0.41666667 0.51851852 0.8125     0.88888889 0.58064516
 0.55       0.25       0.66666667 0.55813953 0.75675676 0.86486486
 0.30927835 0.88235294 0.8        0.74285714 0.55555556 0.66141732
 0.89473684 0.85714286 0.82926829 0.95       0.82352941 0.51136364
 0.75675676 0.91891892 0.71428571 0.94444444 0.75862069 0.2
 0.80952381 0.72       0.55555556 0.51851852 0.88235294 0.46153846
 0.81355932 0.86666667 0.78571429 0.74074074 0.8372093  0.86956522
 0.43478261 0.80952381 0.76595745 0.72       0.59259259 0.79166667
 0.86486486 0.52380952 0.93877551 0.92307692 0.         0.40740741
 0.8        0.73913043 0.97435897 0.77777778 0.75       0.80519481
 0.72222222 0.62857143 0.04761905 0.64516129 0.76923077 0.75268817
 0.75862069 0.78787879 0.80701754 0.71111111 0.5915493  0.46666667
 0.91690544 0.17391304 0.62264151 0.69090909 0.64705882 0.73469388
 0.90909091 0.86363636 0.84848485 0.61538462 0.38095238 0.46666667
 0.89361702 0.83333333 0.30952381 0.82758621 0.72       0.76923077
 0.27906977 0.93333333 0.         0.73170732 0.70967742 0.8358209
 0.66666667 0.9        0.66666667 0.9        0.16       0.78787879
 0.66666667 0.7826087  0.54545455 0.9047619  0.71428571 0.14285714
 0.75       0.93333333 0.6        0.81081081 0.22857143 0.91428571
 0.61111111 0.6        0.86956522 0.69767442 0.52173913 0.66666667
 0.78125    0.7755102  0.21621622 0.89361702 0.35714286 0.76190476
 0.4375     0.55555556 0.94444444 0.58823529 0.33333333 0.91428571
 0.27272727 0.79166667 0.63333333 0.88372093 0.33333333 0.50793651
 0.59259259 0.88       0.8        0.88135593 0.77419355 0.81081081
 0.86486486 0.86486486 0.51428571 0.68571429 0.82352941 0.73684211
 0.         0.61538462 0.89473684 0.6875     0.70422535 0.70967742
 0.35714286 0.95       0.60465116 0.8516129  0.09090909 0.53658537
 0.7826087  0.41025641 0.85       0.67924528 0.21052632 0.86956522
 0.57692308 0.65217391 0.66666667 0.53333333 0.55172414 0.64705882
 0.68965517 0.11111111 0.38461538 0.95       0.83116883 0.92307692
 0.80555556 0.73684211 0.47368421 0.6       ]
