mACC, mP, mR, mF1, ACC, P, R, F1
0.7252311756935271,0.7358512079776685,0.6946926512543261,0.6899180662740683
,[ 17  15  26  17  26  10  15  40   9  12  50  40  14  16  20  11  12  14
  18  17  17  18  19  19   5   5  16  17  16   6   8  19  11  20  10  21
  21  14   0  20  15   7  18  21   5  22  14  13  19  13  20  12  17  21
  14  15  15   4   1   6  10  17  19  21  17  14  12  13   1   7  12  21
  12  12   5  14  17  10  14   9  13  12  14  15  15  14  16  12  14  40
  16  39  21  20  13  44  13  18  15  18  25  10  20  18  42  12  17   4
  24  15  14   6  18  22   4  16  19  19   2  18  14   6  23  15   1  25
  25  11  38  18  15  32  26  17   5  13  32  24  12  14  20  18  18   4
 160   3  29  20  11  14  21  18  14  21   9  10  20  23  13  12  17  11
   7  19   5  12  11  25  12  17  11  18   5  14  14  15  17  18  15  12
  17  21  18  16   2  16  15   5  19  19   2  17  26  17   0  21   9  14
  15  15  17  17  11  15   7  17  21  20   5  20   5  22  18  27  15  16
  15  12   5  14  20  11   0  20  17  12  25  13   9  19  18  63   3  19
  18  13  13  16   9  40  12  16  11  10   9  13  13  13   6  20 157  24
  87  10  19  15]
,[0.62962963 0.83333333 0.48148148 0.5        0.86666667 0.71428571
 0.68181818 0.64516129 0.75       0.70588235 0.86206897 0.86956522
 0.66666667 0.8        0.83333333 0.64705882 0.75       0.82352941
 0.94736842 1.         0.94444444 0.40909091 0.95       0.73076923
 0.41666667 0.5        0.88888889 0.53125    0.72727273 0.54545455
 1.         0.9047619  0.78571429 0.90909091 0.71428571 0.80769231
 0.72413793 0.93333333 0.         0.86956522 0.78947368 0.63636364
 0.62068966 0.63636364 0.55555556 0.78571429 0.58333333 0.72222222
 0.95       0.92857143 0.52631579 0.5        0.85       0.84
 0.875      0.6        0.83333333 0.8        1.         0.85714286
 0.45454545 0.94444444 0.79166667 0.875      0.77272727 0.93333333
 0.57142857 1.         0.5        0.875      0.85714286 0.875
 0.75       0.52173913 0.5        1.         0.85       0.83333333
 0.60869565 0.75       0.76470588 0.75       0.82352941 0.88235294
 0.78947368 0.93333333 0.72727273 0.92307692 0.73684211 0.75471698
 1.         0.75       0.72413793 0.95238095 0.92857143 0.61111111
 0.72222222 0.6        0.83333333 0.72       0.73529412 0.83333333
 0.95238095 0.51428571 0.48837209 0.63157895 0.85       0.5
 0.85714286 0.46875    0.60869565 0.85714286 0.94736842 0.84615385
 0.66666667 0.84210526 0.7037037  0.82608696 0.4        0.9
 0.7        0.46153846 0.82142857 0.88235294 0.5        0.44642857
 0.64102564 1.         0.88372093 0.69230769 0.78947368 0.84210526
 0.53061224 0.80952381 1.         0.86666667 0.84210526 0.85714286
 0.75       1.         0.71428571 0.94736842 0.75       1.
 0.87912088 0.5        0.82857143 1.         0.78571429 0.82352941
 0.80769231 0.9        0.77777778 0.51219512 0.81818182 0.625
 0.71428571 0.88461538 0.33333333 0.92307692 0.65384615 1.
 0.875      0.76       0.71428571 0.75       0.6875     0.80645161
 0.63157895 0.70833333 0.6875     0.9        0.625      0.77777778
 0.875      0.88235294 0.62962963 0.66666667 0.75       0.33333333
 0.77272727 0.91304348 0.64285714 0.44444444 0.15384615 1.
 0.40540541 0.71428571 0.9047619  0.51351351 0.5        0.89473684
 0.83870968 0.65384615 0.         0.80769231 0.5625     0.82352941
 0.44117647 0.41666667 0.80952381 0.68       0.42307692 0.71428571
 1.         0.68       0.77777778 0.83333333 0.55555556 0.58823529
 1.         0.91666667 0.85714286 0.87096774 0.9375     0.8
 0.46875    1.         0.83333333 0.53846154 0.95238095 0.78571429
 0.         0.52631579 0.89473684 0.48       0.67567568 1.
 0.39130435 0.82608696 0.5        0.85135135 0.375      0.48717949
 0.81818182 1.         1.         0.66666667 0.81818182 0.76923077
 0.66666667 0.84210526 0.6875     0.83333333 0.5625     0.76470588
 0.65       0.72222222 0.66666667 0.95238095 0.83510638 0.77419355
 0.6744186  0.76923077 0.45238095 0.65217391]
,[0.85       0.75       0.83870968 0.65384615 0.86666667 0.55555556
 0.68181818 0.85106383 0.42857143 0.63157895 0.89285714 0.90909091
 0.7        0.88888889 0.8        0.57894737 0.57142857 0.66666667
 0.72       1.         0.5862069  0.9        0.86363636 0.82608696
 0.2173913  0.22727273 0.8        0.77272727 0.76190476 0.28571429
 0.44444444 0.9047619  0.52380952 1.         0.55555556 0.95454545
 0.875      0.63636364 0.         0.8        0.83333333 0.38888889
 0.72       0.84       0.29411765 0.81481481 0.73684211 0.61904762
 0.86363636 0.65       0.86956522 0.70588235 1.         0.875
 0.7        0.71428571 0.68181818 0.21052632 0.05882353 0.33333333
 0.47619048 1.         0.76       0.77777778 0.80952381 0.82352941
 0.70588235 0.59090909 0.05       0.41176471 0.6        0.875
 0.6        0.52173913 0.29411765 0.82352941 0.89473684 0.55555556
 0.7        0.375      0.68421053 0.70588235 0.73684211 0.88235294
 0.65217391 0.875      0.84210526 0.6        0.63636364 0.93023256
 0.84210526 0.95121951 0.91304348 0.95238095 0.72222222 0.77192982
 0.72222222 0.9        0.9375     0.94736842 0.89285714 0.55555556
 0.86956522 0.9        0.77777778 0.66666667 0.94444444 0.23529412
 0.75       0.88235294 0.82352941 0.35294118 0.75       0.91666667
 0.22222222 0.72727273 0.76       0.86363636 0.11111111 0.69230769
 0.82352941 0.28571429 1.         0.78947368 0.04761905 0.51020408
 0.96153846 0.52380952 1.         0.94736842 0.78947368 0.84210526
 0.92857143 0.70833333 0.26315789 0.68421053 1.         0.61538462
 0.66666667 0.77777778 0.83333333 0.81818182 0.69230769 0.23529412
 1.         0.17647059 0.70731707 0.57142857 0.52380952 0.60869565
 0.95454545 0.75       0.73684211 1.         0.47368421 0.5
 0.95238095 0.76666667 0.30952381 0.70588235 0.80952381 0.57894737
 0.38888889 0.9047619  0.27777778 0.63157895 0.61111111 0.89285714
 0.63157895 0.80952381 0.64705882 0.9        0.22727273 0.82352941
 0.82352941 0.68181818 0.85       0.9        0.9375     0.57142857
 0.85       0.875      0.9        0.94117647 0.0952381  0.94117647
 0.78947368 0.27777778 0.79166667 0.82608696 0.08695652 0.73913043
 0.74285714 0.73913043 0.         1.         0.45       0.63636364
 0.71428571 0.75       1.         0.85       0.57894737 0.9375
 0.38888889 0.85       0.91304348 0.90909091 0.23809524 0.86956522
 0.26315789 0.78571429 0.85714286 0.96428571 0.88235294 0.8
 0.71428571 0.70588235 0.29411765 0.73684211 0.95238095 0.57894737
 0.         0.90909091 0.94444444 0.6        0.83333333 0.68421053
 0.47368421 1.         0.7826087  0.875      0.15       0.76
 0.7826087  0.65       0.72222222 0.8        0.52941176 0.97560976
 0.63157895 0.84210526 0.61111111 0.52631579 0.47368421 0.61904762
 0.68421053 0.76470588 0.3        1.         0.98125    1.
 1.         0.52631579 0.9047619  0.68181818]
,[0.72340426 0.78947368 0.61176471 0.56666667 0.86666667 0.625
 0.68181818 0.73394495 0.54545455 0.66666667 0.87719298 0.88888889
 0.68292683 0.84210526 0.81632653 0.61111111 0.64864865 0.73684211
 0.81818182 1.         0.72340426 0.5625     0.9047619  0.7755102
 0.28571429 0.3125     0.84210526 0.62962963 0.74418605 0.375
 0.61538462 0.9047619  0.62857143 0.95238095 0.625      0.875
 0.79245283 0.75675676 0.         0.83333333 0.81081081 0.48275862
 0.66666667 0.72413793 0.38461538 0.8        0.65116279 0.66666667
 0.9047619  0.76470588 0.6557377  0.58536585 0.91891892 0.85714286
 0.77777778 0.65217391 0.75       0.33333333 0.11111111 0.48
 0.46511628 0.97142857 0.7755102  0.82352941 0.79069767 0.875
 0.63157895 0.74285714 0.09090909 0.56       0.70588235 0.875
 0.66666667 0.52173913 0.37037037 0.90322581 0.87179487 0.66666667
 0.65116279 0.5        0.72222222 0.72727273 0.77777778 0.88235294
 0.71428571 0.90322581 0.7804878  0.72727273 0.68292683 0.83333333
 0.91428571 0.83870968 0.80769231 0.95238095 0.8125     0.68217054
 0.72222222 0.72       0.88235294 0.81818182 0.80645161 0.66666667
 0.90909091 0.65454545 0.6        0.64864865 0.89473684 0.32
 0.8        0.6122449  0.7        0.5        0.8372093  0.88
 0.33333333 0.7804878  0.73076923 0.84444444 0.17391304 0.7826087
 0.75675676 0.35294118 0.90196078 0.83333333 0.08695652 0.47619048
 0.76923077 0.6875     0.9382716  0.8        0.78947368 0.84210526
 0.67532468 0.75555556 0.41666667 0.76470588 0.91428571 0.71641791
 0.70588235 0.875      0.76923077 0.87804878 0.72       0.38095238
 0.93567251 0.26086957 0.76315789 0.72727273 0.62857143 0.7
 0.875      0.81818182 0.75675676 0.67741935 0.6        0.55555556
 0.81632653 0.82142857 0.32098765 0.8        0.72340426 0.73333333
 0.53846154 0.82608696 0.4        0.68571429 0.64705882 0.84745763
 0.63157895 0.75555556 0.66666667 0.9        0.33333333 0.8
 0.84848485 0.76923077 0.72340426 0.76595745 0.83333333 0.42105263
 0.80952381 0.89361702 0.75       0.60377358 0.11764706 0.96969697
 0.53571429 0.4        0.84444444 0.63333333 0.14814815 0.80952381
 0.78787879 0.69387755 0.         0.89361702 0.5        0.71794872
 0.54545455 0.53571429 0.89473684 0.75555556 0.48888889 0.81081081
 0.56       0.75555556 0.84       0.86956522 0.33333333 0.70175439
 0.41666667 0.84615385 0.85714286 0.91525424 0.90909091 0.8
 0.56603774 0.82758621 0.43478261 0.62222222 0.95238095 0.66666667
 0.         0.66666667 0.91891892 0.53333333 0.74626866 0.8125
 0.42857143 0.9047619  0.61016949 0.8630137  0.21428571 0.59375
 0.8        0.78787879 0.83870968 0.72727273 0.64285714 0.86021505
 0.64864865 0.84210526 0.64705882 0.64516129 0.51428571 0.68421053
 0.66666667 0.74285714 0.4137931  0.97560976 0.90229885 0.87272727
 0.80555556 0.625      0.6031746  0.66666667]
