mACC, mP, mR, mF1, ACC, P, R, F1
0.5817371202113606,0.5802565156366554,0.5367582151895033,0.5245319865750624
,[ 18  10  25   0  26   7   4  37   9  11  53  38  13  11   9  10   3   9
  18  16  15  19   6  16   1   0  15   4  13   0  11  14   0  17   9  20
  13   6   5  23  16   6  19   1   6  26   3  10   3   7  19   8  16   6
  14   2   0   3   0   3   9  17  20  22  18  16  10  17   0   6   1  23
  10  12   6  15  16  10   2   5  11  13  10   3   7   0  14  11  10  39
  16  33  18  20   7  36  13  17   6  17  22   0   0  17  39   8  14   0
  26  15   8   0  17  20   3  13   0   0   3  14  16  12  22  17   1   8
  25  18  37   0  13  33  27  11   0   7  23  24  10  14   9  15  16   3
 160   7  22  10   2  13  20  18  13  12   4   1   9  22   8   0  19  14
   5  20   0  17   9  28  12   0   6  17   3  10   9   0  12  18  15   5
  13  21   6  14   4  15  15   0  16  16   2  13  25  20   2   8   8  15
   2  15  16  10   9  16   0  14  11  19   7   4   0  23  17  24  12  14
   0  12   4  13  20  13   0   5  18  11  21   7   3  19  11  68   0  13
  19  14  16  15   0  38  15  17   8   9   7  12   8   4   0  20 157  13
  87  11  11  20]
,[0.75       0.71428571 0.83333333 0.         0.5        1.
 1.         0.64912281 0.9        0.73333333 0.77941176 0.86363636
 0.21311475 1.         0.52941176 0.83333333 0.3        0.81818182
 0.7826087  0.8        1.         0.79166667 0.85714286 0.88888889
 0.14285714 0.         0.83333333 0.66666667 0.68421053 0.
 0.28947368 0.66666667 0.         1.         0.47368421 0.8
 0.86666667 1.         0.17857143 0.79310345 0.57142857 0.3
 0.79166667 1.         0.46153846 0.72222222 0.42857143 0.18181818
 0.33333333 0.7        0.52777778 0.28571429 0.88888889 1.
 0.875      1.         0.         0.15789474 0.         0.15
 0.36       0.77272727 0.64516129 0.51162791 0.46153846 0.76190476
 0.47619048 0.51515152 0.         0.46153846 1.         0.92
 1.         0.35294118 0.31578947 1.         0.94117647 0.2
 0.07407407 0.83333333 0.78571429 0.33333333 0.52631579 0.5
 0.875      0.         0.56       0.91666667 0.34482759 0.54929577
 1.         0.57894737 1.         0.60606061 0.35       0.59016393
 0.68421053 0.94444444 0.66666667 0.77272727 0.81481481 0.
 0.         0.62962963 0.43333333 0.61538462 0.77777778 0.
 0.89655172 0.9375     0.88888889 0.         0.85       0.76923077
 0.75       1.         0.         0.         1.         0.56
 0.94117647 0.46153846 0.91666667 0.51515152 0.1        0.25
 0.5952381  0.36734694 0.67272727 0.         0.65       0.61111111
 0.35526316 0.91666667 0.         0.77777778 0.58974359 0.63157895
 0.90909091 0.77777778 0.9        0.9375     0.38095238 0.21428571
 0.74766355 0.7        0.84615385 0.25641026 0.5        0.46428571
 0.68965517 0.85714286 0.86666667 0.8        0.36363636 0.125
 0.81818182 0.73333333 0.19047619 0.         0.54285714 0.36842105
 0.41666667 0.90909091 0.         0.73913043 0.69230769 0.73684211
 0.85714286 0.         0.26086957 0.89473684 0.6        0.90909091
 0.64285714 0.         0.42857143 0.94736842 0.83333333 0.35714286
 0.5        1.         0.23076923 0.58333333 0.21052632 0.88235294
 0.36585366 0.         0.72727273 0.66666667 0.25       0.92857143
 0.83333333 0.54054054 0.125      0.88888889 0.66666667 0.6
 0.18181818 0.38461538 0.94117647 0.55555556 0.81818182 0.76190476
 0.         0.7        0.6875     0.9047619  0.28       0.25
 0.         0.88461538 0.94444444 0.85714286 0.8        0.875
 0.         0.92307692 0.14814815 0.92857143 0.95238095 0.86666667
 0.         0.83333333 0.6        0.6875     0.67741935 1.
 0.15       0.79166667 0.84615385 0.74725275 0.         0.43333333
 0.65517241 0.58333333 0.8        0.45454545 0.         0.84444444
 0.625      0.136      1.         0.81818182 0.36842105 0.57142857
 0.38095238 0.4        0.         0.90909091 0.70720721 0.86666667
 0.52095808 0.78571429 0.39285714 0.32786885]
,[0.9        0.5        0.80645161 0.         0.86666667 0.38888889
 0.18181818 0.78723404 0.42857143 0.57894737 0.94642857 0.86363636
 0.65       0.61111111 0.36       0.52631579 0.14285714 0.42857143
 0.72       0.94117647 0.51724138 0.95       0.27272727 0.69565217
 0.04347826 0.         0.75       0.18181818 0.61904762 0.
 0.61111111 0.66666667 0.         0.85       0.5        0.90909091
 0.54166667 0.27272727 0.29411765 0.92       0.88888889 0.33333333
 0.76       0.04       0.35294118 0.96296296 0.15789474 0.47619048
 0.13636364 0.35       0.82608696 0.47058824 0.94117647 0.25
 0.7        0.0952381  0.         0.15789474 0.         0.16666667
 0.42857143 1.         0.8        0.81481481 0.85714286 0.94117647
 0.58823529 0.77272727 0.         0.35294118 0.05       0.95833333
 0.5        0.52173913 0.35294118 0.88235294 0.84210526 0.55555556
 0.1        0.20833333 0.57894737 0.76470588 0.52631579 0.17647059
 0.30434783 0.         0.73684211 0.55       0.45454545 0.90697674
 0.84210526 0.80487805 0.7826087  0.95238095 0.38888889 0.63157895
 0.72222222 0.85       0.375      0.89473684 0.78571429 0.
 0.         0.85       0.72222222 0.44444444 0.77777778 0.
 0.8125     0.88235294 0.47058824 0.         0.70833333 0.83333333
 0.16666667 0.59090909 0.         0.         0.16666667 0.53846154
 0.94117647 0.57142857 0.95652174 0.89473684 0.04761905 0.16326531
 0.96153846 0.85714286 0.97368421 0.         0.68421053 0.86842105
 0.96428571 0.45833333 0.         0.36842105 0.71875    0.61538462
 0.55555556 0.77777778 0.375      0.68181818 0.61538462 0.17647059
 1.         0.41176471 0.53658537 0.28571429 0.0952381  0.56521739
 0.90909091 0.75       0.68421053 0.57142857 0.21052632 0.05
 0.42857143 0.73333333 0.19047619 0.         0.9047619  0.73684211
 0.27777778 0.95238095 0.         0.89473684 0.5        1.
 0.63157895 0.         0.35294118 0.85       0.13636364 0.58823529
 0.52941176 0.         0.6        0.9        0.9375     0.23809524
 0.65       0.875      0.3        0.82352941 0.19047619 0.88235294
 0.78947368 0.         0.66666667 0.69565217 0.08695652 0.56521739
 0.71428571 0.86956522 0.11111111 0.38095238 0.4        0.68181818
 0.0952381  0.75       0.94117647 0.5        0.47368421 1.
 0.         0.7        0.47826087 0.86363636 0.33333333 0.17391304
 0.         0.82142857 0.80952381 0.85714286 0.70588235 0.7
 0.         0.70588235 0.23529412 0.68421053 0.95238095 0.68421053
 0.         0.22727273 1.         0.55       0.7        0.36842105
 0.15789474 1.         0.47826087 0.94444444 0.         0.52
 0.82608696 0.7        0.88888889 0.75       0.         0.92682927
 0.78947368 0.89473684 0.44444444 0.47368421 0.36842105 0.57142857
 0.42105263 0.23529412 0.         1.         0.98125    0.54166667
 1.         0.57894737 0.52380952 0.90909091]
,[0.81818182 0.58823529 0.81967213 0.         0.63414634 0.56
 0.30769231 0.71153846 0.58064516 0.64705882 0.85483871 0.86363636
 0.32098765 0.75862069 0.42857143 0.64516129 0.19354839 0.5625
 0.75       0.86486486 0.68181818 0.86363636 0.4137931  0.7804878
 0.06666667 0.         0.78947368 0.28571429 0.65       0.
 0.39285714 0.66666667 0.         0.91891892 0.48648649 0.85106383
 0.66666667 0.42857143 0.22222222 0.85185185 0.69565217 0.31578947
 0.7755102  0.07692308 0.4        0.82539683 0.23076923 0.26315789
 0.19354839 0.46666667 0.6440678  0.35555556 0.91428571 0.4
 0.77777778 0.17391304 0.         0.15789474 0.         0.15789474
 0.39130435 0.87179487 0.71428571 0.62857143 0.6        0.84210526
 0.52631579 0.61818182 0.         0.4        0.0952381  0.93877551
 0.66666667 0.42105263 0.33333333 0.9375     0.88888889 0.29411765
 0.08510638 0.33333333 0.66666667 0.46428571 0.52631579 0.26086957
 0.4516129  0.         0.63636364 0.6875     0.39215686 0.68421053
 0.91428571 0.67346939 0.87804878 0.74074074 0.36842105 0.61016949
 0.7027027  0.89473684 0.48       0.82926829 0.8        0.
 0.         0.72340426 0.54166667 0.51612903 0.77777778 0.
 0.85245902 0.90909091 0.61538462 0.         0.77272727 0.8
 0.27272727 0.74285714 0.         0.         0.28571429 0.54901961
 0.94117647 0.5106383  0.93617021 0.65384615 0.06451613 0.19753086
 0.73529412 0.51428571 0.79569892 0.         0.66666667 0.7173913
 0.51923077 0.61111111 0.         0.5        0.64788732 0.62337662
 0.68965517 0.77777778 0.52941176 0.78947368 0.47058824 0.19354839
 0.85561497 0.51851852 0.65671642 0.27027027 0.16       0.50980392
 0.78431373 0.8        0.76470588 0.66666667 0.26666667 0.07142857
 0.5625     0.73333333 0.19047619 0.         0.67857143 0.49122807
 0.33333333 0.93023256 0.         0.80952381 0.58064516 0.84848485
 0.72727273 0.         0.3        0.87179487 0.22222222 0.71428571
 0.58064516 0.         0.5        0.92307692 0.88235294 0.28571429
 0.56521739 0.93333333 0.26086957 0.68292683 0.2        0.88235294
 0.5        0.         0.69565217 0.68085106 0.12903226 0.7027027
 0.76923077 0.66666667 0.11764706 0.53333333 0.5        0.63829787
 0.125      0.50847458 0.94117647 0.52631579 0.6        0.86486486
 0.         0.7        0.56410256 0.88372093 0.30434783 0.20512821
 0.         0.85185185 0.87179487 0.85714286 0.75       0.77777778
 0.         0.8        0.18181818 0.78787879 0.95238095 0.76470588
 0.         0.35714286 0.75       0.61111111 0.68852459 0.53846154
 0.15384615 0.88372093 0.61111111 0.83435583 0.         0.47272727
 0.73076923 0.63636364 0.84210526 0.56603774 0.         0.88372093
 0.69767442 0.23611111 0.61538462 0.6        0.36842105 0.57142857
 0.4        0.2962963  0.         0.95238095 0.82198953 0.66666667
 0.68503937 0.66666667 0.44897959 0.48192771]
