mACC, mP, mR, mF1, ACC, P, R, F1
0.6770145310435931,0.6812185812419389,0.6382611134632884,0.6353709504683027
,[ 13  17  25  15  22   3   7  37  11  13  49  40  15  12  21  12  11  13
  17  14  27  18  16  14   6   4  15  14  15   8   8  17   4  17  12  19
  15  14   1  19  15   5  16  17   8  24  11  15  17   6  15   4  16  19
  14   7  15  11   2   9   9  16  23  23  17  16  11  15   0   6  11  21
  11   5   5  12  17   5  12   5  12  14  15  15  17  14  15  13  11  41
  16  36  22  21  14  41  15  15   7  16  23  11  22  18  37  11  17   3
  25  13  13   8  19  20   6  16  19   8   3  16  15   9  23  13   7  23
  24  12  38  13  14  36  27  12   2   7  31  25  10   3  11  15  16   6
 158  10  26  21   9  14  21  17  11  18   8   1  20  21  27   9  17  13
   8  19   1   0  11  26   8  18  13  18   6  12  14  12   9  18  14   6
  19  22  14  14   3  15   9   9  19  18   9  17  25  11   4  18   6  16
   9  12  17   7   7  16   1  12  16  17  11  14   7  21  13  27  13  15
  19  12   5  13  19  16   3  10  15  11  24  13   8  18  15  68   3  14
  18   7  18  17   2  38  13  15  13  11   5  11  11   0   1  20 160  24
  87  12  10  18]
,[0.41935484 0.77272727 0.71428571 0.28301887 0.81481481 1.
 0.46666667 0.77083333 0.52380952 0.59090909 0.90740741 0.72727273
 0.78947368 0.8        0.72413793 0.85714286 0.28947368 0.48148148
 0.51515152 0.875      0.675      0.7826087  0.8        0.93333333
 0.85714286 0.21052632 0.42857143 0.58333333 0.625      0.42105263
 0.88888889 0.48571429 0.28571429 0.94444444 0.48       0.61290323
 0.83333333 0.60869565 0.11111111 0.79166667 0.46875    0.41666667
 0.64       0.62962963 0.57142857 0.88888889 0.52380952 0.44117647
 0.94444444 0.54545455 0.78947368 0.5        0.8        0.67857143
 0.7        0.77777778 0.46875    0.47826087 0.2        0.5625
 0.69230769 0.72727273 0.6969697  0.74193548 0.5862069  0.72727273
 1.         0.44117647 0.         0.66666667 0.64705882 0.84
 0.91666667 0.71428571 0.71428571 0.8        0.77272727 1.
 0.52173913 0.83333333 0.70588235 0.875      0.71428571 0.71428571
 0.29310345 0.93333333 0.625      0.86666667 0.6875     0.66129032
 0.88888889 1.         0.42307692 0.84       0.7        0.68333333
 0.625      0.9375     0.77777778 1.         0.54761905 0.73333333
 0.70967742 0.69230769 0.64912281 0.44       0.70833333 1.
 0.86206897 0.86666667 1.         1.         1.         0.86956522
 0.6        0.94117647 0.52777778 0.47058824 0.6        0.88888889
 0.65217391 0.75       0.92       0.68421053 0.26923077 0.4893617
 0.82758621 0.54545455 0.82608696 0.8125     0.58333333 0.76595745
 0.72972973 0.66666667 0.5        0.7        0.67391304 0.64102564
 0.66666667 0.75       0.91666667 0.88235294 0.64       0.35294118
 0.94610778 0.5        0.56521739 0.56756757 0.9        0.93333333
 0.95454545 0.94444444 0.84615385 0.69230769 0.53333333 1.
 0.8        0.875      0.31034483 0.75       0.65384615 0.92857143
 0.27586207 0.82608696 0.25       0.         0.61111111 0.61904762
 0.72727273 0.66666667 0.61904762 0.85714286 0.31578947 1.
 0.82352941 0.5        0.9        0.64285714 0.875      0.21428571
 0.41304348 1.         0.82352941 0.46666667 0.3        0.9375
 0.69230769 0.52941176 0.76       0.69230769 0.5625     0.89473684
 0.83333333 0.57894737 0.4        0.9        0.75       0.76190476
 0.5625     0.70588235 1.         0.875      0.5        0.84210526
 0.33333333 0.8        0.88888889 0.94444444 0.32352941 0.4516129
 0.5        1.         0.86666667 0.69230769 0.92857143 0.9375
 0.67857143 0.92307692 0.2        0.72222222 0.7037037  0.61538462
 0.5        0.66666667 0.65217391 0.84615385 0.8        0.72222222
 0.72727273 0.94736842 0.75       0.7816092  0.125      0.63636364
 0.64285714 0.7        0.72       0.70833333 0.2        0.92682927
 0.65       1.         0.86666667 0.91666667 0.33333333 0.57894737
 0.6875     0.         0.03703704 0.95238095 0.8        0.92307692
 0.89690722 1.         0.45454545 0.47368421]
,[0.65       0.85       0.80645161 0.57692308 0.73333333 0.16666667
 0.31818182 0.78723404 0.52380952 0.68421053 0.875      0.90909091
 0.75       0.66666667 0.84       0.63157895 0.52380952 0.61904762
 0.68       0.82352941 0.93103448 0.9        0.72727273 0.60869565
 0.26086957 0.18181818 0.75       0.63636364 0.71428571 0.38095238
 0.44444444 0.80952381 0.19047619 0.85       0.66666667 0.86363636
 0.625      0.63636364 0.05882353 0.76       0.83333333 0.27777778
 0.64       0.68       0.47058824 0.88888889 0.57894737 0.71428571
 0.77272727 0.3        0.65217391 0.23529412 0.94117647 0.79166667
 0.7        0.33333333 0.68181818 0.57894737 0.11764706 0.5
 0.42857143 0.94117647 0.92       0.85185185 0.80952381 0.94117647
 0.64705882 0.68181818 0.         0.35294118 0.55       0.875
 0.55       0.2173913  0.29411765 0.70588235 0.89473684 0.27777778
 0.6        0.20833333 0.63157895 0.82352941 0.78947368 0.88235294
 0.73913043 0.875      0.78947368 0.65       0.5        0.95348837
 0.84210526 0.87804878 0.95652174 1.         0.77777778 0.71929825
 0.83333333 0.75       0.4375     0.84210526 0.82142857 0.61111111
 0.95652174 0.9        0.68518519 0.61111111 0.94444444 0.17647059
 0.78125    0.76470588 0.76470588 0.47058824 0.79166667 0.83333333
 0.33333333 0.72727273 0.76       0.36363636 0.16666667 0.61538462
 0.88235294 0.42857143 1.         0.68421053 0.33333333 0.46938776
 0.92307692 0.57142857 1.         0.68421053 0.73684211 0.94736842
 0.96428571 0.5        0.10526316 0.36842105 0.96875    0.64102564
 0.55555556 0.16666667 0.45833333 0.68181818 0.61538462 0.35294118
 0.9875     0.58823529 0.63414634 0.6        0.42857143 0.60869565
 0.95454545 0.70833333 0.57894737 0.85714286 0.42105263 0.05
 0.95238095 0.7        0.64285714 0.52941176 0.80952381 0.68421053
 0.44444444 0.9047619  0.05555556 0.         0.61111111 0.92857143
 0.42105263 0.85714286 0.76470588 0.9        0.27272727 0.70588235
 0.82352941 0.54545455 0.45       0.9        0.875      0.28571429
 0.95       0.91666667 0.7        0.82352941 0.14285714 0.88235294
 0.47368421 0.5        0.79166667 0.7826087  0.39130435 0.73913043
 0.71428571 0.47826087 0.22222222 0.85714286 0.3        0.72727273
 0.42857143 0.6        1.         0.35       0.36842105 1.
 0.05555556 0.6        0.69565217 0.77272727 0.52380952 0.60869565
 0.36842105 0.75       0.61904762 0.96428571 0.76470588 0.75
 0.9047619  0.70588235 0.29411765 0.68421053 0.9047619  0.84210526
 0.1875     0.45454545 0.83333333 0.55       0.8        0.68421053
 0.42105263 0.94736842 0.65217391 0.94444444 0.15       0.56
 0.7826087  0.35       1.         0.85       0.11764706 0.92682927
 0.68421053 0.78947368 0.72222222 0.57894737 0.26315789 0.52380952
 0.57894737 0.         0.05       1.         1.         1.
 1.         0.63157895 0.47619048 0.81818182]
,[0.50980392 0.80952381 0.75757576 0.37974684 0.77192982 0.28571429
 0.37837838 0.77894737 0.52380952 0.63414634 0.89090909 0.80808081
 0.76923077 0.72727273 0.77777778 0.72727273 0.37288136 0.54166667
 0.5862069  0.84848485 0.7826087  0.8372093  0.76190476 0.73684211
 0.4        0.19512195 0.54545455 0.60869565 0.66666667 0.4
 0.59259259 0.60714286 0.22857143 0.89473684 0.55813953 0.71698113
 0.71428571 0.62222222 0.07692308 0.7755102  0.6        0.33333333
 0.64       0.65384615 0.51612903 0.88888889 0.55       0.54545455
 0.85       0.38709677 0.71428571 0.32       0.86486486 0.73076923
 0.7        0.46666667 0.55555556 0.52380952 0.14814815 0.52941176
 0.52941176 0.82051282 0.79310345 0.79310345 0.68       0.82051282
 0.78571429 0.53571429 0.         0.46153846 0.59459459 0.85714286
 0.6875     0.33333333 0.41666667 0.75       0.82926829 0.43478261
 0.55813953 0.33333333 0.66666667 0.84848485 0.75       0.78947368
 0.41975309 0.90322581 0.69767442 0.74285714 0.57894737 0.78095238
 0.86486486 0.93506494 0.58666667 0.91304348 0.73684211 0.7008547
 0.71428571 0.83333333 0.56       0.91428571 0.65714286 0.66666667
 0.81481481 0.7826087  0.66666667 0.51162791 0.80952381 0.3
 0.81967213 0.8125     0.86666667 0.64       0.88372093 0.85106383
 0.42857143 0.82051282 0.62295082 0.41025641 0.26086957 0.72727273
 0.75       0.54545455 0.95833333 0.68421053 0.29787234 0.47916667
 0.87272727 0.55813953 0.9047619  0.74285714 0.65116279 0.84705882
 0.83076923 0.57142857 0.17391304 0.48275862 0.79487179 0.64102564
 0.60606061 0.27272727 0.61111111 0.76923077 0.62745098 0.35294118
 0.96636086 0.54054054 0.59770115 0.58333333 0.58064516 0.73684211
 0.95454545 0.80952381 0.6875     0.76595745 0.47058824 0.0952381
 0.86956522 0.77777778 0.41860465 0.62068966 0.72340426 0.78787879
 0.34042553 0.86363636 0.09090909 0.         0.61111111 0.74285714
 0.53333333 0.75       0.68421053 0.87804878 0.29268293 0.82758621
 0.82352941 0.52173913 0.6        0.75       0.875      0.24489796
 0.57575758 0.95652174 0.75675676 0.59574468 0.19354839 0.90909091
 0.5625     0.51428571 0.7755102  0.73469388 0.46153846 0.80952381
 0.76923077 0.52380952 0.28571429 0.87804878 0.42857143 0.74418605
 0.48648649 0.64864865 1.         0.5        0.42424242 0.91428571
 0.0952381  0.68571429 0.7804878  0.85       0.4        0.51851852
 0.42424242 0.85714286 0.72222222 0.80597015 0.83870968 0.83333333
 0.7755102  0.8        0.23809524 0.7027027  0.79166667 0.71111111
 0.27272727 0.54054054 0.73170732 0.66666667 0.8        0.7027027
 0.53333333 0.94736842 0.69767442 0.85534591 0.13636364 0.59574468
 0.70588235 0.46666667 0.8372093  0.77272727 0.14814815 0.92682927
 0.66666667 0.88235294 0.78787879 0.70967742 0.29411765 0.55
 0.62857143 0.         0.04255319 0.97560976 0.88888889 0.96
 0.94565217 0.77419355 0.46511628 0.6       ]
