mACC, mP, mR, mF1, ACC, P, R, F1
0.5213011889035667,0.4972716549046855,0.4588724309883602,0.4419359073674321
,[ 15  13  25   7  25   0   4  28  11  13  53  35   0  14  15   4   4  12
   9  10  25  15   1   2   4   0   4   0   3   0   8  10   9  18   7   7
   7   2   0  20   1   4  17   8   1  25   8  14   4  10  20  10   2  20
   5   2  16  10   0   2   1  15  17  24   9  13   7  15   1   1   0  20
   1   0   3  11  17   6   7   2  12   7   2   4   0  12  15  13  16  40
   8  38  12  18   0  45  13   5  10  19  23   1  19   0  48   2  16   5
  13  14  10   8  16  17   0  15   0   2   2  10  14   0  23   5   6  20
  21   9  38  15  13  30  26   9   0  12  26  28   2   8   9  15  20   1
 160   0  24  14   0   8   2  15  11   6   6   0  18  21   8   2  10   8
   7  19   2  16   0  26   7   1   0   5   2  11   5  14   7  18   9   2
   7  23   3   9   0  16   3  11  15  16   1   0  23  10   0  17   8   6
   5   3  17   9   0  16   8  11  18  17   0  13   5  21  15  26   0  18
  12  13   1   3  21   0   3  17   7   1  19   5   5  19  10  67   4  10
  16   1  17  17   8  40   0   5   8   0   0  12   1   1   5  20 160  24
  87   8  10  18]
,[0.45454545 0.72222222 0.53191489 0.17948718 0.55555556 0.
 0.33333333 0.44444444 0.6875     0.76470588 0.54081633 0.7
 0.         0.66666667 0.5        0.57142857 0.4        0.6
 1.         0.43478261 0.26595745 0.48387097 0.11111111 0.66666667
 0.19047619 0.         0.8        0.         0.27272727 0.
 0.53333333 0.47619048 0.52941176 0.94736842 0.58333333 1.
 1.         0.66666667 0.         0.8        0.125      0.57142857
 0.65384615 0.26666667 0.06666667 0.46296296 0.66666667 0.35
 0.44444444 0.45454545 0.55555556 0.58823529 0.2        0.625
 0.83333333 0.4        0.47058824 0.58823529 0.         0.28571429
 1.         0.83333333 0.60714286 0.8        0.47368421 0.86666667
 0.875      0.625      0.33333333 0.11111111 0.         0.90909091
 0.5        0.         0.375      0.91666667 0.5862069  0.3
 0.41176471 0.5        0.48       0.28       0.33333333 0.14814815
 0.         0.66666667 0.625      0.65       0.4        0.53333333
 0.88888889 0.39175258 0.85714286 0.7826087  0.         0.41284404
 0.8125     0.83333333 0.5        0.7037037  0.29487179 0.0625
 0.79166667 0.         0.2962963  0.5        0.66666667 0.26315789
 0.28888889 0.875      0.71428571 0.66666667 1.         0.85
 0.         0.65217391 0.         0.66666667 0.14285714 0.83333333
 0.60869565 0.         0.92       0.71428571 0.12765957 0.29850746
 0.525      0.6        0.7037037  0.40540541 0.76470588 0.625
 0.45614035 0.34615385 0.         1.         0.46428571 0.25925926
 0.2        0.32       0.69230769 0.88235294 0.39215686 0.125
 0.81218274 0.         0.45283019 0.63636364 0.         0.57142857
 1.         0.88235294 0.52380952 0.42857143 0.66666667 0.
 0.52941176 0.67741935 0.22857143 0.08695652 0.83333333 0.47058824
 0.38888889 0.79166667 0.14285714 0.66666667 0.         0.83870968
 0.4375     0.05555556 0.         0.71428571 0.5        0.91666667
 0.33333333 0.35897436 0.77777778 0.94736842 0.9        0.5
 1.         0.76666667 0.42857143 0.9        0.         0.69565217
 0.6        0.47826087 0.78947368 0.59259259 0.03703704 0.
 0.56097561 0.43478261 0.         0.80952381 0.5        0.42857143
 0.41666667 0.75       0.73913043 0.64285714 0.         0.5
 0.30769231 0.84615385 0.7826087  0.89473684 0.         0.72222222
 0.625      0.55263158 0.83333333 0.92857143 0.         0.62068966
 0.66666667 1.         0.5        0.75       0.75       0.
 0.75       0.53125    0.58333333 0.14285714 0.33928571 0.19230769
 0.29411765 0.79166667 0.35714286 0.5037594  0.08163265 0.58823529
 0.8        0.1        0.73913043 0.53125    0.66666667 0.54054054
 0.         0.71428571 0.38095238 0.         0.         0.63157895
 0.16666667 0.2        0.33333333 0.86956522 0.7079646  0.85714286
 0.7699115  0.88888889 0.45454545 0.52941176]
,[0.75       0.65       0.80645161 0.26923077 0.83333333 0.
 0.18181818 0.59574468 0.52380952 0.68421053 0.94642857 0.79545455
 0.         0.77777778 0.6        0.21052632 0.19047619 0.57142857
 0.36       0.58823529 0.86206897 0.75       0.04545455 0.08695652
 0.17391304 0.         0.2        0.         0.14285714 0.
 0.44444444 0.47619048 0.42857143 0.9        0.38888889 0.31818182
 0.29166667 0.09090909 0.         0.8        0.05555556 0.22222222
 0.68       0.32       0.05882353 0.92592593 0.42105263 0.66666667
 0.18181818 0.5        0.86956522 0.58823529 0.11764706 0.83333333
 0.25       0.0952381  0.72727273 0.52631579 0.         0.11111111
 0.04761905 0.88235294 0.68       0.88888889 0.42857143 0.76470588
 0.41176471 0.68181818 0.05       0.05882353 0.         0.83333333
 0.05       0.         0.17647059 0.64705882 0.89473684 0.33333333
 0.35       0.08333333 0.63157895 0.41176471 0.10526316 0.23529412
 0.         0.75       0.78947368 0.65       0.72727273 0.93023256
 0.42105263 0.92682927 0.52173913 0.85714286 0.         0.78947368
 0.72222222 0.25       0.625      1.         0.82142857 0.05555556
 0.82608696 0.         0.88888889 0.11111111 0.88888889 0.29411765
 0.40625    0.82352941 0.58823529 0.47058824 0.66666667 0.70833333
 0.         0.68181818 0.         0.09090909 0.11111111 0.38461538
 0.82352941 0.         1.         0.26315789 0.28571429 0.40816327
 0.80769231 0.42857143 1.         0.78947368 0.68421053 0.78947368
 0.92857143 0.375      0.         0.63157895 0.8125     0.71794872
 0.11111111 0.44444444 0.375      0.68181818 0.76923077 0.05882353
 1.         0.         0.58536585 0.4        0.         0.34782609
 0.09090909 0.625      0.57894737 0.28571429 0.31578947 0.
 0.85714286 0.7        0.19047619 0.11764706 0.47619048 0.42105263
 0.38888889 0.9047619  0.11111111 0.84210526 0.         0.92857143
 0.36842105 0.04761905 0.         0.25       0.09090909 0.64705882
 0.29411765 0.63636364 0.35       0.9        0.5625     0.0952381
 0.35       0.95833333 0.15       0.52941176 0.         0.94117647
 0.15789474 0.61111111 0.625      0.69565217 0.04347826 0.
 0.65714286 0.43478261 0.         0.80952381 0.4        0.27272727
 0.23809524 0.15       1.         0.45       0.         1.
 0.44444444 0.55       0.7826087  0.77272727 0.         0.56521739
 0.26315789 0.75       0.71428571 0.92857143 0.         0.9
 0.57142857 0.76470588 0.05882353 0.15789474 1.         0.
 0.1875     0.77272727 0.38888889 0.05       0.63333333 0.26315789
 0.26315789 1.         0.43478261 0.93055556 0.2        0.4
 0.69565217 0.05       0.94444444 0.85       0.47058824 0.97560976
 0.         0.26315789 0.44444444 0.         0.         0.57142857
 0.05263158 0.05882353 0.25       1.         1.         1.
 1.         0.42105263 0.47619048 0.81818182]
,[0.56603774 0.68421053 0.64102564 0.21538462 0.66666667 0.
 0.23529412 0.50909091 0.59459459 0.72222222 0.68831169 0.74468085
 0.         0.71794872 0.54545455 0.30769231 0.25806452 0.58536585
 0.52941176 0.5        0.40650407 0.58823529 0.06451613 0.15384615
 0.18181818 0.         0.32       0.         0.1875     0.
 0.48484848 0.47619048 0.47368421 0.92307692 0.46666667 0.48275862
 0.4516129  0.16       0.         0.8        0.07692308 0.32
 0.66666667 0.29090909 0.0625     0.61728395 0.51612903 0.45901639
 0.25806452 0.47619048 0.6779661  0.58823529 0.14814815 0.71428571
 0.38461538 0.15384615 0.57142857 0.55555556 0.         0.16
 0.09090909 0.85714286 0.64150943 0.84210526 0.45       0.8125
 0.56       0.65217391 0.08695652 0.07692308 0.         0.86956522
 0.09090909 0.         0.24       0.75862069 0.70833333 0.31578947
 0.37837838 0.14285714 0.54545455 0.33333333 0.16       0.18181818
 0.         0.70588235 0.69767442 0.65       0.51612903 0.6779661
 0.57142857 0.55072464 0.64864865 0.81818182 0.         0.54216867
 0.76470588 0.38461538 0.55555556 0.82608696 0.43396226 0.05882353
 0.80851064 0.         0.44444444 0.18181818 0.76190476 0.27777778
 0.33766234 0.84848485 0.64516129 0.55172414 0.8        0.77272727
 0.         0.66666667 0.         0.16       0.125      0.52631579
 0.7        0.         0.95833333 0.38461538 0.17647059 0.34482759
 0.63636364 0.5        0.82608696 0.53571429 0.72222222 0.69767442
 0.61176471 0.36       0.         0.77419355 0.59090909 0.38095238
 0.14285714 0.37209302 0.48648649 0.76923077 0.51948052 0.08
 0.89635854 0.         0.5106383  0.49122807 0.         0.43243243
 0.16666667 0.73170732 0.55       0.34285714 0.42857143 0.
 0.65454545 0.68852459 0.20779221 0.1        0.60606061 0.44444444
 0.38888889 0.84444444 0.125      0.74418605 0.         0.88135593
 0.4        0.05128205 0.         0.37037037 0.15384615 0.75862069
 0.3125     0.45901639 0.48275862 0.92307692 0.69230769 0.16
 0.51851852 0.85185185 0.22222222 0.66666667 0.         0.8
 0.25       0.53658537 0.69767442 0.64       0.04       0.
 0.60526316 0.43478261 0.         0.80952381 0.44444444 0.33333333
 0.3030303  0.25       0.85       0.52941176 0.         0.66666667
 0.36363636 0.66666667 0.7826087  0.82926829 0.         0.63414634
 0.37037037 0.63636364 0.76923077 0.92857143 0.         0.73469388
 0.61538462 0.86666667 0.10526316 0.26086957 0.85714286 0.
 0.3        0.62962963 0.46666667 0.07407407 0.44186047 0.22222222
 0.27777778 0.88372093 0.39215686 0.65365854 0.11594203 0.47619048
 0.74418605 0.06666667 0.82926829 0.65384615 0.55172414 0.69565217
 0.         0.38461538 0.41025641 0.         0.         0.6
 0.08       0.09090909 0.28571429 0.93023256 0.82901554 0.92307692
 0.87       0.57142857 0.46511628 0.64285714]
