mACC, mP, mR, mF1, ACC, P, R, F1
0.603,0.6301610035401909,0.6029999999999999,0.5869826390643396
,[ 4  9 14 12 11  9 15 11 11 18  0 12 13 17 15 15 17 13 13 12 11 15  9  0
 15 11 17 15 16 13 18 11 14 20  2 18 13  4 15 12 19 14 14  6 14 13  9 15
 14 14 15 14 14 12  9  0 19 19  5 11 14 19 15  4  9  5  3 14  0 14 16  9
 10 17 14 19 13 14  2 18  8 19 11 11  2 16 13 18 13 15 19  5  1 10  7 14
 16 16 12 11]
,[0.23529412 0.75       0.82352941 0.42857143 0.6875     0.6
 0.75       0.52380952 0.6875     0.85714286 0.         0.5
 0.86666667 0.70833333 0.36585366 0.27272727 0.77272727 0.39393939
 0.65       0.66666667 0.91666667 0.68181818 0.69230769 0.
 0.75       0.84615385 1.         0.9375     0.61538462 0.52
 0.75       0.52380952 0.35897436 0.52631579 0.66666667 0.85714286
 0.56521739 0.8        0.44117647 0.34285714 0.65517241 0.58333333
 0.41176471 0.66666667 0.51851852 0.68421053 1.         0.71428571
 0.73684211 0.875      0.9375     0.7        0.58333333 0.57142857
 0.81818182 0.         0.33928571 0.54285714 0.83333333 0.73333333
 0.42424242 0.9047619  1.         0.23529412 0.75       0.5
 0.21428571 0.53846154 0.         0.77777778 0.94117647 0.9
 0.3125     0.80952381 0.875      0.82608696 0.25       0.53846154
 0.33333333 0.69230769 0.66666667 0.86363636 0.73333333 0.64705882
 0.5        0.35555556 0.8125     0.69230769 0.68421053 0.46875
 0.95       0.71428571 0.33333333 0.43478261 1.         0.82352941
 0.88888889 0.84210526 0.85714286 0.6875    ]
,[0.2  0.45 0.7  0.6  0.55 0.45 0.75 0.55 0.55 0.9  0.   0.6  0.65 0.85
 0.75 0.75 0.85 0.65 0.65 0.6  0.55 0.75 0.45 0.   0.75 0.55 0.85 0.75
 0.8  0.65 0.9  0.55 0.7  1.   0.1  0.9  0.65 0.2  0.75 0.6  0.95 0.7
 0.7  0.3  0.7  0.65 0.45 0.75 0.7  0.7  0.75 0.7  0.7  0.6  0.45 0.
 0.95 0.95 0.25 0.55 0.7  0.95 0.75 0.2  0.45 0.25 0.15 0.7  0.   0.7
 0.8  0.45 0.5  0.85 0.7  0.95 0.65 0.7  0.1  0.9  0.4  0.95 0.55 0.55
 0.1  0.8  0.65 0.9  0.65 0.75 0.95 0.25 0.05 0.5  0.35 0.7  0.8  0.8
 0.6  0.55]
,[0.21621622 0.5625     0.75675676 0.5        0.61111111 0.51428571
 0.75       0.53658537 0.61111111 0.87804878 0.         0.54545455
 0.74285714 0.77272727 0.49180328 0.4        0.80952381 0.49056604
 0.65       0.63157895 0.6875     0.71428571 0.54545455 0.
 0.75       0.66666667 0.91891892 0.83333333 0.69565217 0.57777778
 0.81818182 0.53658537 0.47457627 0.68965517 0.17391304 0.87804878
 0.60465116 0.32       0.55555556 0.43636364 0.7755102  0.63636364
 0.51851852 0.4137931  0.59574468 0.66666667 0.62068966 0.73170732
 0.71794872 0.77777778 0.83333333 0.7        0.63636364 0.58536585
 0.58064516 0.         0.5        0.69090909 0.38461538 0.62857143
 0.52830189 0.92682927 0.85714286 0.21621622 0.5625     0.33333333
 0.17647059 0.60869565 0.         0.73684211 0.86486486 0.6
 0.38461538 0.82926829 0.77777778 0.88372093 0.36111111 0.60869565
 0.15384615 0.7826087  0.5        0.9047619  0.62857143 0.59459459
 0.16666667 0.49230769 0.72222222 0.7826087  0.66666667 0.57692308
 0.95       0.37037037 0.08695652 0.46511628 0.51851852 0.75675676
 0.84210526 0.82051282 0.70588235 0.61111111]
