mACC, mP, mR, mF1, ACC, P, R, F1
0.559,0.6033296637232106,0.5589999999999999,0.5524896268947266
,[ 4 11 12  9 12  5 15 10 15 15  3  7 11 16  9  4  8  9  8  7 17 13 11  5
 12  9 18 18 13 13  9  9 16 17  1 17 13  5 12 14  8  9  7  8  6 16  4 14
 12 14 15 20 17 14 12 11 17 15  9 13  6 17 12 10 12  4  5  6  1 12 16 11
  3 16 10 19  4 12  7 14  3 20 17 16  0  9 15 19 13 16 20 13  3  6 10 15
 14 13 13 13]
,[0.16       0.6875     0.8        0.27272727 0.70588235 0.55555556
 0.53571429 0.45454545 0.36585366 0.9375     0.33333333 0.7
 0.73333333 0.43243243 0.69230769 0.08695652 0.8        0.64285714
 0.8        0.53846154 0.80952381 0.72222222 0.91666667 0.55555556
 0.54545455 0.6        0.81818182 0.48648649 0.72222222 0.76470588
 0.9        0.5625     0.24615385 0.89473684 0.2        0.89473684
 0.76470588 0.33333333 0.6        0.66666667 0.30769231 0.42857143
 0.875      0.61538462 0.46153846 0.51612903 1.         0.7
 0.8        0.7        0.88235294 0.32258065 0.60714286 0.63636364
 0.85714286 0.30555556 0.38636364 0.46875    0.6        0.5
 0.33333333 0.89473684 1.         0.35714286 0.66666667 0.44444444
 0.35714286 0.46153846 0.5        0.63157895 0.55172414 0.84615385
 0.1875     0.94117647 0.71428571 0.54285714 0.25       0.70588235
 0.63636364 0.48275862 0.33333333 0.86956522 0.56666667 0.37209302
 0.         0.6        0.71428571 0.67857143 0.65       0.69565217
 0.95238095 0.54166667 0.5        0.75       0.625      0.71428571
 0.875      0.86666667 0.72222222 0.59090909]
,[0.2  0.55 0.6  0.45 0.6  0.25 0.75 0.5  0.75 0.75 0.15 0.35 0.55 0.8
 0.45 0.2  0.4  0.45 0.4  0.35 0.85 0.65 0.55 0.25 0.6  0.45 0.9  0.9
 0.65 0.65 0.45 0.45 0.8  0.85 0.05 0.85 0.65 0.25 0.6  0.7  0.4  0.45
 0.35 0.4  0.3  0.8  0.2  0.7  0.6  0.7  0.75 1.   0.85 0.7  0.6  0.55
 0.85 0.75 0.45 0.65 0.3  0.85 0.6  0.5  0.6  0.2  0.25 0.3  0.05 0.6
 0.8  0.55 0.15 0.8  0.5  0.95 0.2  0.6  0.35 0.7  0.15 1.   0.85 0.8
 0.   0.45 0.75 0.95 0.65 0.8  1.   0.65 0.15 0.3  0.5  0.75 0.7  0.65
 0.65 0.65]
,[0.17777778 0.61111111 0.68571429 0.33962264 0.64864865 0.34482759
 0.625      0.47619048 0.49180328 0.83333333 0.20689655 0.46666667
 0.62857143 0.56140351 0.54545455 0.12121212 0.53333333 0.52941176
 0.53333333 0.42424242 0.82926829 0.68421053 0.6875     0.34482759
 0.57142857 0.51428571 0.85714286 0.63157895 0.68421053 0.7027027
 0.6        0.5        0.37647059 0.87179487 0.08       0.87179487
 0.7027027  0.28571429 0.6        0.68292683 0.34782609 0.43902439
 0.5        0.48484848 0.36363636 0.62745098 0.33333333 0.7
 0.68571429 0.7        0.81081081 0.48780488 0.70833333 0.66666667
 0.70588235 0.39285714 0.53125    0.57692308 0.51428571 0.56521739
 0.31578947 0.87179487 0.75       0.41666667 0.63157895 0.27586207
 0.29411765 0.36363636 0.09090909 0.61538462 0.65306122 0.66666667
 0.16666667 0.86486486 0.58823529 0.69090909 0.22222222 0.64864865
 0.4516129  0.57142857 0.20689655 0.93023256 0.68       0.50793651
 0.         0.51428571 0.73170732 0.79166667 0.65       0.74418605
 0.97560976 0.59090909 0.23076923 0.42857143 0.55555556 0.73170732
 0.77777778 0.74285714 0.68421053 0.61904762]
