mACC, mP, mR, mF1, ACC, P, R, F1
0.588,0.6292449674509887,0.5880000000000001,0.5852907020313701
,[ 8  7 15 15 10 11  7 10 13 16 13 11 14 15  5 11 13  7 11  7 11 15 12  4
 12 12 15 14 16 11 14 13 14 17 10 18 12  4 11 13 17 10 12 13 11 15 12 13
  8 17 14 14 12 15  2  0 14 11 11  6 13 18 18  2 13  8  3  9 10 11 18 11
  4 17 15 17 11 16  5 18 13 19 16 14  4 12 12 18 14 10 12  5  3  6  9 13
 19 16 18 12]
,[0.16666667 0.875      0.88235294 0.68181818 0.625      0.5
 0.63636364 0.58823529 0.44827586 0.66666667 0.56521739 0.84615385
 0.37837838 0.51724138 0.22727273 0.42307692 0.68421053 0.58333333
 0.61111111 0.7        0.52380952 0.65217391 0.85714286 0.5
 0.75       0.8        0.9375     0.73684211 0.88888889 0.84615385
 0.82352941 0.27083333 0.4375     0.89473684 0.625      0.9
 0.42857143 0.26666667 0.55       0.61904762 0.70833333 0.66666667
 0.70588235 0.39393939 0.42307692 0.68181818 0.66666667 0.72222222
 0.72727273 0.68       0.82352941 0.66666667 0.92307692 0.5
 0.13333333 0.         0.66666667 0.84615385 0.73333333 0.75
 0.44827586 0.62068966 0.94736842 0.25       0.86666667 0.26666667
 0.25       0.23684211 0.47619048 0.55       0.81818182 0.78571429
 0.44444444 0.94444444 0.57692308 0.85       0.21153846 0.53333333
 0.5        0.66666667 0.61904762 0.79166667 0.64       0.60869565
 0.66666667 0.6        1.         0.66666667 0.58333333 0.90909091
 0.85714286 1.         0.2        0.75       0.9        1.
 0.51351351 0.76190476 0.52941176 0.75      ]
,[0.4  0.35 0.75 0.75 0.5  0.55 0.35 0.5  0.65 0.8  0.65 0.55 0.7  0.75
 0.25 0.55 0.65 0.35 0.55 0.35 0.55 0.75 0.6  0.2  0.6  0.6  0.75 0.7
 0.8  0.55 0.7  0.65 0.7  0.85 0.5  0.9  0.6  0.2  0.55 0.65 0.85 0.5
 0.6  0.65 0.55 0.75 0.6  0.65 0.4  0.85 0.7  0.7  0.6  0.75 0.1  0.
 0.7  0.55 0.55 0.3  0.65 0.9  0.9  0.1  0.65 0.4  0.15 0.45 0.5  0.55
 0.9  0.55 0.2  0.85 0.75 0.85 0.55 0.8  0.25 0.9  0.65 0.95 0.8  0.7
 0.2  0.6  0.6  0.9  0.7  0.5  0.6  0.25 0.15 0.3  0.45 0.65 0.95 0.8
 0.9  0.6 ]
,[0.23529412 0.5        0.81081081 0.71428571 0.55555556 0.52380952
 0.4516129  0.54054054 0.53061224 0.72727273 0.60465116 0.66666667
 0.49122807 0.6122449  0.23809524 0.47826087 0.66666667 0.4375
 0.57894737 0.46666667 0.53658537 0.69767442 0.70588235 0.28571429
 0.66666667 0.68571429 0.83333333 0.71794872 0.84210526 0.66666667
 0.75675676 0.38235294 0.53846154 0.87179487 0.55555556 0.9
 0.5        0.22857143 0.55       0.63414634 0.77272727 0.57142857
 0.64864865 0.49056604 0.47826087 0.71428571 0.63157895 0.68421053
 0.51612903 0.75555556 0.75675676 0.68292683 0.72727273 0.6
 0.11428571 0.         0.68292683 0.66666667 0.62857143 0.42857143
 0.53061224 0.73469388 0.92307692 0.14285714 0.74285714 0.32
 0.1875     0.31034483 0.48780488 0.55       0.85714286 0.64705882
 0.27586207 0.89473684 0.65217391 0.85       0.30555556 0.64
 0.33333333 0.76595745 0.63414634 0.86363636 0.71111111 0.65116279
 0.30769231 0.6        0.75       0.76595745 0.63636364 0.64516129
 0.70588235 0.4        0.17142857 0.42857143 0.6        0.78787879
 0.66666667 0.7804878  0.66666667 0.66666667]
