mACC, mP, mR, mF1, ACC, P, R, F1
0.4105,0.4143319859577403,0.4105,0.38235160476968977
,[ 2 11  3  6  2  0  2  5  0 15  0  1 15  0  5  0 17 14  2 10  0 10  1  7
  7 11 15 13  6  9  4 11  2  1  9 14 11  0 12 15 10  5 12 10  8 10  9  7
  0 14 11  9 16  5  8 14  8 17 11 12 11 15 14  0  2  9  3  6  0  2 13 11
  7 16  9 15  0  3  0 16  8 16  4  5  1  4 14 18 14 14 18 13  1  4  9 16
 17 15 13  1]
,[0.06666667 0.61111111 0.5        0.25       0.66666667 0.
 0.4        0.5        0.         0.71428571 0.         0.07142857
 0.3125     0.         0.23809524 0.         0.34       0.46666667
 0.66666667 0.35714286 0.         0.71428571 0.125      0.38888889
 0.53846154 0.36666667 0.75       0.56521739 0.75       0.64285714
 0.57142857 0.42307692 0.08333333 0.2        0.27272727 0.58333333
 0.42307692 0.         0.5        0.51724138 0.83333333 0.41666667
 0.63157895 0.34482759 0.27586207 0.625      0.52941176 0.875
 0.         0.58333333 0.47826087 0.81818182 0.3902439  0.45454545
 0.27586207 0.28       0.32       0.73913043 0.31428571 0.48
 0.40740741 0.9375     0.82352941 0.         0.5        0.31034483
 0.3        0.13333333 0.         0.07407407 0.76470588 0.52380952
 0.25925926 0.47058824 0.3        0.9375     0.         0.08571429
 0.         0.55172414 0.53333333 0.61538462 0.5        0.5
 0.5        0.07142857 0.42424242 0.75       0.3255814  0.31111111
 1.         0.28888889 0.5        0.28571429 0.52941176 0.8
 0.70833333 0.68181818 0.36111111 0.125     ]
,[0.1  0.55 0.15 0.3  0.1  0.   0.1  0.25 0.   0.75 0.   0.05 0.75 0.
 0.25 0.   0.85 0.7  0.1  0.5  0.   0.5  0.05 0.35 0.35 0.55 0.75 0.65
 0.3  0.45 0.2  0.55 0.1  0.05 0.45 0.7  0.55 0.   0.6  0.75 0.5  0.25
 0.6  0.5  0.4  0.5  0.45 0.35 0.   0.7  0.55 0.45 0.8  0.25 0.4  0.7
 0.4  0.85 0.55 0.6  0.55 0.75 0.7  0.   0.1  0.45 0.15 0.3  0.   0.1
 0.65 0.55 0.35 0.8  0.45 0.75 0.   0.15 0.   0.8  0.4  0.8  0.2  0.25
 0.05 0.2  0.7  0.9  0.7  0.7  0.9  0.65 0.05 0.2  0.45 0.8  0.85 0.75
 0.65 0.05]
,[0.08       0.57894737 0.23076923 0.27272727 0.17391304 0.
 0.16       0.33333333 0.         0.73170732 0.         0.05882353
 0.44117647 0.         0.24390244 0.         0.48571429 0.56
 0.17391304 0.41666667 0.         0.58823529 0.07142857 0.36842105
 0.42424242 0.44       0.75       0.60465116 0.42857143 0.52941176
 0.2962963  0.47826087 0.09090909 0.08       0.33962264 0.63636364
 0.47826087 0.         0.54545455 0.6122449  0.625      0.3125
 0.61538462 0.40816327 0.32653061 0.55555556 0.48648649 0.5
 0.         0.63636364 0.51162791 0.58064516 0.52459016 0.32258065
 0.32653061 0.4        0.35555556 0.79069767 0.4        0.53333333
 0.46808511 0.83333333 0.75675676 0.         0.16666667 0.36734694
 0.2        0.18461538 0.         0.08510638 0.7027027  0.53658537
 0.29787234 0.59259259 0.36       0.83333333 0.         0.10909091
 0.         0.65306122 0.45714286 0.69565217 0.28571429 0.33333333
 0.09090909 0.10526316 0.52830189 0.81818182 0.44444444 0.43076923
 0.94736842 0.4        0.09090909 0.23529412 0.48648649 0.8
 0.77272727 0.71428571 0.46428571 0.07142857]
