mACC, mP, mR, mF1, ACC, P, R, F1
0.4755,0.5400121983405824,0.4755,0.4424468543713055
,[ 4  9 10 14 14  7 16  3  7 17 11  3 14  2  5  1  6 12 10  0 16 17  1  0
 13 10 19 10  6 16 14  8  1 16  0 17  0  5 14 13 16 15 11  1  0 16  7 20
 11 10 17 15 11  2  1 17 10 13 12  2  5  3 19 11  5  6  0  1 15 14 13  8
  4 19 12 18  2  0  0 15 14 20 10  3  2 14 16 18 14 15 20  3  1  1  1  7
 19 13 10 12]
,[0.15384615 0.81818182 1.         0.48275862 0.7        0.25925926
 0.5        0.75       1.         0.5862069  0.28947368 0.375
 0.41176471 1.         0.2        0.125      0.375      0.66666667
 0.66666667 0.         0.59259259 0.5483871  0.05882353 0.
 0.52       0.76923077 0.95       0.90909091 0.85714286 0.42105263
 0.77777778 0.33333333 1.         0.48484848 0.         0.77272727
 0.         0.29411765 0.41176471 0.26530612 0.37209302 0.3125
 0.73333333 0.5        0.         0.8        1.         0.16666667
 0.6875     0.35714286 0.29310345 0.51724138 0.30555556 0.28571429
 1.         0.5        0.83333333 0.92857143 0.66666667 0.5
 0.83333333 1.         0.55882353 0.40740741 1.         0.4
 0.         1.         0.31914894 0.29166667 0.92857143 0.17391304
 0.26666667 0.67857143 0.6        0.7826087  0.66666667 0.
 0.         0.71428571 0.46666667 1.         0.90909091 0.5
 0.5        0.63636364 0.41025641 0.52941176 0.53846154 0.53571429
 0.95238095 0.33333333 0.2        0.5        0.33333333 0.77777778
 0.55882353 0.8125     1.         0.8       ]
,[0.2  0.45 0.5  0.7  0.7  0.35 0.8  0.15 0.35 0.85 0.55 0.15 0.7  0.1
 0.25 0.05 0.3  0.6  0.5  0.   0.8  0.85 0.05 0.   0.65 0.5  0.95 0.5
 0.3  0.8  0.7  0.4  0.05 0.8  0.   0.85 0.   0.25 0.7  0.65 0.8  0.75
 0.55 0.05 0.   0.8  0.35 1.   0.55 0.5  0.85 0.75 0.55 0.1  0.05 0.85
 0.5  0.65 0.6  0.1  0.25 0.15 0.95 0.55 0.25 0.3  0.   0.05 0.75 0.7
 0.65 0.4  0.2  0.95 0.6  0.9  0.1  0.   0.   0.75 0.7  1.   0.5  0.15
 0.1  0.7  0.8  0.9  0.7  0.75 1.   0.15 0.05 0.05 0.05 0.35 0.95 0.65
 0.5  0.6 ]
,[0.17391304 0.58064516 0.66666667 0.57142857 0.7        0.29787234
 0.61538462 0.25       0.51851852 0.69387755 0.37931034 0.21428571
 0.51851852 0.18181818 0.22222222 0.07142857 0.33333333 0.63157895
 0.57142857 0.         0.68085106 0.66666667 0.05405405 0.
 0.57777778 0.60606061 0.95       0.64516129 0.44444444 0.55172414
 0.73684211 0.36363636 0.0952381  0.60377358 0.         0.80952381
 0.         0.27027027 0.51851852 0.37681159 0.50793651 0.44117647
 0.62857143 0.09090909 0.         0.8        0.51851852 0.28571429
 0.61111111 0.41666667 0.43589744 0.6122449  0.39285714 0.14814815
 0.0952381  0.62962963 0.625      0.76470588 0.63157895 0.16666667
 0.38461538 0.26086957 0.7037037  0.46808511 0.4        0.34285714
 0.         0.0952381  0.44776119 0.41176471 0.76470588 0.24242424
 0.22857143 0.79166667 0.6        0.8372093  0.17391304 0.
 0.         0.73170732 0.56       1.         0.64516129 0.23076923
 0.16666667 0.66666667 0.54237288 0.66666667 0.60869565 0.625
 0.97560976 0.20689655 0.08       0.09090909 0.08695652 0.48275862
 0.7037037  0.72222222 0.66666667 0.68571429]
