mACC, mP, mR, mF1, ACC, P, R, F1
0.646,0.6773584665940426,0.6459999999999999,0.6366756312166802
,[ 8 14 16 15 13 12 19 19 16 17  6 10 13 16 12 14 17  6 16 13 15 15 12  5
 13 16 19 13 19 11 17 15 14 19 12 15 13  6  9  6 19 14 20 13  8 18  8 12
 11 13 14 14 16  9 11  0 14 20 11 14 15 17 15 12 11  2  4 12  8 10 15  6
 12 16 15 17  7 14 11 16 16 17 14 10  5 16 15 17 11 16 17  9  2 11  7 17
 16 16 17 13]
,[0.25806452 0.875      0.61538462 0.55555556 0.86666667 0.4137931
 0.61290323 0.86363636 0.66666667 0.85       0.375      0.625
 0.59090909 0.69565217 0.38709677 0.31818182 0.65384615 0.42857143
 0.44444444 0.59090909 0.88235294 0.6        0.57142857 1.
 0.68421053 0.84210526 0.86363636 0.8125     0.73076923 0.64705882
 0.70833333 0.68181818 0.46666667 0.73076923 0.66666667 0.88235294
 0.5        0.5        0.6        1.         0.59375    0.63636364
 0.40816327 0.52       0.61538462 0.54545455 1.         0.66666667
 0.84615385 0.72222222 0.82352941 0.875      0.76190476 0.9
 0.6875     0.         0.5        0.64516129 0.78571429 0.60869565
 0.53571429 0.73913043 0.83333333 0.35294118 0.37931034 0.33333333
 0.44444444 0.8        0.57142857 0.625      1.         0.85714286
 0.52173913 0.72727273 0.83333333 0.94444444 0.875      0.5
 0.55       0.51612903 0.55172414 1.         0.66666667 0.66666667
 0.55555556 0.72727273 0.9375     0.70833333 0.78571429 0.8
 0.89473684 1.         0.4        0.64705882 1.         0.85
 0.94117647 0.84210526 0.80952381 0.8125    ]
,[0.4  0.7  0.8  0.75 0.65 0.6  0.95 0.95 0.8  0.85 0.3  0.5  0.65 0.8
 0.6  0.7  0.85 0.3  0.8  0.65 0.75 0.75 0.6  0.25 0.65 0.8  0.95 0.65
 0.95 0.55 0.85 0.75 0.7  0.95 0.6  0.75 0.65 0.3  0.45 0.3  0.95 0.7
 1.   0.65 0.4  0.9  0.4  0.6  0.55 0.65 0.7  0.7  0.8  0.45 0.55 0.
 0.7  1.   0.55 0.7  0.75 0.85 0.75 0.6  0.55 0.1  0.2  0.6  0.4  0.5
 0.75 0.3  0.6  0.8  0.75 0.85 0.35 0.7  0.55 0.8  0.8  0.85 0.7  0.5
 0.25 0.8  0.75 0.85 0.55 0.8  0.85 0.45 0.1  0.55 0.35 0.85 0.8  0.8
 0.85 0.65]
,[0.31372549 0.77777778 0.69565217 0.63829787 0.74285714 0.48979592
 0.74509804 0.9047619  0.72727273 0.85       0.33333333 0.55555556
 0.61904762 0.74418605 0.47058824 0.4375     0.73913043 0.35294118
 0.57142857 0.61904762 0.81081081 0.66666667 0.58536585 0.4
 0.66666667 0.82051282 0.9047619  0.72222222 0.82608696 0.59459459
 0.77272727 0.71428571 0.56       0.82608696 0.63157895 0.81081081
 0.56521739 0.375      0.51428571 0.46153846 0.73076923 0.66666667
 0.57971014 0.57777778 0.48484848 0.67924528 0.57142857 0.63157895
 0.66666667 0.68421053 0.75675676 0.77777778 0.7804878  0.6
 0.61111111 0.         0.58333333 0.78431373 0.64705882 0.65116279
 0.625      0.79069767 0.78947368 0.44444444 0.44897959 0.15384615
 0.27586207 0.68571429 0.47058824 0.55555556 0.85714286 0.44444444
 0.55813953 0.76190476 0.78947368 0.89473684 0.5        0.58333333
 0.55       0.62745098 0.65306122 0.91891892 0.68292683 0.57142857
 0.34482759 0.76190476 0.83333333 0.77272727 0.64705882 0.8
 0.87179487 0.62068966 0.16       0.59459459 0.51851852 0.85
 0.86486486 0.82051282 0.82926829 0.72222222]
