mACC, mP, mR, mF1, ACC, P, R, F1
0.6355,0.6619926365718213,0.6355,0.6255627934282244
,[ 6 16 16 14 11 11 18 15 14 17 10 15 16 14 10  2 18 15 14 10 14 13  8  0
 13 17 19 17 18 14 17  7  0  3 11 18  3  0 15 14 18  7 17 10 12 15 13 16
 16 19 17 16 15 15  9 20 16 19 16 11 17 16 16  7 12  8  3 16  0  5 19 13
  8 18 15 19  6 18  8 17 17 18 13  8  8 12 14 17 16 15 20  5  2  8  7 17
 14 14 15 10]
,[0.2        0.72727273 0.84210526 0.58333333 1.         0.14473684
 0.5625     0.68181818 0.66666667 0.80952381 0.45454545 0.6
 0.72727273 0.77777778 0.58823529 0.28571429 0.51428571 0.55555556
 0.63636364 0.66666667 0.2745098  0.92857143 1.         0.
 0.92857143 0.80952381 0.9047619  0.80952381 0.62068966 0.63636364
 0.29310345 0.5        0.         1.         0.37931034 0.94736842
 0.75       0.         0.625      0.7        0.72       0.53846154
 0.85       0.45454545 0.4        0.55555556 0.86666667 0.69565217
 0.94117647 0.61290323 0.89473684 0.94117647 0.9375     0.83333333
 0.64285714 0.55555556 0.69565217 0.95       0.59259259 0.84615385
 0.47222222 0.88888889 0.94117647 0.58333333 0.8        0.25
 0.16666667 0.8        0.         0.83333333 0.95       0.61904762
 0.57142857 0.9        0.6        0.95       0.4        0.62068966
 0.34782609 0.85       0.65384615 0.94736842 0.8125     0.61538462
 0.72727273 0.92307692 0.66666667 0.73913043 0.66666667 0.9375
 0.95238095 0.38461538 0.25       0.57142857 0.53846154 0.89473684
 0.875      0.93333333 1.         0.90909091]
,[0.3  0.8  0.8  0.7  0.55 0.55 0.9  0.75 0.7  0.85 0.5  0.75 0.8  0.7
 0.5  0.1  0.9  0.75 0.7  0.5  0.7  0.65 0.4  0.   0.65 0.85 0.95 0.85
 0.9  0.7  0.85 0.35 0.   0.15 0.55 0.9  0.15 0.   0.75 0.7  0.9  0.35
 0.85 0.5  0.6  0.75 0.65 0.8  0.8  0.95 0.85 0.8  0.75 0.75 0.45 1.
 0.8  0.95 0.8  0.55 0.85 0.8  0.8  0.35 0.6  0.4  0.15 0.8  0.   0.25
 0.95 0.65 0.4  0.9  0.75 0.95 0.3  0.9  0.4  0.85 0.85 0.9  0.65 0.4
 0.4  0.6  0.7  0.85 0.8  0.75 1.   0.25 0.1  0.4  0.35 0.85 0.7  0.7
 0.75 0.5 ]
,[0.24       0.76190476 0.82051282 0.63636364 0.70967742 0.22916667
 0.69230769 0.71428571 0.68292683 0.82926829 0.47619048 0.66666667
 0.76190476 0.73684211 0.54054054 0.14814815 0.65454545 0.63829787
 0.66666667 0.57142857 0.3943662  0.76470588 0.57142857 0.
 0.76470588 0.82926829 0.92682927 0.82926829 0.73469388 0.66666667
 0.43589744 0.41176471 0.         0.26086957 0.44897959 0.92307692
 0.25       0.         0.68181818 0.7        0.8        0.42424242
 0.85       0.47619048 0.48       0.63829787 0.74285714 0.74418605
 0.86486486 0.74509804 0.87179487 0.86486486 0.83333333 0.78947368
 0.52941176 0.71428571 0.74418605 0.95       0.68085106 0.66666667
 0.60714286 0.84210526 0.86486486 0.4375     0.68571429 0.30769231
 0.15789474 0.8        0.         0.38461538 0.95       0.63414634
 0.47058824 0.9        0.66666667 0.95       0.34285714 0.73469388
 0.37209302 0.85       0.73913043 0.92307692 0.72222222 0.48484848
 0.51612903 0.72727273 0.68292683 0.79069767 0.72727273 0.83333333
 0.97560976 0.3030303  0.14285714 0.47058824 0.42424242 0.87179487
 0.77777778 0.8        0.85714286 0.64516129]
