mACC, mP, mR, mF1, ACC, P, R, F1
0.586,0.5778857338837825,0.586,0.5568865717218351
,[ 8 14 11 13 14  5 16 14 10 17 12  9 16 18  2  2 16 18  6  8 12 18 10  0
 15 19 18 17 10 17 18 13  2 16  0 17 12  0 10 15 15  6  6 12 15 14  6 11
  7 17 12 18 18 11 11 13 14 19 13 12 17 18 10  0 13  7  2  0  4 11 18 12
  6 19 10 19  3 18 11 18 17 19 16  7  8 16 11 18  7  9 20  1  4  4 11 16
 15 16 12 11]
,[0.34782609 0.7        0.61111111 0.52       0.53846154 0.41666667
 0.5        0.58333333 0.76923077 0.65384615 0.42857143 0.6
 0.57142857 0.69230769 0.5        0.11764706 0.4        0.52941176
 0.6        0.72727273 0.35294118 0.58064516 0.90909091 0.
 0.65217391 0.57575758 0.81818182 0.94444444 0.71428571 0.70833333
 0.6        0.46428571 0.66666667 0.42105263 0.         0.70833333
 0.92307692 0.         0.52631579 0.625      0.55555556 0.46153846
 0.6        0.92307692 0.55555556 0.63636364 0.6        0.42307692
 1.         0.56666667 0.54545455 0.7826087  0.72       0.47826087
 0.61111111 0.37142857 0.82352941 0.73076923 0.68421053 0.70588235
 0.425      0.62068966 1.         0.         0.52       0.2
 0.2        0.         0.33333333 0.61111111 0.64285714 0.70588235
 0.28571429 0.79166667 0.5        0.86363636 0.33333333 0.51428571
 0.33333333 0.69230769 0.48571429 0.86363636 0.69565217 0.53846154
 0.33333333 0.64       0.61111111 0.7826087  0.77777778 0.69230769
 0.95238095 0.5        0.44444444 0.36363636 1.         0.8
 0.88235294 0.64       0.70588235 0.73333333]
,[0.4  0.7  0.55 0.65 0.7  0.25 0.8  0.7  0.5  0.85 0.6  0.45 0.8  0.9
 0.1  0.1  0.8  0.9  0.3  0.4  0.6  0.9  0.5  0.   0.75 0.95 0.9  0.85
 0.5  0.85 0.9  0.65 0.1  0.8  0.   0.85 0.6  0.   0.5  0.75 0.75 0.3
 0.3  0.6  0.75 0.7  0.3  0.55 0.35 0.85 0.6  0.9  0.9  0.55 0.55 0.65
 0.7  0.95 0.65 0.6  0.85 0.9  0.5  0.   0.65 0.35 0.1  0.   0.2  0.55
 0.9  0.6  0.3  0.95 0.5  0.95 0.15 0.9  0.55 0.9  0.85 0.95 0.8  0.35
 0.4  0.8  0.55 0.9  0.35 0.45 1.   0.05 0.2  0.2  0.55 0.8  0.75 0.8
 0.6  0.55]
,[0.37209302 0.7        0.57894737 0.57777778 0.60869565 0.3125
 0.61538462 0.63636364 0.60606061 0.73913043 0.5        0.51428571
 0.66666667 0.7826087  0.16666667 0.10810811 0.53333333 0.66666667
 0.4        0.51612903 0.44444444 0.70588235 0.64516129 0.
 0.69767442 0.71698113 0.85714286 0.89473684 0.58823529 0.77272727
 0.72       0.54166667 0.17391304 0.55172414 0.         0.77272727
 0.72727273 0.         0.51282051 0.68181818 0.63829787 0.36363636
 0.4        0.72727273 0.63829787 0.66666667 0.4        0.47826087
 0.51851852 0.68       0.57142857 0.8372093  0.8        0.51162791
 0.57894737 0.47272727 0.75675676 0.82608696 0.66666667 0.64864865
 0.56666667 0.73469388 0.66666667 0.         0.57777778 0.25454545
 0.13333333 0.         0.25       0.57894737 0.75       0.64864865
 0.29268293 0.86363636 0.5        0.9047619  0.20689655 0.65454545
 0.41509434 0.7826087  0.61818182 0.9047619  0.74418605 0.42424242
 0.36363636 0.71111111 0.57894737 0.8372093  0.48275862 0.54545455
 0.97560976 0.09090909 0.27586207 0.25806452 0.70967742 0.8
 0.81081081 0.71111111 0.64864865 0.62857143]
