mACC, mP, mR, mF1, ACC, P, R, F1
0.578,0.589244551661346,0.578,0.5695803439261857
,[ 5 15 11 15 15  8 15 16 16 16 11 13 15 15 10  5 14 13  8  5  9 15  9  2
  9 15 19 14 17 11 15  3  9 17  3 16 10  7 11 17 13  6 11  9 13 15  7 13
 10 10 15 15 11 10  8 13 16 19  6 11 10 17 16  3 10  3  5  8  6 10 14 11
  8 19  6 18  3 14 10 12 16 19 11 12  2  7 15 14 14 11 19  9  5  9 14 16
 17 16 15 12]
,[0.41666667 0.68181818 0.78571429 0.55555556 0.83333333 0.61538462
 0.55555556 0.59259259 0.64       0.84210526 0.55       0.34210526
 0.75       0.53571429 0.35714286 0.29411765 0.60869565 0.38235294
 0.57142857 0.5        0.39130435 0.55555556 0.47368421 0.15384615
 0.5        0.75       0.79166667 0.875      0.5        0.55
 0.625      0.42857143 0.69230769 0.37777778 0.23076923 0.72727273
 0.83333333 0.28       0.52380952 0.70833333 0.56521739 0.46153846
 0.78571429 0.42857143 0.54166667 0.48387097 0.7        0.61904762
 0.71428571 0.71428571 0.83333333 0.75       0.91666667 0.71428571
 0.5        0.38235294 0.66666667 0.57575758 0.66666667 0.55
 0.38461538 0.85       0.76190476 0.375      0.58823529 0.25
 0.16666667 0.47058824 0.46153846 0.52631579 0.77777778 0.78571429
 0.53333333 0.82608696 0.6        0.94736842 0.17647059 0.66666667
 0.45454545 0.6        0.76190476 0.9047619  0.84615385 0.5
 0.33333333 0.4375     0.65217391 0.73684211 0.53846154 0.57894737
 0.9047619  0.47368421 0.20833333 0.45       0.82352941 0.72727273
 0.5862069  0.8        0.65217391 0.85714286]
,[0.25 0.75 0.55 0.75 0.75 0.4  0.75 0.8  0.8  0.8  0.55 0.65 0.75 0.75
 0.5  0.25 0.7  0.65 0.4  0.25 0.45 0.75 0.45 0.1  0.45 0.75 0.95 0.7
 0.85 0.55 0.75 0.15 0.45 0.85 0.15 0.8  0.5  0.35 0.55 0.85 0.65 0.3
 0.55 0.45 0.65 0.75 0.35 0.65 0.5  0.5  0.75 0.75 0.55 0.5  0.4  0.65
 0.8  0.95 0.3  0.55 0.5  0.85 0.8  0.15 0.5  0.15 0.25 0.4  0.3  0.5
 0.7  0.55 0.4  0.95 0.3  0.9  0.15 0.7  0.5  0.6  0.8  0.95 0.55 0.6
 0.1  0.35 0.75 0.7  0.7  0.55 0.95 0.45 0.25 0.45 0.7  0.8  0.85 0.8
 0.75 0.6 ]
,[0.3125     0.71428571 0.64705882 0.63829787 0.78947368 0.48484848
 0.63829787 0.68085106 0.71111111 0.82051282 0.55       0.44827586
 0.75       0.625      0.41666667 0.27027027 0.65116279 0.48148148
 0.47058824 0.33333333 0.41860465 0.63829787 0.46153846 0.12121212
 0.47368421 0.75       0.86363636 0.77777778 0.62962963 0.55
 0.68181818 0.22222222 0.54545455 0.52307692 0.18181818 0.76190476
 0.625      0.31111111 0.53658537 0.77272727 0.60465116 0.36363636
 0.64705882 0.43902439 0.59090909 0.58823529 0.46666667 0.63414634
 0.58823529 0.58823529 0.78947368 0.75       0.6875     0.58823529
 0.44444444 0.48148148 0.72727273 0.71698113 0.4137931  0.55
 0.43478261 0.85       0.7804878  0.21428571 0.54054054 0.1875
 0.2        0.43243243 0.36363636 0.51282051 0.73684211 0.64705882
 0.45714286 0.88372093 0.4        0.92307692 0.16216216 0.68292683
 0.47619048 0.6        0.7804878  0.92682927 0.66666667 0.54545455
 0.15384615 0.38888889 0.69767442 0.71794872 0.60869565 0.56410256
 0.92682927 0.46153846 0.22727273 0.45       0.75675676 0.76190476
 0.69387755 0.8        0.69767442 0.70588235]
