mACC, mP, mR, mF1, ACC, P, R, F1
0.4355,0.456027589956242,0.4355,0.42373088283988847
,[ 1  7  6 14  5  2 12 11 15 17  9 12 10  4  5  1 11 16  8  2  5 14  2  0
  8 17 19 11  6  8 14  5  3 14  2 15 13  3  7  9 10  2  4  6 13 13  2  6
  8  4 13 13  5  3  6 10 13 16 10  8  8 12 10  1  8  3  2  6  8  2 14 13
  5 19  3 16  3  0  6 11 15 18  9 12  3  7  6 15 12  9 16  6  3  8  9 13
 18 13 14  7]
,[0.08333333 0.5        0.85714286 0.48275862 0.38461538 0.66666667
 0.42857143 0.57894737 0.55555556 0.70833333 0.375      0.33333333
 0.83333333 0.4        0.17857143 0.07692308 0.47826087 0.42105263
 0.42105263 0.4        0.17241379 0.51851852 0.10526316 0.
 0.30769231 0.47222222 0.86363636 0.84615385 0.375      0.42105263
 0.66666667 0.26315789 0.2        0.24137931 0.07142857 0.68181818
 0.44827586 0.14285714 0.35       0.81818182 0.71428571 0.15384615
 0.44444444 0.4        0.56521739 0.39393939 0.22222222 0.46153846
 0.53333333 0.57142857 0.56521739 0.8125     0.625      0.6
 0.4        0.34482759 0.59090909 0.36363636 0.43478261 0.44444444
 0.2962963  0.85714286 0.83333333 0.125      0.5        0.1
 0.05882353 0.25       0.44444444 0.33333333 0.77777778 0.52
 0.38461538 0.59375    0.33333333 0.76190476 0.13636364 0.
 0.27272727 0.5        0.65217391 0.94736842 0.6        0.25531915
 0.17647059 0.7        0.42857143 0.71428571 0.5        0.45
 0.72727273 0.22222222 0.17647059 0.4        0.9        0.76470588
 0.52941176 0.41935484 0.77777778 0.41176471]
,[0.05 0.35 0.3  0.7  0.25 0.1  0.6  0.55 0.75 0.85 0.45 0.6  0.5  0.2
 0.25 0.05 0.55 0.8  0.4  0.1  0.25 0.7  0.1  0.   0.4  0.85 0.95 0.55
 0.3  0.4  0.7  0.25 0.15 0.7  0.1  0.75 0.65 0.15 0.35 0.45 0.5  0.1
 0.2  0.3  0.65 0.65 0.1  0.3  0.4  0.2  0.65 0.65 0.25 0.15 0.3  0.5
 0.65 0.8  0.5  0.4  0.4  0.6  0.5  0.05 0.4  0.15 0.1  0.3  0.4  0.1
 0.7  0.65 0.25 0.95 0.15 0.8  0.15 0.   0.3  0.55 0.75 0.9  0.45 0.6
 0.15 0.35 0.3  0.75 0.6  0.45 0.8  0.3  0.15 0.4  0.45 0.65 0.9  0.65
 0.7  0.35]
,[0.0625     0.41176471 0.44444444 0.57142857 0.3030303  0.17391304
 0.5        0.56410256 0.63829787 0.77272727 0.40909091 0.42857143
 0.625      0.26666667 0.20833333 0.06060606 0.51162791 0.55172414
 0.41025641 0.16       0.20408163 0.59574468 0.1025641  0.
 0.34782609 0.60714286 0.9047619  0.66666667 0.33333333 0.41025641
 0.68292683 0.25641026 0.17142857 0.35897436 0.08333333 0.71428571
 0.53061224 0.14634146 0.35       0.58064516 0.58823529 0.12121212
 0.27586207 0.34285714 0.60465116 0.49056604 0.13793103 0.36363636
 0.45714286 0.2962963  0.60465116 0.72222222 0.35714286 0.24
 0.34285714 0.40816327 0.61904762 0.5        0.46511628 0.42105263
 0.34042553 0.70588235 0.625      0.07142857 0.44444444 0.12
 0.07407407 0.27272727 0.42105263 0.15384615 0.73684211 0.57777778
 0.3030303  0.73076923 0.20689655 0.7804878  0.14285714 0.
 0.28571429 0.52380952 0.69767442 0.92307692 0.51428571 0.35820896
 0.16216216 0.46666667 0.35294118 0.73170732 0.54545455 0.45
 0.76190476 0.25531915 0.16216216 0.4        0.6        0.7027027
 0.66666667 0.50980392 0.73684211 0.37837838]
