mACC, mP, mR, mF1, ACC, P, R, F1
0.5295,0.570569666399156,0.5295000000000001,0.5096806873470269
,[ 8 15 14 13 10  2 13 10  3 17  3  0 16  5 11  0 18  7 14 10 11  9  9  6
 11  7 19 19 12 10 18  9  1  0  9 19  3  0 17  8 16  0 16 11  9 16 12 19
  0 18 12 18 19 12  9 15 14 15 12 15  7 17 17  9  4 13  3  0  0  1 19 14
  4 19 18 18  4 11  7 13 18 20 14  3  5  3 15 16 11 13 18 12  4  7  7 10
 10 17 14  0]
,[0.21621622 0.78947368 0.82352941 0.56521739 1.         0.10526316
 0.48148148 0.90909091 0.27272727 1.         0.21428571 0.
 0.59259259 0.83333333 0.64705882 0.         0.7826087  0.46666667
 0.38888889 0.47619048 0.28947368 0.69230769 0.9        0.46153846
 1.         0.63636364 1.         0.95       0.33333333 0.76923077
 0.20224719 0.39130435 0.05       0.         0.27272727 0.95
 1.         0.         0.43589744 1.         0.45714286 0.
 0.61538462 0.5        0.9        0.59259259 0.92307692 0.41304348
 0.         0.45       0.54545455 0.52941176 0.48717949 0.66666667
 0.40909091 0.41666667 0.35897436 0.9375     0.57142857 0.83333333
 0.53846154 0.94444444 1.         0.3        0.5        0.19117647
 0.2        0.         0.         1.         0.95       0.48275862
 0.8        0.9047619  0.36       0.94736842 0.5        0.40740741
 0.29166667 0.86666667 0.46153846 0.8        0.60869565 1.
 0.41666667 0.11538462 0.6        0.84210526 0.6875     0.92857143
 0.9        0.6        0.5        0.5        1.         0.83333333
 0.83333333 0.73913043 1.         0.        ]
,[0.4  0.75 0.7  0.65 0.5  0.1  0.65 0.5  0.15 0.85 0.15 0.   0.8  0.25
 0.55 0.   0.9  0.35 0.7  0.5  0.55 0.45 0.45 0.3  0.55 0.35 0.95 0.95
 0.6  0.5  0.9  0.45 0.05 0.   0.45 0.95 0.15 0.   0.85 0.4  0.8  0.
 0.8  0.55 0.45 0.8  0.6  0.95 0.   0.9  0.6  0.9  0.95 0.6  0.45 0.75
 0.7  0.75 0.6  0.75 0.35 0.85 0.85 0.45 0.2  0.65 0.15 0.   0.   0.05
 0.95 0.7  0.2  0.95 0.9  0.9  0.2  0.55 0.35 0.65 0.9  1.   0.7  0.15
 0.25 0.15 0.75 0.8  0.55 0.65 0.9  0.6  0.2  0.35 0.35 0.5  0.5  0.85
 0.7  0.  ]
,[0.28070175 0.76923077 0.75675676 0.60465116 0.66666667 0.1025641
 0.55319149 0.64516129 0.19354839 0.91891892 0.17647059 0.
 0.68085106 0.38461538 0.59459459 0.         0.8372093  0.4
 0.5        0.48780488 0.37931034 0.54545455 0.6        0.36363636
 0.70967742 0.4516129  0.97435897 0.95       0.42857143 0.60606061
 0.33027523 0.41860465 0.05       0.         0.33962264 0.95
 0.26086957 0.         0.57627119 0.57142857 0.58181818 0.
 0.69565217 0.52380952 0.6        0.68085106 0.72727273 0.57575758
 0.         0.6        0.57142857 0.66666667 0.6440678  0.63157895
 0.42857143 0.53571429 0.47457627 0.83333333 0.58536585 0.78947368
 0.42424242 0.89473684 0.91891892 0.36       0.28571429 0.29545455
 0.17142857 0.         0.         0.0952381  0.95       0.57142857
 0.32       0.92682927 0.51428571 0.92307692 0.28571429 0.46808511
 0.31818182 0.74285714 0.61016949 0.88888889 0.65116279 0.26086957
 0.3125     0.13043478 0.66666667 0.82051282 0.61111111 0.76470588
 0.9        0.6        0.28571429 0.41176471 0.51851852 0.625
 0.625      0.79069767 0.82352941 0.        ]
