mACC, mP, mR, mF1, ACC, P, R, F1
0.156,0.18055079875347865,0.15599999999999997,0.14368580256546873
,[ 1  7  2  7  0  2  0  4  0 10  0  0  0  5  1  0  3  0  0  0  0  2  1  0
  2  1 13  8  0  2  0  9  1  1  3 10  0  0  7  6  0  1  7  3  1 12  4  0
  0  3  0  9  0  1  3  4  0 12  3  3  6 14 14  0  1  0  0  1  0  0  3  2
  1  8  2  5  0  3  0  3  0  3  5  4  0  2  0 15  7  1 13  4  2  0  5  3
  3  4  0  4]
,[0.16666667 0.4375     0.11764706 0.29166667 0.         0.06896552
 0.         0.5        0.         0.41666667 0.         0.
 0.         0.11111111 0.05555556 0.         0.42857143 0.
 0.         0.         0.         0.28571429 0.14285714 0.
 0.33333333 0.16666667 0.92857143 0.30769231 0.         0.05128205
 0.         0.2195122  0.5        0.16666667 0.10344828 0.66666667
 0.         0.         0.38888889 0.4        0.         0.07142857
 0.23333333 0.3        0.0625     0.06629834 0.14285714 0.
 0.         0.33333333 0.         0.2195122  0.         0.09090909
 0.01435407 0.09302326 0.         0.70588235 0.10714286 0.75
 0.15384615 0.19178082 0.33333333 0.         0.08333333 0.
 0.         0.25       0.         0.         0.33333333 0.18181818
 0.03030303 0.88888889 0.2        0.38461538 0.         0.02189781
 0.         0.27272727 0.         0.375      0.09259259 0.2
 0.         0.13333333 0.         0.21428571 0.13461538 0.25
 0.5        0.26666667 0.0952381  0.         0.33333333 0.23076923
 0.6        0.28571429 0.         0.57142857]
,[0.05 0.35 0.1  0.35 0.   0.1  0.   0.2  0.   0.5  0.   0.   0.   0.25
 0.05 0.   0.15 0.   0.   0.   0.   0.1  0.05 0.   0.1  0.05 0.65 0.4
 0.   0.1  0.   0.45 0.05 0.05 0.15 0.5  0.   0.   0.35 0.3  0.   0.05
 0.35 0.15 0.05 0.6  0.2  0.   0.   0.15 0.   0.45 0.   0.05 0.15 0.2
 0.   0.6  0.15 0.15 0.3  0.7  0.7  0.   0.05 0.   0.   0.05 0.   0.
 0.15 0.1  0.05 0.4  0.1  0.25 0.   0.15 0.   0.15 0.   0.15 0.25 0.2
 0.   0.1  0.   0.75 0.35 0.05 0.65 0.2  0.1  0.   0.25 0.15 0.15 0.2
 0.   0.2 ]
,[0.07692308 0.38888889 0.10810811 0.31818182 0.         0.08163265
 0.         0.28571429 0.         0.45454545 0.         0.
 0.         0.15384615 0.05263158 0.         0.22222222 0.
 0.         0.         0.         0.14814815 0.07407407 0.
 0.15384615 0.07692308 0.76470588 0.34782609 0.         0.06779661
 0.         0.29508197 0.09090909 0.07692308 0.12244898 0.57142857
 0.         0.         0.36842105 0.34285714 0.         0.05882353
 0.28       0.2        0.05555556 0.11940299 0.16666667 0.
 0.         0.20689655 0.         0.29508197 0.         0.06451613
 0.02620087 0.12698413 0.         0.64864865 0.125      0.25
 0.20338983 0.30107527 0.4516129  0.         0.0625     0.
 0.         0.08333333 0.         0.         0.20689655 0.12903226
 0.03773585 0.55172414 0.13333333 0.3030303  0.         0.03821656
 0.         0.19354839 0.         0.21428571 0.13513514 0.2
 0.         0.11428571 0.         0.33333333 0.19444444 0.08333333
 0.56521739 0.22857143 0.09756098 0.         0.28571429 0.18181818
 0.24       0.23529412 0.         0.2962963 ]
