mACC, mP, mR, mF1, ACC, P, R, F1
0.675,0.7090032237527072,0.6750000000000002,0.66842136146329
,[10 16 12 15 15 13 18 15 14 18  9  9 12 14 11  6 17  9 15  9 16 16 13  2
 11 17 19 18 17 17 15  8 10 15 14 18 12  6 16 15 17 12 16 10 13 18 12 14
  6 17 18 15 17 12  4 10 16 18 17 16 17 17 17 10 10  5  1 11  5 10 16 13
  9 19 17 19 11 18  9 13 17 20 18 12 11 15 15 17 14 18 20 16  2  7  8 17
 19 14 19 14]
,[0.29411765 0.72727273 0.63157895 0.68181818 0.9375     0.21666667
 0.54545455 0.78947368 0.77777778 0.72       0.42857143 0.69230769
 0.85714286 0.77777778 0.55       0.27272727 0.62962963 0.64285714
 0.71428571 0.47368421 0.59259259 0.55172414 1.         0.66666667
 0.78571429 0.68       1.         0.9        0.65384615 0.5862069
 0.625      0.66666667 0.58823529 0.9375     0.73684211 0.94736842
 0.70588235 0.75       0.66666667 0.55555556 0.80952381 0.54545455
 0.8        0.76923077 0.76470588 0.51428571 0.85714286 0.875
 0.85714286 0.73913043 0.75       0.88235294 0.80952381 0.57142857
 0.66666667 0.43478261 0.84210526 0.64285714 0.56666667 0.34782609
 0.41463415 0.89473684 0.89473684 0.5        0.83333333 0.45454545
 0.33333333 0.78571429 0.71428571 1.         0.8        0.68421053
 0.75       1.         0.68       0.95       0.47826087 0.75
 0.47368421 0.92857143 0.56666667 0.95238095 0.75       0.6
 0.57894737 0.6        0.83333333 0.73913043 0.7        0.85714286
 0.95238095 0.59259259 0.66666667 0.7        0.88888889 0.94444444
 0.9047619  0.875      1.         0.875     ]
,[0.5  0.8  0.6  0.75 0.75 0.65 0.9  0.75 0.7  0.9  0.45 0.45 0.6  0.7
 0.55 0.3  0.85 0.45 0.75 0.45 0.8  0.8  0.65 0.1  0.55 0.85 0.95 0.9
 0.85 0.85 0.75 0.4  0.5  0.75 0.7  0.9  0.6  0.3  0.8  0.75 0.85 0.6
 0.8  0.5  0.65 0.9  0.6  0.7  0.3  0.85 0.9  0.75 0.85 0.6  0.2  0.5
 0.8  0.9  0.85 0.8  0.85 0.85 0.85 0.5  0.5  0.25 0.05 0.55 0.25 0.5
 0.8  0.65 0.45 0.95 0.85 0.95 0.55 0.9  0.45 0.65 0.85 1.   0.9  0.6
 0.55 0.75 0.75 0.85 0.7  0.9  1.   0.8  0.1  0.35 0.4  0.85 0.95 0.7
 0.95 0.7 ]
,[0.37037037 0.76190476 0.61538462 0.71428571 0.83333333 0.325
 0.67924528 0.76923077 0.73684211 0.8        0.43902439 0.54545455
 0.70588235 0.73684211 0.55       0.28571429 0.72340426 0.52941176
 0.73170732 0.46153846 0.68085106 0.65306122 0.78787879 0.17391304
 0.64705882 0.75555556 0.97435897 0.9        0.73913043 0.69387755
 0.68181818 0.5        0.54054054 0.83333333 0.71794872 0.92307692
 0.64864865 0.42857143 0.72727273 0.63829787 0.82926829 0.57142857
 0.8        0.60606061 0.7027027  0.65454545 0.70588235 0.77777778
 0.44444444 0.79069767 0.81818182 0.81081081 0.82926829 0.58536585
 0.30769231 0.46511628 0.82051282 0.75       0.68       0.48484848
 0.55737705 0.87179487 0.87179487 0.5        0.625      0.32258065
 0.08695652 0.64705882 0.37037037 0.66666667 0.8        0.66666667
 0.5625     0.97435897 0.75555556 0.95       0.51162791 0.81818182
 0.46153846 0.76470588 0.68       0.97560976 0.81818182 0.6
 0.56410256 0.66666667 0.78947368 0.79069767 0.7        0.87804878
 0.97560976 0.68085106 0.17391304 0.46666667 0.55172414 0.89473684
 0.92682927 0.77777778 0.97435897 0.77777778]
