mACC, mP, mR, mF1, ACC, P, R, F1
0.6725,0.6714357637238273,0.6724999999999999,0.6590729996731278
,[ 8 15 16 18 15  8 14 16 13 17  8 16 17 17 10  8 16 17 10  8 18 16 13  0
 14 18 19 15 18 15 16 15 12 14  9 18 11  0 16 16 19 12 12 11 10 16  7 13
 15 17 14 17 16 12 12 14 14 20 10 13 16 20 18  2 10  9  4  9 10 10 17 11
  6 19 13 18  5 18  6 18 13 19 17 11 10 15 14 16 13 17 20  7 11  8 16 18
 19 17 16 15]
,[0.38095238 0.83333333 0.84210526 0.5        0.55555556 0.44444444
 0.56       0.55172414 0.76470588 0.89473684 0.33333333 0.55172414
 0.70833333 0.65384615 0.71428571 0.42105263 0.53333333 0.5483871
 0.55555556 0.72727273 0.5625     0.8        0.68421053 0.
 0.77777778 0.75       0.82608696 1.         0.62068966 0.625
 0.8        0.65217391 0.66666667 0.60869565 0.6        0.9
 0.73333333 0.         0.8        0.66666667 0.63333333 0.63157895
 0.85714286 0.61111111 0.55555556 0.51612903 1.         0.8125
 0.78947368 0.80952381 0.73684211 0.89473684 0.69565217 0.66666667
 0.57142857 0.53846154 0.73684211 0.83333333 0.71428571 0.72222222
 0.45714286 0.83333333 0.81818182 0.16666667 0.58823529 0.47368421
 0.36363636 0.9        0.76923077 0.76923077 0.85       0.61111111
 0.375      0.79166667 0.59090909 0.94736842 0.83333333 0.6
 0.46153846 0.85714286 0.68421053 0.9047619  0.85       0.64705882
 0.66666667 0.53571429 0.7        0.88888889 0.65       0.89473684
 0.95238095 0.58333333 0.37931034 0.5        1.         0.7826087
 0.79166667 0.80952381 0.64       0.75      ]
,[0.4  0.75 0.8  0.9  0.75 0.4  0.7  0.8  0.65 0.85 0.4  0.8  0.85 0.85
 0.5  0.4  0.8  0.85 0.5  0.4  0.9  0.8  0.65 0.   0.7  0.9  0.95 0.75
 0.9  0.75 0.8  0.75 0.6  0.7  0.45 0.9  0.55 0.   0.8  0.8  0.95 0.6
 0.6  0.55 0.5  0.8  0.35 0.65 0.75 0.85 0.7  0.85 0.8  0.6  0.6  0.7
 0.7  1.   0.5  0.65 0.8  1.   0.9  0.1  0.5  0.45 0.2  0.45 0.5  0.5
 0.85 0.55 0.3  0.95 0.65 0.9  0.25 0.9  0.3  0.9  0.65 0.95 0.85 0.55
 0.5  0.75 0.7  0.8  0.65 0.85 1.   0.35 0.55 0.4  0.8  0.9  0.95 0.85
 0.8  0.75]
,[0.3902439  0.78947368 0.82051282 0.64285714 0.63829787 0.42105263
 0.62222222 0.65306122 0.7027027  0.87179487 0.36363636 0.65306122
 0.77272727 0.73913043 0.58823529 0.41025641 0.64       0.66666667
 0.52631579 0.51612903 0.69230769 0.8        0.66666667 0.
 0.73684211 0.81818182 0.88372093 0.85714286 0.73469388 0.68181818
 0.8        0.69767442 0.63157895 0.65116279 0.51428571 0.9
 0.62857143 0.         0.8        0.72727273 0.76       0.61538462
 0.70588235 0.57894737 0.52631579 0.62745098 0.51851852 0.72222222
 0.76923077 0.82926829 0.71794872 0.87179487 0.74418605 0.63157895
 0.58536585 0.60869565 0.71794872 0.90909091 0.58823529 0.68421053
 0.58181818 0.90909091 0.85714286 0.125      0.54054054 0.46153846
 0.25806452 0.6        0.60606061 0.60606061 0.85       0.57894737
 0.33333333 0.86363636 0.61904762 0.92307692 0.38461538 0.72
 0.36363636 0.87804878 0.66666667 0.92682927 0.85       0.59459459
 0.57142857 0.625      0.7        0.84210526 0.65       0.87179487
 0.97560976 0.4375     0.44897959 0.44444444 0.88888889 0.8372093
 0.86363636 0.82926829 0.71111111 0.75      ]
