mACC, mP, mR, mF1, ACC, P, R, F1
0.4781091370558376,0.43790994048737614,0.3455446678010262,0.33594947576127904
,[ 66   0  24  60  66  20  60  51  25   0  85   0  26   2  17  17   1   0
   2  33   2   1  14   0   0  16  13   0  15  22  40   7   0   0  91   0
   0 123   0  33   0 111   0  20   0  22   8   0  16   0   9  69  24   8
  65   0   1  17   8  49  51   3   0   0   1  81  12]
,[0.34375    0.         0.42105263 0.59405941 0.34196891 1.
 0.85714286 0.55434783 0.96153846 0.         0.74561404 0.
 0.72222222 1.         0.60714286 0.94444444 1.         0.
 0.66666667 0.67346939 0.15384615 1.         0.73684211 0.
 0.         0.57142857 0.76470588 0.         0.9375     0.73333333
 0.32520325 0.29166667 0.         0.         0.45049505 0.
 0.         0.5125     0.         0.91666667 0.         0.34153846
 0.         0.2739726  0.         0.62857143 0.66666667 0.
 0.76190476 0.         0.52941176 0.71134021 0.92307692 0.57142857
 0.39877301 0.         1.         0.73913043 0.28571429 0.44545455
 0.21794872 0.6        0.         0.         0.33333333 0.45251397
 0.63157895]
,[0.54098361 0.         0.66666667 0.74074074 0.54545455 0.5
 0.45112782 0.67105263 0.58139535 0.         0.82524272 0.
 0.72222222 0.08695652 0.70833333 0.62962963 0.04545455 0.
 0.0952381  0.47142857 0.03846154 0.03703704 0.25454545 0.
 0.         0.76190476 0.5        0.         0.71428571 0.51162791
 0.85106383 0.14583333 0.         0.         0.98913043 0.
 0.         0.83673469 0.         0.58928571 0.         0.78169014
 0.         0.4        0.         0.46808511 0.22857143 0.
 0.55172414 0.         0.33333333 0.8961039  0.68571429 0.38095238
 0.63106796 0.         0.04166667 0.5483871  0.36363636 0.4537037
 0.72857143 0.09677419 0.         0.         0.03333333 0.79411765
 0.22222222]
,[0.42038217 0.         0.51612903 0.65934066 0.42038217 0.66666667
 0.591133   0.60714286 0.72463768 0.         0.78341014 0.
 0.72222222 0.16       0.65384615 0.75555556 0.08695652 0.
 0.16666667 0.55462185 0.06153846 0.07142857 0.37837838 0.
 0.         0.65306122 0.60465116 0.         0.81081081 0.60273973
 0.47058824 0.19444444 0.         0.         0.61904762 0.
 0.         0.63565891 0.         0.7173913  0.         0.47537473
 0.         0.32520325 0.         0.53658537 0.34042553 0.
 0.64       0.         0.40909091 0.79310345 0.78688525 0.45714286
 0.4887218  0.         0.08       0.62962963 0.32       0.44954128
 0.33552632 0.16666667 0.         0.         0.06060606 0.57651246
 0.32876712]
