mACC, mP, mR, mF1, ACC, P, R, F1
0.5526649746192893,0.5468169128597304,0.4356051617279102,0.4404673242080317
,[ 84   0  22  50  67  22  96  51  32   0  90   0  28   0  18  20   6  13
  11  41   5  17  17   5   0  18  15   0  16  22  40  20   0   5  88   0
  11 117   0  38   0 111   2  23   3  28  17   0  16   0   8  65  29   8
  63   7   3  16  10  66  39   5   4   1   1  92  40]
,[0.4375     0.         0.44897959 0.58139535 0.52755906 0.88
 0.59259259 0.51       0.84210526 0.         0.6870229  0.
 0.73684211 0.         0.85714286 0.83333333 0.85714286 0.65
 0.57894737 0.68333333 0.26315789 0.34693878 0.53125    0.55555556
 0.         0.72       0.9375     0.         1.         0.59459459
 0.49382716 0.95238095 0.         1.         0.51162791 0.
 0.64705882 0.47560976 0.         0.97435897 0.         0.3447205
 1.         0.34328358 1.         0.43076923 0.43589744 0.
 0.88888889 0.         0.5        0.74712644 0.96666667 0.72727273
 0.45652174 0.5        0.5        0.8        0.90909091 0.75
 0.44827586 0.625      0.8        0.5        1.         0.54117647
 0.71428571]
,[0.68852459 0.         0.61111111 0.61728395 0.55371901 0.55
 0.72180451 0.67105263 0.74418605 0.         0.87378641 0.
 0.77777778 0.         0.75       0.74074074 0.27272727 0.56521739
 0.52380952 0.58571429 0.09615385 0.62962963 0.30909091 0.23809524
 0.         0.85714286 0.57692308 0.         0.76190476 0.51162791
 0.85106383 0.41666667 0.         0.23809524 0.95652174 0.
 0.42307692 0.79591837 0.         0.67857143 0.         0.78169014
 0.0952381  0.46       0.08333333 0.59574468 0.48571429 0.
 0.55172414 0.         0.2962963  0.84415584 0.82857143 0.38095238
 0.61165049 0.31818182 0.125      0.51612903 0.45454545 0.61111111
 0.55714286 0.16129032 0.11764706 0.04545455 0.03333333 0.90196078
 0.74074074]
,[0.53503185 0.         0.51764706 0.5988024  0.54032258 0.67692308
 0.65084746 0.57954545 0.79012346 0.         0.76923077 0.
 0.75675676 0.         0.8        0.78431373 0.4137931  0.60465116
 0.55       0.63076923 0.14084507 0.44736842 0.3908046  0.33333333
 0.         0.7826087  0.71428571 0.         0.86486486 0.55
 0.625      0.57971014 0.         0.38461538 0.66666667 0.
 0.51162791 0.59541985 0.         0.8        0.         0.47844828
 0.17391304 0.39316239 0.15384615 0.5        0.45945946 0.
 0.68085106 0.         0.37209302 0.79268293 0.89230769 0.5
 0.52282158 0.38888889 0.2        0.62745098 0.60606061 0.67346939
 0.49681529 0.25641026 0.20512821 0.08333333 0.06451613 0.67647059
 0.72727273]
