mACC, mP, mR, mF1, ACC, P, R, F1
0.5193527918781726,0.48894110533105295,0.3868417210842136,0.3879884298806985
,[ 68   0  18  64  78  22 105  45  24   0  92   0  25   0   5  18   0  10
   1  48   4   3   8   5   0  16  11   0  13  22  42  21   0   7  88   0
  15 120   0  45   0  86   0  22   2  25   7   0  12   0  13  63  25   3
  51   3   2  15   9  68  41  10   4   4   7  85  37]
,[0.39766082 0.         0.36       0.47407407 0.3880597  0.88
 0.54973822 0.59210526 0.88888889 0.         0.60526316 0.
 0.55555556 0.         0.83333333 0.72       0.         0.52631579
 1.         0.64864865 0.16666667 0.3        0.8        1.
 0.         0.51612903 0.91666667 0.         0.92857143 0.57894737
 0.51219512 0.53846154 0.         0.875      0.54320988 0.
 0.55555556 0.48979592 0.         0.9375     0.         0.344
 0.         0.42307692 0.66666667 0.6097561  0.5        0.
 0.85714286 0.         0.54166667 0.80769231 0.89285714 1.
 0.39230769 0.6        0.5        0.75       0.64285714 0.49635036
 0.47126437 0.37037037 0.8        0.2        0.63636364 0.48022599
 0.69811321]
,[0.55737705 0.         0.5        0.79012346 0.6446281  0.55
 0.78947368 0.59210526 0.55813953 0.         0.89320388 0.
 0.69444444 0.         0.20833333 0.66666667 0.         0.43478261
 0.04761905 0.68571429 0.07692308 0.11111111 0.14545455 0.23809524
 0.         0.76190476 0.42307692 0.         0.61904762 0.51162791
 0.89361702 0.4375     0.         0.33333333 0.95652174 0.
 0.57692308 0.81632653 0.         0.80357143 0.         0.6056338
 0.         0.44       0.05555556 0.53191489 0.2        0.
 0.4137931  0.         0.48148148 0.81818182 0.71428571 0.14285714
 0.49514563 0.13636364 0.08333333 0.48387097 0.40909091 0.62962963
 0.58571429 0.32258065 0.11764706 0.18181818 0.23333333 0.83333333
 0.68518519]
,[0.46416382 0.         0.41860465 0.59259259 0.48447205 0.67692308
 0.64814815 0.59210526 0.68571429 0.         0.72156863 0.
 0.61728395 0.         0.33333333 0.69230769 0.         0.47619048
 0.09090909 0.66666667 0.10526316 0.16216216 0.24615385 0.38461538
 0.         0.61538462 0.57894737 0.         0.74285714 0.54320988
 0.65116279 0.48275862 0.         0.48275862 0.69291339 0.
 0.56603774 0.6122449  0.         0.86538462 0.         0.43877551
 0.         0.43137255 0.1025641  0.56818182 0.28571429 0.
 0.55813953 0.         0.50980392 0.81290323 0.79365079 0.25
 0.43776824 0.22222222 0.14285714 0.58823529 0.5        0.55510204
 0.52229299 0.34482759 0.20512821 0.19047619 0.34146341 0.609319
 0.69158879]
