mACC, mP, mR, mF1, ACC, P, R, F1
0.41973350253807107,0.35793302411762595,0.31256719808729033,0.3065661367541688
,[ 42   0  14  46  54  24  52  56  21   0  90   1  21   2   6  18   3   0
  12  45  11   0   9   0   0  10   4   1  14  17  24  10   0   0  84   0
   9 109   0  42   0  68   1   8   1  12   4   0  14   0  14  68  22   1
  56   0   1  12   4  45  28  12   8   0  11  67  15]
,[0.4        0.         0.35       0.56790123 0.40298507 0.55813953
 0.39097744 0.62921348 0.72413793 0.         0.42857143 0.5
 0.5        0.28571429 0.6        0.81818182 0.6        0.
 0.6        0.38461538 0.17460317 0.         0.2        0.
 0.         0.55555556 0.33333333 0.5        0.875      0.48571429
 0.55813953 0.18518519 0.         0.         0.3853211  0.
 0.33333333 0.46581197 0.         0.875      0.         0.272
 0.33333333 0.24242424 0.33333333 0.27272727 0.57142857 0.
 0.73684211 0.         0.42424242 0.73913043 0.66666667 0.25
 0.3373494  0.         0.5        0.6        0.26666667 0.43269231
 0.37837838 0.36363636 0.4        0.         0.28947368 0.32682927
 0.57692308]
,[0.3442623  0.         0.38888889 0.56790123 0.44628099 0.6
 0.39097744 0.73684211 0.48837209 0.         0.87378641 0.04347826
 0.58333333 0.08695652 0.25       0.66666667 0.13636364 0.
 0.57142857 0.64285714 0.21153846 0.         0.16363636 0.
 0.         0.47619048 0.15384615 0.04761905 0.66666667 0.39534884
 0.5106383  0.20833333 0.         0.         0.91304348 0.
 0.34615385 0.7414966  0.         0.75       0.         0.47887324
 0.04761905 0.16       0.02777778 0.25531915 0.11428571 0.
 0.48275862 0.         0.51851852 0.88311688 0.62857143 0.04761905
 0.54368932 0.         0.04166667 0.38709677 0.18181818 0.41666667
 0.4        0.38709677 0.23529412 0.         0.36666667 0.65686275
 0.27777778]
,[0.37004405 0.         0.36842105 0.56790123 0.42352941 0.57831325
 0.39097744 0.67878788 0.58333333 0.         0.57507987 0.08
 0.53846154 0.13333333 0.35294118 0.73469388 0.22222222 0.
 0.58536585 0.48128342 0.19130435 0.         0.18       0.
 0.         0.51282051 0.21052632 0.08695652 0.75675676 0.43589744
 0.53333333 0.19607843 0.         0.         0.54193548 0.
 0.33962264 0.57217848 0.         0.80769231 0.         0.34693878
 0.08333333 0.19277108 0.05128205 0.26373626 0.19047619 0.
 0.58333333 0.         0.46666667 0.80473373 0.64705882 0.08
 0.41635688 0.         0.07692308 0.47058824 0.21621622 0.4245283
 0.38888889 0.375      0.2962963  0.         0.32352941 0.43648208
 0.375     ]
