mACC, mP, mR, mF1, ACC, P, R, F1
0.567258883248731,0.5813718059264299,0.4565738050788834,0.45227862970581817
,[ 88   0  26  61  74  25 115  60  31   9  85   0  25   2  23  20   3  15
   3  41  22  17  24   7   2  18  13   0  18  27  38  23   1   3  87   0
  18 116   3  40   0  85   0  23   3  33  11   0  17   0   7  68  31   6
  56   1   3  19  13  47  37   2  13   0   3  87  40]
,[0.38938053 0.         0.40625    0.43571429 0.51388889 0.89285714
 0.49356223 0.49586777 0.73809524 0.9        0.81730769 0.
 0.75757576 0.66666667 0.63888889 0.66666667 1.         0.65217391
 1.         0.71929825 0.44       0.36956522 0.55813953 0.24137931
 1.         0.6        0.86666667 0.         0.94736842 0.69230769
 0.66666667 0.6969697  1.         1.         0.54716981 0.
 0.72       0.60416667 0.75       0.95238095 0.         0.43147208
 0.         0.46938776 1.         0.44594595 0.61111111 0.
 0.85       0.         0.58333333 0.67326733 0.79487179 1.
 0.4516129  0.5        0.375      0.65517241 0.54166667 0.78333333
 0.48051948 0.5        0.8125     0.         0.75       0.62142857
 0.78431373]
,[0.72131148 0.         0.72222222 0.75308642 0.61157025 0.625
 0.86466165 0.78947368 0.72093023 0.39130435 0.82524272 0.
 0.69444444 0.08695652 0.95833333 0.74074074 0.13636364 0.65217391
 0.14285714 0.58571429 0.42307692 0.62962963 0.43636364 0.33333333
 0.08333333 0.85714286 0.5        0.         0.85714286 0.62790698
 0.80851064 0.47916667 0.04761905 0.14285714 0.94565217 0.
 0.69230769 0.78911565 0.12       0.71428571 0.         0.59859155
 0.         0.46       0.08333333 0.70212766 0.31428571 0.
 0.5862069  0.         0.25925926 0.88311688 0.88571429 0.28571429
 0.54368932 0.04545455 0.125      0.61290323 0.59090909 0.43518519
 0.52857143 0.06451613 0.38235294 0.         0.1        0.85294118
 0.74074074]
,[0.50574713 0.         0.52       0.5520362  0.55849057 0.73529412
 0.6284153  0.60913706 0.72941176 0.54545455 0.82125604 0.
 0.72463768 0.15384615 0.76666667 0.70175439 0.24       0.65217391
 0.25       0.64566929 0.43137255 0.46575342 0.48979592 0.28
 0.15384615 0.70588235 0.63414634 0.         0.9        0.65853659
 0.73076923 0.56790123 0.09090909 0.25       0.69322709 0.
 0.70588235 0.68436578 0.20689655 0.81632653 0.         0.50147493
 0.         0.46464646 0.15384615 0.54545455 0.41509434 0.
 0.69387755 0.         0.35897436 0.76404494 0.83783784 0.44444444
 0.49339207 0.08333333 0.1875     0.63333333 0.56521739 0.55952381
 0.50340136 0.11428571 0.52       0.         0.17647059 0.71900826
 0.76190476]
