mACC, mP, mR, mF1, ACC, P, R, F1
0.5272842639593909,0.5564552781285624,0.3980146571699221,0.4143696892033061
,[ 82   6  20  56  65  20 107  54  22   9  92   1  24   0  13  14   3  11
   4  46   8   5  19   5   1  11   6   1  14  22  33  31   2   4  85   0
  16 121   1  40   2  89   1  22   7  29  14   1  11   0   4  67  19   3
  43   2   2  13   4  76  39   2  11   2  12  80  33]
,[0.33606557 0.5        0.36363636 0.5045045  0.44827586 0.74074074
 0.5270936  0.53465347 0.81481481 0.75       0.53179191 0.5
 0.66666667 0.         0.65       0.73684211 0.75       0.44
 1.         0.58227848 0.4        0.26315789 0.5        0.83333333
 1.         0.78571429 0.6        0.5        1.         0.48888889
 0.70212766 0.60784314 0.66666667 0.8        0.54487179 0.
 0.69565217 0.5        0.25       0.83333333 0.5        0.48369565
 0.33333333 0.52380952 0.63636364 0.61702128 0.7        0.14285714
 0.78571429 0.         0.18181818 0.63207547 0.86363636 0.75
 0.42156863 0.5        0.4        0.68421053 0.8        0.5170068
 0.46428571 0.5        0.40740741 0.4        0.46153846 0.59259259
 0.63461538]
,[0.67213115 0.21428571 0.55555556 0.69135802 0.53719008 0.5
 0.80451128 0.71052632 0.51162791 0.39130435 0.89320388 0.04347826
 0.66666667 0.         0.54166667 0.51851852 0.13636364 0.47826087
 0.19047619 0.65714286 0.15384615 0.18518519 0.34545455 0.23809524
 0.04166667 0.52380952 0.23076923 0.04761905 0.66666667 0.51162791
 0.70212766 0.64583333 0.0952381  0.19047619 0.92391304 0.
 0.61538462 0.82312925 0.04       0.71428571 0.09090909 0.62676056
 0.04761905 0.44       0.19444444 0.61702128 0.4        0.02941176
 0.37931034 0.         0.14814815 0.87012987 0.54285714 0.14285714
 0.41747573 0.09090909 0.08333333 0.41935484 0.18181818 0.7037037
 0.55714286 0.06451613 0.32352941 0.09090909 0.4        0.78431373
 0.61111111]
,[0.44808743 0.3        0.43956044 0.58333333 0.4887218  0.59701493
 0.63690476 0.61016949 0.62857143 0.51428571 0.66666667 0.08
 0.66666667 0.         0.59090909 0.60869565 0.23076923 0.45833333
 0.32       0.61744966 0.22222222 0.2173913  0.40860215 0.37037037
 0.08       0.62857143 0.33333333 0.08695652 0.8        0.5
 0.70212766 0.62626263 0.16666667 0.30769231 0.68548387 0.
 0.65306122 0.62210797 0.06896552 0.76923077 0.15384615 0.54601227
 0.08333333 0.47826087 0.29787234 0.61702128 0.50909091 0.04878049
 0.51162791 0.         0.16326531 0.73224044 0.66666667 0.24
 0.4195122  0.15384615 0.13793103 0.52       0.2962963  0.59607843
 0.50649351 0.11428571 0.36065574 0.14814815 0.42857143 0.67510549
 0.62264151]
