mACC, mP, mR, mF1, ACC, P, R, F1
0.5342639593908629,0.5368682124521397,0.4439595187475814,0.45397736761948865
,[ 71   6  18  40  56  20 112  45  29  15  86   2  26   9  17  20   1  18
   7  46  12   3  20   5   1  13  15   4  18  19  26  36   1   3  86   3
  14 106   5  43   3  78   1  28  10  23  11   1  12   1   6  65  24   4
  46   4   3  18  13  62  41   9  10   6  10  87  31]
,[0.5503876  0.375      0.5        0.57142857 0.48275862 0.66666667
 0.5        0.54878049 0.48333333 0.68181818 0.52439024 0.14285714
 0.59090909 0.75       0.73913043 0.64516129 1.         0.54545455
 0.46666667 0.66666667 0.34285714 0.33333333 0.68965517 0.83333333
 0.16666667 0.86666667 0.45454545 0.5        0.85714286 0.51351351
 0.96296296 0.57142857 0.2        0.75       0.5408805  0.5
 0.4375     0.55497382 0.23809524 0.86       0.6        0.34977578
 0.125      0.46666667 0.625      0.74193548 0.55       0.14285714
 0.8        0.25       0.42857143 0.73863636 0.82758621 0.4
 0.41441441 0.22222222 0.375      0.69230769 0.38235294 0.67391304
 0.45555556 0.5        0.55555556 0.4        0.45454545 0.48876404
 0.70454545]
,[0.58196721 0.21428571 0.5        0.49382716 0.46280992 0.5
 0.84210526 0.59210526 0.6744186  0.65217391 0.83495146 0.08695652
 0.72222222 0.39130435 0.70833333 0.74074074 0.04545455 0.7826087
 0.33333333 0.65714286 0.23076923 0.11111111 0.36363636 0.23809524
 0.04166667 0.61904762 0.57692308 0.19047619 0.85714286 0.44186047
 0.55319149 0.75       0.04761905 0.14285714 0.93478261 0.09375
 0.53846154 0.72108844 0.2        0.76785714 0.13636364 0.54929577
 0.04761905 0.56       0.27777778 0.4893617  0.31428571 0.02941176
 0.4137931  0.04545455 0.22222222 0.84415584 0.68571429 0.19047619
 0.44660194 0.18181818 0.125      0.58064516 0.59090909 0.57407407
 0.58571429 0.29032258 0.29411765 0.27272727 0.33333333 0.85294118
 0.57407407]
,[0.56573705 0.27272727 0.5        0.52980132 0.47257384 0.57142857
 0.62745098 0.56962025 0.5631068  0.66666667 0.64419476 0.10810811
 0.65       0.51428571 0.72340426 0.68965517 0.08695652 0.64285714
 0.38888889 0.6618705  0.27586207 0.16666667 0.47619048 0.37037037
 0.06666667 0.72222222 0.50847458 0.27586207 0.85714286 0.475
 0.7027027  0.64864865 0.07692308 0.24       0.68525896 0.15789474
 0.48275862 0.62721893 0.2173913  0.81132075 0.22222222 0.42739726
 0.06896552 0.50909091 0.38461538 0.58974359 0.4        0.04878049
 0.54545455 0.07692308 0.29268293 0.78787879 0.75       0.25806452
 0.42990654 0.2        0.1875     0.63157895 0.46428571 0.62
 0.5125     0.36734694 0.38461538 0.32432432 0.38461538 0.62142857
 0.63265306]
