mACC, mP, mR, mF1, ACC, P, R, F1
0.3153553299492386,0.2306310197010989,0.16724668396586853,0.1513616058162524
,[ 57   0   2  41  50   3  78  46  11   0  79   0   4   0   0   0   0   0
   0  32   6   0   6   0   0   0   0   0   0  15  18   3   0   0  76   0
   1 124   0  32   0  64   0   6   0   6   5   0   3   0   0  65   6   0
  15   0   0   0   0  59  19   0   0   0   1  55   6]
,[0.22265625 0.         0.66666667 0.37272727 0.27173913 0.33333333
 0.33333333 0.43809524 0.84615385 0.         0.3989899  0.
 0.8        0.         0.         0.         0.         0.
 0.         0.49230769 0.17647059 0.         0.4        0.
 0.         0.         0.         0.         0.         0.375
 0.72       0.375      0.         0.         0.40860215 0.
 1.         0.22920518 0.         0.68085106 0.         0.17391304
 0.         0.19354839 0.         0.28571429 0.83333333 0.
 1.         0.         0.         0.52845528 0.85714286 0.
 0.17857143 0.         0.         0.         0.         0.34911243
 0.26760563 0.         0.         0.         0.5        0.34375
 0.4       ]
,[0.46721311 0.         0.05555556 0.50617284 0.41322314 0.075
 0.58646617 0.60526316 0.25581395 0.         0.76699029 0.
 0.11111111 0.         0.         0.         0.         0.
 0.         0.45714286 0.11538462 0.         0.10909091 0.
 0.         0.         0.         0.         0.         0.34883721
 0.38297872 0.0625     0.         0.         0.82608696 0.
 0.03846154 0.84353741 0.         0.57142857 0.         0.45070423
 0.         0.12       0.         0.12765957 0.14285714 0.
 0.10344828 0.         0.         0.84415584 0.17142857 0.
 0.14563107 0.         0.         0.         0.         0.5462963
 0.27142857 0.         0.         0.         0.03333333 0.53921569
 0.11111111]
,[0.3015873  0.         0.1025641  0.42931937 0.32786885 0.12244898
 0.42506812 0.50828729 0.39285714 0.         0.52491694 0.
 0.19512195 0.         0.         0.         0.         0.
 0.         0.47407407 0.13953488 0.         0.17142857 0.
 0.         0.         0.         0.         0.         0.36144578
 0.5        0.10714286 0.         0.         0.54676259 0.
 0.07407407 0.36046512 0.         0.62135922 0.         0.25098039
 0.         0.14814815 0.         0.17647059 0.24390244 0.
 0.1875     0.         0.         0.65       0.28571429 0.
 0.16042781 0.         0.         0.         0.         0.42599278
 0.26950355 0.         0.         0.         0.0625     0.41984733
 0.17391304]
