mACC, mP, mR, mF1, ACC, P, R, F1
0.4248096446700508,0.4252596315353265,0.27606627394260297,0.27932243201335594
,[ 79   1  17  50  70   8  86  52  10   1  82   0  21   1   1  11   0   0
   1  37   7   3   6   3   0   8   4   0  12  21  23  20   0   0  83   0
   5 112   0  38   0  88   0  12   4  17  13   0   5   0   2  70  12   0
  36   0   0   3   2  66  36   0   4   1   8  63  24]
,[0.33617021 1.         0.45945946 0.48543689 0.41420118 0.57142857
 0.37885463 0.58426966 0.83333333 0.25       0.52229299 0.
 0.6        0.5        1.         0.64705882 0.         0.
 1.         0.52112676 0.25       0.21428571 0.33333333 1.
 0.         0.8        1.         0.         1.         0.47727273
 0.82142857 0.39215686 0.         0.         0.45604396 0.
 0.45454545 0.37837838 0.         0.80851064 0.         0.2962963
 0.         0.34285714 0.5        0.48571429 0.65       0.
 0.71428571 0.         0.25       0.56       1.         0.
 0.21556886 0.         0.         1.         1.         0.34736842
 0.31304348 0.         0.26666667 0.33333333 0.53333333 0.59433962
 0.6       ]
,[0.64754098 0.03571429 0.47222222 0.61728395 0.5785124  0.2
 0.64661654 0.68421053 0.23255814 0.04347826 0.7961165  0.
 0.58333333 0.04347826 0.04166667 0.40740741 0.         0.
 0.04761905 0.52857143 0.13461538 0.11111111 0.10909091 0.14285714
 0.         0.38095238 0.15384615 0.         0.57142857 0.48837209
 0.4893617  0.41666667 0.         0.         0.90217391 0.
 0.19230769 0.76190476 0.         0.67857143 0.         0.61971831
 0.         0.24       0.11111111 0.36170213 0.37142857 0.
 0.17241379 0.         0.07407407 0.90909091 0.34285714 0.
 0.34951456 0.         0.         0.09677419 0.09090909 0.61111111
 0.51428571 0.         0.11764706 0.04545455 0.26666667 0.61764706
 0.44444444]
,[0.44257703 0.06896552 0.46575342 0.54347826 0.48275862 0.2962963
 0.47777778 0.63030303 0.36363636 0.07407407 0.63076923 0.
 0.5915493  0.08       0.08       0.5        0.         0.
 0.09090909 0.5248227  0.175      0.14634146 0.16438356 0.25
 0.         0.51612903 0.26666667 0.         0.72727273 0.48275862
 0.61333333 0.4040404  0.         0.         0.60583942 0.
 0.27027027 0.50564334 0.         0.73786408 0.         0.40091116
 0.         0.28235294 0.18181818 0.41463415 0.47272727 0.
 0.27777778 0.         0.11428571 0.69306931 0.5106383  0.
 0.26666667 0.         0.         0.17647059 0.16666667 0.44295302
 0.38918919 0.         0.16326531 0.08       0.35555556 0.60576923
 0.5106383 ]
