mACC, mP, mR, mF1, ACC, P, R, F1
0.5114213197969543,0.4798872506674093,0.42237449982036057,0.4209159272405316
,[ 60   3  17  51  40  24  88  43  23   2  94   0  27   4  18  20   2  16
  11  42  10   8   9   3   1  16  15   4  16  19  36  22   0  10  84   1
  13 119   0  44   5  80   0  21   5  27   7   0  12   0  13  63  28   5
  48   4   0  21   9  66  37  11   7   2  14  77  35]
,[0.48780488 0.375      0.36956522 0.54255319 0.51948052 0.68571429
 0.5398773  0.5375     0.71875    0.66666667 0.48453608 0.
 0.675      0.57142857 0.75       0.66666667 0.33333333 0.48484848
 0.52380952 0.71186441 0.26315789 0.4        0.52941176 0.75
 0.11111111 0.47058824 0.68181818 0.66666667 0.84210526 0.59375
 0.43902439 0.28947368 0.         0.71428571 0.54901961 0.09090909
 0.44827586 0.47035573 0.         0.8        0.55555556 0.38647343
 0.         0.38181818 0.71428571 0.64285714 0.5        0.
 0.54545455 0.         0.54166667 0.875      0.90322581 0.71428571
 0.3902439  0.44444444 0.         0.72413793 0.5        0.51162791
 0.43529412 0.37931034 0.53846154 0.25       0.29787234 0.59230769
 0.57377049]
,[0.49180328 0.10714286 0.47222222 0.62962963 0.33057851 0.6
 0.66165414 0.56578947 0.53488372 0.08695652 0.91262136 0.
 0.75       0.17391304 0.75       0.74074074 0.09090909 0.69565217
 0.52380952 0.6        0.19230769 0.2962963  0.16363636 0.14285714
 0.04166667 0.76190476 0.57692308 0.19047619 0.76190476 0.44186047
 0.76595745 0.45833333 0.         0.47619048 0.91304348 0.03125
 0.5        0.80952381 0.         0.78571429 0.22727273 0.56338028
 0.         0.42       0.13888889 0.57446809 0.2        0.
 0.4137931  0.         0.48148148 0.81818182 0.8        0.23809524
 0.46601942 0.18181818 0.         0.67741935 0.40909091 0.61111111
 0.52857143 0.35483871 0.20588235 0.09090909 0.46666667 0.75490196
 0.64814815]
,[0.48979592 0.16666667 0.41463415 0.58285714 0.4040404  0.64
 0.59459459 0.55128205 0.61333333 0.15384615 0.63299663 0.
 0.71052632 0.26666667 0.75       0.70175439 0.14285714 0.57142857
 0.52380952 0.65116279 0.22222222 0.34042553 0.25       0.24
 0.06060606 0.58181818 0.625      0.2962963  0.8        0.50666667
 0.55813953 0.35483871 0.         0.57142857 0.68571429 0.04651163
 0.47272727 0.595      0.         0.79279279 0.32258065 0.45845272
 0.         0.4        0.23255814 0.60674157 0.28571429 0.
 0.47058824 0.         0.50980392 0.84563758 0.84848485 0.35714286
 0.42477876 0.25806452 0.         0.7        0.45       0.55696203
 0.47741935 0.36666667 0.29787234 0.13333333 0.36363636 0.6637931
 0.60869565]
