mACC, mP, mR, mF1, ACC, P, R, F1
0.5209390862944162,0.5149758346166968,0.4150918149560834,0.41464587203383124
,[ 75   0  23  59  59  24  90  43  30   0  74   0  26   0  19  19   8  10
   7  36   2  15  13   4   0  20  13   0  19  27  39  18   0   4  90   0
  16 110   0  40   0 101   1  22   6  25  18   0  18   0   5  61  28   7
  65   2   5  14   9  67  30   3   7   2   1  85  28]
,[0.48076923 0.         0.41818182 0.5042735  0.56730769 0.82758621
 0.58064516 0.48863636 0.78947368 0.         0.81318681 0.
 0.76470588 0.         0.82608696 0.76       1.         0.71428571
 0.63636364 0.67924528 0.2        0.25       0.44827586 0.44444444
 0.         0.625      0.86666667 0.         0.95       0.421875
 0.48148148 0.85714286 0.         1.         0.44117647 0.
 0.53333333 0.52631579 0.         0.86956522 0.         0.33779264
 1.         0.44897959 1.         0.55555556 0.38297872 0.
 0.62068966 0.         0.55555556 0.81333333 0.93333333 0.875
 0.31707317 0.4        0.26315789 0.77777778 0.6        0.72826087
 0.28846154 0.5        1.         0.16666667 1.         0.43589744
 0.73684211]
,[0.6147541  0.         0.63888889 0.72839506 0.48760331 0.6
 0.67669173 0.56578947 0.69767442 0.         0.7184466  0.
 0.72222222 0.         0.79166667 0.7037037  0.36363636 0.43478261
 0.33333333 0.51428571 0.03846154 0.55555556 0.23636364 0.19047619
 0.         0.95238095 0.5        0.         0.9047619  0.62790698
 0.82978723 0.375      0.         0.19047619 0.97826087 0.
 0.61538462 0.74829932 0.         0.71428571 0.         0.71126761
 0.04761905 0.44       0.16666667 0.53191489 0.51428571 0.
 0.62068966 0.         0.18518519 0.79220779 0.8        0.33333333
 0.63106796 0.09090909 0.20833333 0.4516129  0.40909091 0.62037037
 0.42857143 0.09677419 0.20588235 0.09090909 0.03333333 0.83333333
 0.51851852]
,[0.53956835 0.         0.50549451 0.5959596  0.52444444 0.69565217
 0.625      0.52439024 0.74074074 0.         0.7628866  0.
 0.74285714 0.         0.80851064 0.73076923 0.53333333 0.54054054
 0.4375     0.58536585 0.06451613 0.34482759 0.30952381 0.26666667
 0.         0.75471698 0.63414634 0.         0.92682927 0.5046729
 0.609375   0.52173913 0.         0.32       0.60810811 0.
 0.57142857 0.61797753 0.         0.78431373 0.         0.45804989
 0.09090909 0.44444444 0.28571429 0.54347826 0.43902439 0.
 0.62068966 0.         0.27777778 0.80263158 0.86153846 0.48275862
 0.42207792 0.14814815 0.23255814 0.57142857 0.48648649 0.67
 0.34482759 0.16216216 0.34146341 0.11764706 0.06451613 0.57239057
 0.60869565]
