mACC, mP, mR, mF1, ACC, P, R, F1
0.4714467005076142,0.427382171180099,0.35100724091298857,0.34185104640162045
,[ 55   0  20  60  68  20  47  59  29   0  87   0  28   3  13  23   4   0
  10  29   4   1   6   1   0  18  11   0  10  23  39  12   0   0  88   0
   5 126   0  33   0 106   0  24   0  13  11   0  15   0   8  67  30   8
  60   0   2  17   7  57  38   5   0   0   1  76   9]
,[0.3525641  0.         0.41666667 0.49586777 0.36756757 0.83333333
 0.79661017 0.45038168 0.82857143 0.         0.79090909 0.
 0.71794872 0.42857143 0.8125     0.71875    0.8        0.
 0.625      0.65909091 0.22222222 1.         0.75       0.2
 0.         0.42857143 0.91666667 0.         1.         0.6969697
 0.3        0.35294118 0.         0.         0.48351648 0.
 0.71428571 0.47908745 0.         0.91666667 0.         0.34868421
 0.         0.28915663 0.         0.44827586 0.73333333 0.
 0.88235294 0.         0.47058824 0.69072165 0.88235294 0.42105263
 0.34682081 0.         0.4        0.94444444 0.22580645 0.47107438
 0.25333333 0.83333333 0.         0.         0.5        0.40860215
 0.52941176]
,[0.45081967 0.         0.55555556 0.74074074 0.56198347 0.5
 0.35338346 0.77631579 0.6744186  0.         0.84466019 0.
 0.77777778 0.13043478 0.54166667 0.85185185 0.18181818 0.
 0.47619048 0.41428571 0.07692308 0.03703704 0.10909091 0.04761905
 0.         0.85714286 0.42307692 0.         0.47619048 0.53488372
 0.82978723 0.25       0.         0.         0.95652174 0.
 0.19230769 0.85714286 0.         0.58928571 0.         0.74647887
 0.         0.48       0.         0.27659574 0.31428571 0.
 0.51724138 0.         0.2962963  0.87012987 0.85714286 0.38095238
 0.58252427 0.         0.08333333 0.5483871  0.31818182 0.52777778
 0.54285714 0.16129032 0.         0.         0.03333333 0.74509804
 0.16666667]
,[0.39568345 0.         0.47619048 0.59405941 0.44444444 0.625
 0.48958333 0.57004831 0.74358974 0.         0.81690141 0.
 0.74666667 0.2        0.65       0.77966102 0.2962963  0.
 0.54054054 0.50877193 0.11428571 0.07142857 0.19047619 0.07692308
 0.         0.57142857 0.57894737 0.         0.64516129 0.60526316
 0.44067797 0.29268293 0.         0.         0.64233577 0.
 0.3030303  0.61463415 0.         0.7173913  0.         0.47533632
 0.         0.36090226 0.         0.34210526 0.44       0.
 0.65217391 0.         0.36363636 0.77011494 0.86956522 0.4
 0.43478261 0.         0.13793103 0.69387755 0.26415094 0.49781659
 0.34545455 0.27027027 0.         0.         0.0625     0.52777778
 0.25352113]
