mACC, mP, mR, mF1, ACC, P, R, F1
0.6056472081218274,0.6073416125084221,0.5221575263693445,0.5324592621990993
,[ 52   5  21  65  85  26 109  55  35  12  88   4  28  17  24  20   9  16
   4  45   2   8  35  11   0  13  15  10  18  20  34  29   2   4  88   4
   9 114  11  51   5  94   3  25  20  28  19   3  20   9   4  72  31  12
  53   5   3  18  10  79  44  11   5   9   9  88  32]
,[0.54736842 0.2        0.4375     0.5        0.46195652 0.66666667
 0.58918919 0.47413793 0.92105263 0.8        0.72727273 0.23529412
 0.66666667 0.77272727 0.64864865 0.74074074 0.5        0.59259259
 0.28571429 0.63380282 0.5        0.53333333 0.4375     0.64705882
 0.         0.86666667 0.78947368 0.4        0.85714286 0.64516129
 0.77272727 0.60416667 0.22222222 1.         0.59060403 0.33333333
 0.6        0.69512195 0.35483871 0.87931034 0.38461538 0.53714286
 0.75       0.5952381  0.60606061 0.84848485 0.63333333 0.375
 0.95238095 0.33333333 0.23529412 0.63157895 0.91176471 0.70588235
 0.68831169 0.55555556 0.5        0.9        0.76923077 0.68695652
 0.57142857 0.6875     0.83333333 0.47368421 0.9        0.60689655
 0.88888889]
,[0.42622951 0.17857143 0.58333333 0.80246914 0.70247934 0.65
 0.81954887 0.72368421 0.81395349 0.52173913 0.85436893 0.17391304
 0.77777778 0.73913043 1.         0.74074074 0.40909091 0.69565217
 0.19047619 0.64285714 0.03846154 0.2962963  0.63636364 0.52380952
 0.         0.61904762 0.57692308 0.47619048 0.85714286 0.46511628
 0.72340426 0.60416667 0.0952381  0.19047619 0.95652174 0.125
 0.34615385 0.7755102  0.44       0.91071429 0.22727273 0.66197183
 0.14285714 0.5        0.55555556 0.59574468 0.54285714 0.08823529
 0.68965517 0.40909091 0.14814815 0.93506494 0.88571429 0.57142857
 0.51456311 0.22727273 0.125      0.58064516 0.45454545 0.73148148
 0.62857143 0.35483871 0.14705882 0.40909091 0.3        0.8627451
 0.59259259]
,[0.47926267 0.18867925 0.5        0.61611374 0.55737705 0.65822785
 0.68553459 0.57291667 0.86419753 0.63157895 0.78571429 0.2
 0.71794872 0.75555556 0.78688525 0.74074074 0.45       0.64
 0.22857143 0.63829787 0.07142857 0.38095238 0.51851852 0.57894737
 0.         0.72222222 0.66666667 0.43478261 0.85714286 0.54054054
 0.74725275 0.60416667 0.13333333 0.32       0.73029046 0.18181818
 0.43902439 0.73311897 0.39285714 0.89473684 0.28571429 0.59305994
 0.24       0.54347826 0.57971014 0.7        0.58461538 0.14285714
 0.8        0.36734694 0.18181818 0.7539267  0.89855072 0.63157895
 0.58888889 0.32258065 0.2        0.70588235 0.57142857 0.70852018
 0.59863946 0.46808511 0.25       0.43902439 0.45       0.71255061
 0.71111111]
