mACC, mP, mR, mF1, ACC, P, R, F1
0.5107868020304569,0.531109553255002,0.3965229108259111,0.41457894594159306
,[ 56   0   7  60  81  20  83  43  23   6  65   1  24   7  17  20   2   6
   1  41   8   2  20   7   0  14   9   2  18  12  30  27   2   3  78   0
  13 120   2  45   0 107   0  25   8  24  24   6  10   1   7  65  23   7
  48   0   2  13   8  75  50  15   6   3   5  76  27]
,[0.41791045 0.         0.41176471 0.50420168 0.36       0.30769231
 0.664      0.48863636 0.6969697  0.66666667 0.75581395 0.33333333
 0.52173913 0.77777778 0.85       0.68965517 1.         0.75
 0.25       0.71929825 0.33333333 0.33333333 0.66666667 0.7
 0.         0.77777778 1.         0.28571429 0.81818182 0.70588235
 0.81081081 0.6        0.28571429 1.         0.73584906 0.
 0.56521739 0.44444444 0.2        0.91836735 0.         0.30397727
 0.         0.32894737 0.88888889 0.52173913 0.45283019 0.375
 0.76923077 0.125      0.25925926 0.82278481 0.82142857 0.7
 0.46153846 0.         1.         0.8125     0.53333333 0.5
 0.32894737 0.68181818 0.375      0.375      0.3125     0.73786408
 0.75      ]
,[0.45901639 0.         0.19444444 0.74074074 0.66942149 0.5
 0.62406015 0.56578947 0.53488372 0.26086957 0.63106796 0.04347826
 0.66666667 0.30434783 0.70833333 0.74074074 0.09090909 0.26086957
 0.04761905 0.58571429 0.15384615 0.07407407 0.36363636 0.33333333
 0.         0.66666667 0.34615385 0.0952381  0.85714286 0.27906977
 0.63829787 0.5625     0.0952381  0.14285714 0.84782609 0.
 0.5        0.81632653 0.08       0.80357143 0.         0.75352113
 0.         0.5        0.22222222 0.5106383  0.68571429 0.17647059
 0.34482759 0.04545455 0.25925926 0.84415584 0.65714286 0.33333333
 0.46601942 0.         0.08333333 0.41935484 0.36363636 0.69444444
 0.71428571 0.48387097 0.17647059 0.13636364 0.16666667 0.74509804
 0.5       ]
,[0.4375     0.         0.26415094 0.6        0.46820809 0.38095238
 0.64341085 0.52439024 0.60526316 0.375      0.68783069 0.07692308
 0.58536585 0.4375     0.77272727 0.71428571 0.16666667 0.38709677
 0.08       0.64566929 0.21052632 0.12121212 0.47058824 0.4516129
 0.         0.71794872 0.51428571 0.14285714 0.8372093  0.4
 0.71428571 0.58064516 0.14285714 0.25       0.78787879 0.
 0.53061224 0.57553957 0.11428571 0.85714286 0.         0.43319838
 0.         0.3968254  0.35555556 0.51612903 0.54545455 0.24
 0.47619048 0.06666667 0.25925926 0.83333333 0.73015873 0.4516129
 0.46376812 0.         0.15384615 0.55319149 0.43243243 0.58139535
 0.45045045 0.56603774 0.24       0.2        0.2173913  0.74146341
 0.6       ]
