mACC, mP, mR, mF1, ACC, P, R, F1
0.6097715736040609,0.6295980556931603,0.5255261647351773,0.5292781845855784
,[ 67   7  19  56  81  31 100  53  35  18  74   3  30   8  23  22  12  11
   6  36   0  16  32  12   2  14  18   3  20  31  37  31   7   9  87   1
  16 123   8  46   3 100   0  33  15  23  17   9  15   3   4  71  33  10
  48   2   5  24   8  89  47   4  10   6  10  91  37]
,[0.55371901 0.46666667 0.37254902 0.58333333 0.45505618 0.70454545
 0.5988024  0.62352941 0.8974359  0.48648649 0.94871795 0.27272727
 0.6122449  0.88888889 0.46       0.73333333 0.70588235 0.57894737
 0.54545455 0.67924528 0.         0.64       0.5        0.52173913
 0.66666667 0.93333333 0.75       0.6        0.74074074 0.68888889
 0.75510204 0.70454545 0.18918919 1.         0.54716981 0.5
 0.53333333 0.58293839 0.26666667 0.90196078 0.75       0.52083333
 0.         0.37078652 0.68181818 0.53488372 0.41463415 0.69230769
 0.78947368 0.75       0.8        0.79775281 0.73333333 0.52631579
 0.62337662 0.66666667 0.71428571 0.85714286 0.88888889 0.6953125
 0.61842105 0.8        1.         0.6        0.66666667 0.65942029
 0.84090909]
,[0.54918033 0.25       0.52777778 0.69135802 0.66942149 0.775
 0.7518797  0.69736842 0.81395349 0.7826087  0.7184466  0.13043478
 0.83333333 0.34782609 0.95833333 0.81481481 0.54545455 0.47826087
 0.28571429 0.51428571 0.         0.59259259 0.58181818 0.57142857
 0.08333333 0.66666667 0.69230769 0.14285714 0.95238095 0.72093023
 0.78723404 0.64583333 0.33333333 0.42857143 0.94565217 0.03125
 0.61538462 0.83673469 0.32       0.82142857 0.13636364 0.70422535
 0.         0.66       0.41666667 0.4893617  0.48571429 0.26470588
 0.51724138 0.13636364 0.14814815 0.92207792 0.94285714 0.47619048
 0.46601942 0.09090909 0.20833333 0.77419355 0.36363636 0.82407407
 0.67142857 0.12903226 0.29411765 0.27272727 0.33333333 0.89215686
 0.68518519]
,[0.55144033 0.3255814  0.43678161 0.63276836 0.54180602 0.73809524
 0.66666667 0.65838509 0.85365854 0.6        0.81767956 0.17647059
 0.70588235 0.5        0.62162162 0.77192982 0.61538462 0.52380952
 0.375      0.58536585 0.         0.61538462 0.53781513 0.54545455
 0.14814815 0.77777778 0.72       0.23076923 0.83333333 0.70454545
 0.77083333 0.67391304 0.24137931 0.6        0.69322709 0.05882353
 0.57142857 0.68715084 0.29090909 0.85981308 0.23076923 0.5988024
 0.         0.47482014 0.51724138 0.51111111 0.44736842 0.38297872
 0.625      0.23076923 0.25       0.85542169 0.825      0.5
 0.53333333 0.16       0.32258065 0.81355932 0.51612903 0.75423729
 0.64383562 0.22222222 0.45454545 0.375      0.44444444 0.75833333
 0.75510204]
