mACC, mP, mR, mF1, ACC, P, R, F1
0.6116751269035533,0.5910963494592651,0.5466715059977518,0.5448041466280106
,[ 77  12  23  52  77  29 100  55  35   7  82   0  31  15  21  21  10  14
   7  46  16  17  29  11   7  14  20   6  20  28  37  28   0   7  75   2
  15 120  12  41  10  80   9  27  22  29  16   7  21   5   3  66  29   8
  46   2   7  18  11  80  50  11  18  11  12  79  32]
,[0.53846154 0.35294118 0.41818182 0.57142857 0.50657895 0.65909091
 0.67567568 0.6626506  0.79545455 0.7        0.80392157 0.
 0.79487179 0.46875    0.75       0.65625    0.52631579 0.46666667
 0.7        0.54117647 0.3902439  0.28813559 0.56862745 0.78571429
 0.29166667 0.77777778 0.34482759 0.54545455 0.71428571 0.57142857
 0.77083333 0.75675676 0.         0.875      0.81521739 0.5
 0.65217391 0.63492063 0.44444444 0.87234043 0.625      0.625
 0.28125    0.421875   0.56410256 0.51785714 0.8        0.24137931
 0.46666667 0.33333333 1.         0.825      0.96666667 0.53333333
 0.76666667 0.4        0.7        0.7826087  0.5        0.69565217
 0.51020408 0.42307692 0.51428571 0.64705882 0.54545455 0.81443299
 0.91428571]
,[0.63114754 0.42857143 0.63888889 0.64197531 0.63636364 0.725
 0.7518797  0.72368421 0.81395349 0.30434783 0.7961165  0.
 0.86111111 0.65217391 0.875      0.77777778 0.45454545 0.60869565
 0.33333333 0.65714286 0.30769231 0.62962963 0.52727273 0.52380952
 0.29166667 0.66666667 0.76923077 0.28571429 0.95238095 0.65116279
 0.78723404 0.58333333 0.         0.33333333 0.81521739 0.0625
 0.57692308 0.81632653 0.48       0.73214286 0.45454545 0.56338028
 0.42857143 0.54       0.61111111 0.61702128 0.45714286 0.20588235
 0.72413793 0.22727273 0.11111111 0.85714286 0.82857143 0.38095238
 0.44660194 0.09090909 0.29166667 0.58064516 0.5        0.74074074
 0.71428571 0.35483871 0.52941176 0.5        0.4        0.7745098
 0.59259259]
,[0.58113208 0.38709677 0.50549451 0.60465116 0.56410256 0.69047619
 0.71174377 0.6918239  0.8045977  0.42424242 0.8        0.
 0.82666667 0.54545455 0.80769231 0.71186441 0.48780488 0.52830189
 0.4516129  0.59354839 0.34408602 0.39534884 0.54716981 0.62857143
 0.29166667 0.71794872 0.47619048 0.375      0.81632653 0.60869565
 0.77894737 0.65882353 0.         0.48275862 0.81521739 0.11111111
 0.6122449  0.71428571 0.46153846 0.7961165  0.52631579 0.59259259
 0.33962264 0.47368421 0.58666667 0.5631068  0.58181818 0.22222222
 0.56756757 0.27027027 0.2        0.84076433 0.89230769 0.44444444
 0.56441718 0.14814815 0.41176471 0.66666667 0.5        0.71748879
 0.5952381  0.38596491 0.52173913 0.56410256 0.46153846 0.79396985
 0.71910112]
