mACC, mP, mR, mF1, ACC, P, R, F1
0.49841370558375636,0.47599026787016846,0.3830246958580116,0.38261789371435334
,[ 50   6  12  63  73  28  84  57  17   4  64   1  26   7  10  21   0   0
   1  41   8   4  20   2   0   4  16   3  12  14  24  26   1   5  80   0
  13 113  10  44   0  82   0   9   2  27  16   9  15   0   1  66  18   9
  61   1   0  23  11  68  45   6   1   6   6  85  40]
,[0.37037037 0.20689655 0.34285714 0.46323529 0.37244898 0.49122807
 0.57931034 0.5        0.60714286 1.         0.77108434 0.2
 0.68421053 0.63636364 0.83333333 0.63636364 0.         0.
 1.         0.56164384 0.14545455 0.125      0.52631579 0.66666667
 0.         1.         0.76190476 0.75       0.66666667 0.56
 0.72727273 0.4        0.14285714 0.71428571 0.51948052 0.
 0.41935484 0.66863905 0.22727273 0.93617021 0.         0.38139535
 0.         0.375      0.5        0.57446809 0.47058824 0.45
 0.78947368 0.         0.25       0.6407767  0.72       0.9
 0.46212121 0.5        0.         0.38333333 0.37931034 0.4822695
 0.41666667 0.33333333 0.2        0.75       0.54545455 0.65384615
 0.51948052]
,[0.40983607 0.21428571 0.33333333 0.77777778 0.60330579 0.7
 0.63157895 0.75       0.39534884 0.17391304 0.62135922 0.04347826
 0.72222222 0.30434783 0.41666667 0.77777778 0.         0.
 0.04761905 0.58571429 0.15384615 0.14814815 0.36363636 0.0952381
 0.         0.19047619 0.61538462 0.14285714 0.57142857 0.3255814
 0.5106383  0.54166667 0.04761905 0.23809524 0.86956522 0.
 0.5        0.76870748 0.4        0.78571429 0.         0.57746479
 0.         0.18       0.05555556 0.57446809 0.45714286 0.26470588
 0.51724138 0.         0.03703704 0.85714286 0.51428571 0.42857143
 0.59223301 0.04545455 0.         0.74193548 0.5        0.62962963
 0.64285714 0.19354839 0.02941176 0.27272727 0.2        0.83333333
 0.74074074]
,[0.38910506 0.21052632 0.33802817 0.58064516 0.46056782 0.57731959
 0.60431655 0.6        0.47887324 0.2962963  0.68817204 0.07142857
 0.7027027  0.41176471 0.55555556 0.7        0.         0.
 0.09090909 0.57342657 0.14953271 0.13559322 0.43010753 0.16666667
 0.         0.32       0.68085106 0.24       0.61538462 0.41176471
 0.6        0.46017699 0.07142857 0.35714286 0.6504065  0.
 0.45614035 0.71518987 0.28985507 0.85436893 0.         0.45938375
 0.         0.24324324 0.1        0.57446809 0.46376812 0.33333333
 0.625      0.         0.06451613 0.73333333 0.6        0.58064516
 0.51914894 0.08333333 0.         0.50549451 0.43137255 0.54618474
 0.50561798 0.24489796 0.05128205 0.4        0.29268293 0.73275862
 0.61068702]
