mACC, mP, mR, mF1, ACC, P, R, F1
0.3686548223350254,0.3522552254631541,0.21261545803040544,0.20396291285509813
,[ 49   1   3  47  51   1  94  56   3   1  62   0  16   4   1   4   0   0
   0  46   5   0   7   1   0   1   1   1   0   7  11   6   0   0  78   0
   1 119   0  41   0  74   0   6   3   5   4   1   5   0   2  58   2   4
  56   0   0   9   0  71  34   7   1   0   2  75  25]
,[0.2752809  0.16666667 0.25       0.51648352 0.2372093  0.07692308
 0.376      0.30601093 0.42857143 1.         0.50406504 0.
 0.66666667 0.23529412 1.         1.         0.         0.
 0.         0.54117647 0.13157895 0.         0.28       0.5
 0.         1.         0.25       1.         0.         0.25
 0.5        0.24       0.         0.         0.40206186 0.
 0.33333333 0.44736842 0.         0.89130435 0.         0.25
 0.         0.35294118 0.33333333 0.38461538 0.57142857 0.5
 0.45454545 0.         0.2        0.62365591 1.         1.
 0.21960784 0.         0.         0.5625     0.         0.42771084
 0.32692308 0.53846154 1.         0.         0.14285714 0.49668874
 0.40983607]
,[0.40163934 0.03571429 0.08333333 0.58024691 0.4214876  0.025
 0.70676692 0.73684211 0.06976744 0.04347826 0.60194175 0.
 0.44444444 0.17391304 0.04166667 0.14814815 0.         0.
 0.         0.65714286 0.09615385 0.         0.12727273 0.04761905
 0.         0.04761905 0.03846154 0.04761905 0.         0.1627907
 0.23404255 0.125      0.         0.         0.84782609 0.
 0.03846154 0.80952381 0.         0.73214286 0.         0.52112676
 0.         0.12       0.08333333 0.10638298 0.11428571 0.02941176
 0.17241379 0.         0.07407407 0.75324675 0.05714286 0.19047619
 0.54368932 0.         0.         0.29032258 0.         0.65740741
 0.48571429 0.22580645 0.02941176 0.         0.06666667 0.73529412
 0.46296296]
,[0.32666667 0.05882353 0.125      0.54651163 0.30357143 0.03773585
 0.49086162 0.43243243 0.12       0.08333333 0.54867257 0.
 0.53333333 0.2        0.08       0.25806452 0.         0.
 0.         0.59354839 0.11111111 0.         0.175      0.08695652
 0.         0.09090909 0.06666667 0.09090909 0.         0.1971831
 0.31884058 0.16438356 0.         0.         0.54545455 0.
 0.06896552 0.57627119 0.         0.80392157 0.         0.33789954
 0.         0.17910448 0.13333333 0.16666667 0.19047619 0.05555556
 0.25       0.         0.10810811 0.68235294 0.10810811 0.32
 0.31284916 0.         0.         0.38297872 0.         0.51824818
 0.3908046  0.31818182 0.05714286 0.         0.09090909 0.59288538
 0.43478261]
