mACC, mP, mR, mF1, ACC, P, R, F1
0.5650380710659898,0.5716122653169119,0.47175762632214174,0.47568517847621966
,[ 74   0  28  52  81  28  72  53  34  18  92   3  25  10  23  21  10   7
   0  35   4  15   5   7   0  16  18   6  20  21  32  16   6   7  90   0
   1 115   7  39   3 124   2  28   4  27   6   6  16   1   9  65  29   8
  55   3   3  24  13  63  47  18  14   0   1  87  34]
,[0.51034483 0.         0.33333333 0.57777778 0.44505495 0.54901961
 0.69230769 0.53       0.80952381 0.62068966 0.6969697  0.16666667
 0.75757576 0.5        0.53488372 0.63636364 0.76923077 0.58333333
 0.         0.68627451 0.28571429 0.625      0.33333333 0.77777778
 0.         0.8        0.58064516 0.4        0.71428571 0.63636364
 0.88888889 0.88888889 0.85714286 0.875      0.54545455 0.
 0.5        0.6284153  0.36842105 0.95121951 1.         0.28375286
 0.4        0.37333333 1.         0.6        0.54545455 0.42857143
 0.88888889 0.33333333 0.42857143 0.91549296 0.90625    0.72727273
 0.6875     0.6        0.33333333 0.8        0.54166667 0.75903614
 0.54651163 0.9        0.31818182 0.         0.5        0.73109244
 0.69387755]
,[0.60655738 0.         0.77777778 0.64197531 0.66942149 0.7
 0.54135338 0.69736842 0.79069767 0.7826087  0.89320388 0.13043478
 0.69444444 0.43478261 0.95833333 0.77777778 0.45454545 0.30434783
 0.         0.5        0.07692308 0.55555556 0.09090909 0.33333333
 0.         0.76190476 0.69230769 0.28571429 0.95238095 0.48837209
 0.68085106 0.33333333 0.28571429 0.33333333 0.97826087 0.
 0.03846154 0.78231293 0.28       0.69642857 0.13636364 0.87323944
 0.0952381  0.56       0.11111111 0.57446809 0.17142857 0.17647059
 0.55172414 0.04545455 0.33333333 0.84415584 0.82857143 0.38095238
 0.53398058 0.13636364 0.125      0.77419355 0.59090909 0.58333333
 0.67142857 0.58064516 0.41176471 0.         0.03333333 0.85294118
 0.62962963]
,[0.55430712 0.         0.46666667 0.60818713 0.53465347 0.61538462
 0.60759494 0.60227273 0.8        0.69230769 0.78297872 0.14634146
 0.72463768 0.46511628 0.68656716 0.7        0.57142857 0.4
 0.         0.5785124  0.12121212 0.58823529 0.14285714 0.46666667
 0.         0.7804878  0.63157895 0.33333333 0.81632653 0.55263158
 0.77108434 0.48484848 0.42857143 0.48275862 0.70038911 0.
 0.07142857 0.6969697  0.31818182 0.80412371 0.24       0.4283247
 0.15384615 0.448      0.2        0.58695652 0.26086957 0.25
 0.68085106 0.08       0.375      0.87837838 0.86567164 0.5
 0.6010929  0.22222222 0.18181818 0.78688525 0.56521739 0.65968586
 0.6025641  0.70588235 0.35897436 0.         0.0625     0.78733032
 0.66019417]
