mACC, mP, mR, mF1, ACC, P, R, F1
0.5691624365482234,0.5676837940177918,0.48331422453867123,0.496103104696594
,[ 60   0   6  59  63  27 100  46  31  16  88   3  29   7  20  17   5  11
   5  46  15  12  11   9   0  17  15   5  16  19  40  31   5  10  80   0
   9 105   4  38   2 102   2  10  17  21  24   3  18   5   7  67  22   8
  72   5  15  21   9  76  48  14   8   8  12  86  32]
,[0.46875    0.         0.19354839 0.6344086  0.53389831 0.71052632
 0.59171598 0.55421687 0.68888889 0.66666667 0.66666667 0.3
 0.59183673 0.58333333 0.83333333 0.68       0.5        0.52380952
 0.625      0.63888889 0.32608696 0.4137931  0.47826087 0.25714286
 0.         0.70833333 0.75       0.5        1.         0.65517241
 0.59701493 0.79487179 0.33333333 0.83333333 0.75471698 0.
 0.64285714 0.72916667 0.5        0.92682927 0.5        0.37226277
 0.25       0.35714286 0.5        0.53846154 0.46153846 0.75
 0.85714286 0.29411765 0.53846154 0.78823529 0.84615385 1.
 0.38918919 0.33333333 0.26315789 0.72413793 0.64285714 0.62809917
 0.45714286 0.63636364 0.88888889 0.88888889 0.33333333 0.78899083
 0.82051282]
,[0.49180328 0.         0.16666667 0.72839506 0.52066116 0.675
 0.7518797  0.60526316 0.72093023 0.69565217 0.85436893 0.13043478
 0.80555556 0.30434783 0.83333333 0.62962963 0.22727273 0.47826087
 0.23809524 0.65714286 0.28846154 0.44444444 0.2        0.42857143
 0.         0.80952381 0.57692308 0.23809524 0.76190476 0.44186047
 0.85106383 0.64583333 0.23809524 0.47619048 0.86956522 0.
 0.34615385 0.71428571 0.16       0.67857143 0.09090909 0.71830986
 0.0952381  0.2        0.47222222 0.44680851 0.68571429 0.08823529
 0.62068966 0.22727273 0.25925926 0.87012987 0.62857143 0.38095238
 0.69902913 0.22727273 0.625      0.67741935 0.40909091 0.7037037
 0.68571429 0.4516129  0.23529412 0.36363636 0.4        0.84313725
 0.59259259]
,[0.48       0.         0.17910448 0.67816092 0.52719665 0.69230769
 0.66225166 0.57861635 0.70454545 0.68085106 0.74893617 0.18181818
 0.68235294 0.4        0.83333333 0.65384615 0.3125     0.5
 0.34482759 0.64788732 0.30612245 0.42857143 0.28205128 0.32142857
 0.         0.75555556 0.65217391 0.32258065 0.86486486 0.52777778
 0.70175439 0.71264368 0.27777778 0.60606061 0.80808081 0.
 0.45       0.72164948 0.24242424 0.78350515 0.15384615 0.49038462
 0.13793103 0.25641026 0.48571429 0.48837209 0.55172414 0.15789474
 0.72       0.25641026 0.35       0.82716049 0.72131148 0.55172414
 0.5        0.27027027 0.37037037 0.7        0.5        0.66375546
 0.54857143 0.52830189 0.37209302 0.51612903 0.36363636 0.81516588
 0.68817204]
