mACC, mP, mR, mF1, ACC, P, R, F1
0.513007614213198,0.48928166546811686,0.39732315026218445,0.3871446984831059
,[ 47   0  18  55  73  32  85  64  28  16  79   0  20  11   5  21   0   3
   0  23   8   6   1   0   0  12  17   3  11  14  34  35   1   6  86   0
  10 112   6  43   0  89   0   8   2  21  19   6  18   5   3  72  32   6
  60   3   0  24  10  96  41   2   0   1   0  75  39]
,[0.5        0.         0.29032258 0.49107143 0.44512195 0.74418605
 0.65891473 0.45714286 0.5        0.29090909 0.92941176 0.
 0.71428571 0.47826087 1.         0.75       0.         0.15789474
 0.         0.74193548 0.13114754 0.54545455 0.25       0.
 0.         1.         0.5        0.3        0.91666667 0.56
 0.82926829 0.546875   1.         1.         0.51807229 0.
 0.47619048 0.63636364 0.33333333 0.72881356 0.         0.33085502
 0.         0.42105263 1.         0.28378378 0.42222222 0.35294118
 0.94736842 0.33333333 1.         0.73469388 0.82051282 1.
 0.57142857 0.42857143 0.         0.63157895 0.5        0.37795276
 0.40196078 0.66666667 0.         1.         0.         0.68181818
 0.45348837]
,[0.3852459  0.         0.5        0.67901235 0.60330579 0.8
 0.63909774 0.84210526 0.65116279 0.69565217 0.76699029 0.
 0.55555556 0.47826087 0.20833333 0.77777778 0.         0.13043478
 0.         0.32857143 0.15384615 0.22222222 0.01818182 0.
 0.         0.57142857 0.65384615 0.14285714 0.52380952 0.3255814
 0.72340426 0.72916667 0.04761905 0.28571429 0.93478261 0.
 0.38461538 0.76190476 0.24       0.76785714 0.         0.62676056
 0.         0.16       0.05555556 0.44680851 0.54285714 0.17647059
 0.62068966 0.22727273 0.11111111 0.93506494 0.91428571 0.28571429
 0.58252427 0.13636364 0.         0.77419355 0.45454545 0.88888889
 0.58571429 0.06451613 0.         0.04545455 0.         0.73529412
 0.72222222]
,[0.43518519 0.         0.36734694 0.56994819 0.5122807  0.77108434
 0.64885496 0.59259259 0.56565657 0.41025641 0.84042553 0.
 0.625      0.47826087 0.34482759 0.76363636 0.         0.14285714
 0.         0.45544554 0.14159292 0.31578947 0.03389831 0.
 0.         0.72727273 0.56666667 0.19354839 0.66666667 0.41176471
 0.77272727 0.625      0.09090909 0.44444444 0.66666667 0.
 0.42553191 0.69349845 0.27906977 0.74782609 0.         0.43309002
 0.         0.23188406 0.10526316 0.34710744 0.475      0.23529412
 0.75       0.27027027 0.2        0.82285714 0.86486486 0.44444444
 0.57692308 0.20689655 0.         0.69565217 0.47619048 0.53038674
 0.47674419 0.11764706 0.         0.08695652 0.         0.70754717
 0.55714286]
