mACC, mP, mR, mF1, ACC, P, R, F1
0.567258883248731,0.5838329808289755,0.46226476223319496,0.4585026483709462
,[ 32   0  21  67  84  29 103  50  29  13  82   0  13   1  21  21   6  14
   1  56  20   7  11   7   0   9  20   2  21  16  40  23   0  10  88   2
  18 119   3  46   2  99   0  31  11  34  16   1  20   3  14  67  30   8
  60   3   2  25  10  90  28   3   9   2   0  85  30]
,[0.43835616 0.         0.29577465 0.4527027  0.45652174 0.64444444
 0.57222222 0.53763441 0.93548387 0.61904762 0.95348837 0.
 0.92857143 1.         0.42       0.7        0.85714286 0.7
 0.5        0.44444444 0.37735849 0.63636364 0.6875     0.58333333
 0.         1.         0.46511628 0.5        0.67741935 0.72727273
 0.42105263 0.76666667 0.         0.76923077 0.73333333 0.13333333
 0.58064516 0.63978495 1.         0.82142857 0.28571429 0.43043478
 0.         0.3875     0.73333333 0.55737705 0.66666667 1.
 0.86956522 0.5        0.53846154 0.81707317 0.88235294 0.53333333
 0.45801527 0.5        0.66666667 0.71428571 0.76923077 0.47120419
 0.77777778 0.5        0.6        1.         0.         0.625
 0.85714286]
,[0.26229508 0.         0.58333333 0.82716049 0.69421488 0.725
 0.77443609 0.65789474 0.6744186  0.56521739 0.7961165  0.
 0.36111111 0.04347826 0.875      0.77777778 0.27272727 0.60869565
 0.04761905 0.8        0.38461538 0.25925926 0.2        0.33333333
 0.         0.42857143 0.76923077 0.0952381  1.         0.37209302
 0.85106383 0.47916667 0.         0.47619048 0.95652174 0.0625
 0.69230769 0.80952381 0.12       0.82142857 0.09090909 0.6971831
 0.         0.62       0.30555556 0.72340426 0.45714286 0.02941176
 0.68965517 0.13636364 0.51851852 0.87012987 0.85714286 0.38095238
 0.58252427 0.13636364 0.08333333 0.80645161 0.45454545 0.83333333
 0.4        0.09677419 0.26470588 0.09090909 0.         0.83333333
 0.55555556]
,[0.32820513 0.         0.39252336 0.58515284 0.55081967 0.68235294
 0.65814696 0.59171598 0.78378378 0.59090909 0.86772487 0.
 0.52       0.08333333 0.56756757 0.73684211 0.4137931  0.65116279
 0.08695652 0.57142857 0.38095238 0.36842105 0.30985915 0.42424242
 0.         0.6        0.57971014 0.16       0.80769231 0.49230769
 0.56338028 0.58974359 0.         0.58823529 0.83018868 0.08510638
 0.63157895 0.71471471 0.21428571 0.82142857 0.13793103 0.53225806
 0.         0.47692308 0.43137255 0.62962963 0.54237288 0.05714286
 0.76923077 0.21428571 0.52830189 0.8427673  0.86956522 0.44444444
 0.51282051 0.21428571 0.14814815 0.75757576 0.57142857 0.60200669
 0.52830189 0.16216216 0.36734694 0.16666667 0.         0.71428571
 0.6741573 ]
