mACC, mP, mR, mF1, ACC, P, R, F1
0.4473350253807107,0.3973713239781254,0.34574524832531334,0.33512714243860275
,[ 44   3   6  55  78  28  30  61  19   2  64   0   7   5  24  21   0   0
   0  40   7  15  13   0   0  10  12   0  10  11  30  18   3   2  75   0
  22 131   0  38   0  86   1  13   0  19  26   8  18   0   0  39  18   3
  63   0   0  17   4  35  42  18  11   0   0  81  24]
,[0.30344828 0.16666667 0.21428571 0.45454545 0.29657795 0.68292683
 0.375      0.36309524 0.9047619  0.22222222 0.7804878  0.
 0.58333333 1.         0.39344262 0.7        0.         0.
 0.         0.51282051 0.31818182 0.36585366 0.2826087  0.
 0.         0.58823529 0.70588235 0.         0.90909091 0.6875
 0.69767442 0.45       0.23076923 0.66666667 0.78947368 0.
 0.30136986 0.47463768 0.         0.95       0.         0.34817814
 0.16666667 0.30232558 0.         0.3220339  0.44067797 0.66666667
 0.5        0.         0.         0.88636364 1.         0.6
 0.33870968 0.         0.         0.80952381 0.8        0.68627451
 0.40384615 0.30508475 0.2972973  0.         0.         0.60447761
 0.77419355]
,[0.36065574 0.10714286 0.16666667 0.67901235 0.6446281  0.7
 0.22556391 0.80263158 0.44186047 0.08695652 0.62135922 0.
 0.19444444 0.2173913  1.         0.77777778 0.         0.
 0.         0.57142857 0.13461538 0.55555556 0.23636364 0.
 0.         0.47619048 0.46153846 0.         0.47619048 0.25581395
 0.63829787 0.375      0.14285714 0.0952381  0.81521739 0.
 0.84615385 0.89115646 0.         0.67857143 0.         0.6056338
 0.04761905 0.26       0.         0.40425532 0.74285714 0.23529412
 0.62068966 0.         0.         0.50649351 0.51428571 0.14285714
 0.61165049 0.         0.         0.5483871  0.18181818 0.32407407
 0.6        0.58064516 0.32352941 0.         0.         0.79411765
 0.44444444]
,[0.32958801 0.13043478 0.1875     0.54455446 0.40625    0.69135802
 0.28169014 0.5        0.59375    0.125      0.69189189 0.
 0.29166667 0.35714286 0.56470588 0.73684211 0.         0.
 0.         0.54054054 0.18918919 0.44117647 0.25742574 0.
 0.         0.52631579 0.55813953 0.         0.625      0.37288136
 0.66666667 0.40909091 0.17647059 0.16666667 0.80213904 0.
 0.44444444 0.61938534 0.         0.79166667 0.         0.44215938
 0.07407407 0.27956989 0.         0.35849057 0.55319149 0.34782609
 0.55384615 0.         0.         0.6446281  0.67924528 0.23076923
 0.43598616 0.         0.         0.65384615 0.2962963  0.44025157
 0.48275862 0.4        0.30985915 0.         0.         0.68644068
 0.56470588]
