mACC, mP, mR, mF1, ACC, P, R, F1
0.5095177664974619,0.4742287340863829,0.3960721966094881,0.38582379386770627
,[ 53   0  13  63  83  33  74  58  35   4  79   0  13   1  22  21   1   0
   0  35   7   9  35   0   0  16  16   1  20  16  37  30   0   8  85   0
  16 115   0  46   0  84   0  21   0  30  20   1  18   2   7  52   7   1
  49   0   0  16   9  51  43   9  13   1   0  87  40]
,[0.22362869 0.         0.2826087  0.57272727 0.27392739 0.66
 0.67272727 0.50877193 0.94594595 0.57142857 0.89772727 0.
 0.61904762 1.         0.70967742 0.75       1.         0.
 0.         0.58333333 0.53846154 0.52941176 0.37634409 0.
 0.         0.76190476 0.88888889 0.16666667 0.86956522 0.66666667
 0.58730159 0.41666667 0.         1.         0.48022599 0.
 0.47058824 0.60846561 0.         0.64788732 0.         0.44444444
 0.         0.46666667 0.         0.44776119 0.51282051 1.
 0.7826087  0.25       0.4375     0.88135593 0.53846154 0.5
 0.64473684 0.         0.         0.84210526 0.6        0.408
 0.45744681 0.69230769 0.59090909 1.         0.         0.5304878
 0.46511628]
,[0.43442623 0.         0.36111111 0.77777778 0.68595041 0.825
 0.55639098 0.76315789 0.81395349 0.17391304 0.76699029 0.
 0.36111111 0.04347826 0.91666667 0.77777778 0.04545455 0.
 0.         0.5        0.13461538 0.33333333 0.63636364 0.
 0.         0.76190476 0.61538462 0.04761905 0.95238095 0.37209302
 0.78723404 0.625      0.         0.38095238 0.92391304 0.
 0.61538462 0.78231293 0.         0.82142857 0.         0.5915493
 0.         0.42       0.         0.63829787 0.57142857 0.02941176
 0.62068966 0.09090909 0.25925926 0.67532468 0.2        0.04761905
 0.47572816 0.         0.         0.51612903 0.40909091 0.47222222
 0.61428571 0.29032258 0.38235294 0.04545455 0.         0.85294118
 0.74074074]
,[0.29526462 0.         0.31707317 0.65968586 0.39150943 0.73333333
 0.6090535  0.61052632 0.875      0.26666667 0.82722513 0.
 0.45614035 0.08333333 0.8        0.76363636 0.08695652 0.
 0.         0.53846154 0.21538462 0.40909091 0.47297297 0.
 0.         0.76190476 0.72727273 0.07407407 0.90909091 0.47761194
 0.67272727 0.5        0.         0.55172414 0.63197026 0.
 0.53333333 0.68452381 0.         0.72440945 0.         0.50755287
 0.         0.44210526 0.         0.52631579 0.54054054 0.05714286
 0.69230769 0.13333333 0.3255814  0.76470588 0.29166667 0.08695652
 0.54748603 0.         0.         0.64       0.48648649 0.43776824
 0.52439024 0.40909091 0.46428571 0.08695652 0.         0.65413534
 0.57142857]
