mACC, mP, mR, mF1, ACC, P, R, F1
0.5935913705583756,0.6155853512492306,0.5118135701512322,0.5124200272231632
,[ 87   7  22  63  60  36  85  41  35  14  83   1  28   1  24  22  10  15
   7  41  14  17  17   9   0  17  16   4  17  24  36  40   2   5  87   0
  11 118   4  45   2 110   0  36   6  31  16   0  20   5   3  65  30   9
  66  12   5  26  14  57  50  10  17   1  10  62  43]
,[0.43069307 0.77777778 0.5        0.5        0.55045872 0.6
 0.78703704 0.56944444 0.85365854 0.56       0.92222222 0.33333333
 0.65116279 0.16666667 0.64864865 0.81481481 0.83333333 0.78947368
 0.53846154 0.68333333 0.36842105 0.33333333 0.47222222 0.40909091
 0.         0.89473684 0.94117647 0.66666667 1.         0.66666667
 0.70588235 0.47058824 0.66666667 0.83333333 0.71311475 0.
 0.61111111 0.64835165 0.66666667 0.95744681 1.         0.39007092
 0.         0.43373494 1.         0.43661972 0.72727273 0.
 0.58823529 0.625      0.75       0.74712644 0.9375     0.81818182
 0.53225806 0.54545455 0.625      0.53061224 0.58333333 0.75
 0.4        0.76923077 0.53125    1.         0.52631579 0.83783784
 0.62318841]
,[0.71311475 0.25       0.61111111 0.77777778 0.49586777 0.9
 0.63909774 0.53947368 0.81395349 0.60869565 0.80582524 0.04347826
 0.77777778 0.04347826 1.         0.81481481 0.45454545 0.65217391
 0.33333333 0.58571429 0.26923077 0.62962963 0.30909091 0.42857143
 0.         0.80952381 0.61538462 0.19047619 0.80952381 0.55813953
 0.76595745 0.83333333 0.0952381  0.23809524 0.94565217 0.
 0.42307692 0.80272109 0.16       0.80357143 0.09090909 0.77464789
 0.         0.72       0.16666667 0.65957447 0.45714286 0.
 0.68965517 0.22727273 0.11111111 0.84415584 0.85714286 0.42857143
 0.6407767  0.54545455 0.20833333 0.83870968 0.63636364 0.52777778
 0.71428571 0.32258065 0.5        0.04545455 0.33333333 0.60784314
 0.7962963 ]
,[0.53703704 0.37837838 0.55       0.60869565 0.52173913 0.72
 0.70539419 0.55405405 0.83333333 0.58333333 0.86010363 0.07692308
 0.70886076 0.06896552 0.78688525 0.81481481 0.58823529 0.71428571
 0.41176471 0.63076923 0.31111111 0.43589744 0.37362637 0.41860465
 0.         0.85       0.74418605 0.2962963  0.89473684 0.60759494
 0.73469388 0.60150376 0.16666667 0.37037037 0.81308411 0.
 0.5        0.71732523 0.25806452 0.87378641 0.16666667 0.51886792
 0.         0.54135338 0.28571429 0.52542373 0.56140351 0.
 0.63492063 0.33333333 0.19354839 0.79268293 0.89552239 0.5625
 0.5814978  0.54545455 0.3125     0.65       0.60869565 0.61956522
 0.51282051 0.45454545 0.51515152 0.08695652 0.40816327 0.70454545
 0.69918699]
