mACC, mP, mR, mF1, ACC, P, R, F1
0.5358502538071066,0.566039171230819,0.45950340166414005,0.47026487117145094
,[ 52   5  29  45  53  21 102  48  25   9  92   5  25   9  20  11  11  17
   5  48  19   9  13   7   5  10  16   2  19  17  11  37   0  12  72   1
  12  78  12  41   1  79   1  28  19  20   9   2  11   0   9  64  27   6
  82  10   3  18   7  73  35  11  18   3  10  85  33]
,[0.59090909 0.23809524 0.32954545 0.43269231 0.70666667 0.875
 0.6035503  0.46601942 0.86206897 0.6        0.67647059 0.45454545
 0.56818182 0.9        0.8        0.73333333 0.39285714 0.48571429
 0.83333333 0.53333333 0.475      0.64285714 0.61904762 0.875
 0.625      1.         0.4        0.33333333 0.82608696 0.62962963
 0.84615385 0.36633663 0.         0.92307692 0.87804878 0.5
 0.5        0.79591837 0.15189873 0.89130435 0.08333333 0.50967742
 0.25       0.31460674 0.3877551  0.58823529 0.75       0.18181818
 0.78571429 0.         0.5        0.61538462 0.87096774 0.42857143
 0.27424749 0.55555556 0.5        0.69230769 0.58333333 0.52517986
 0.55555556 0.52380952 0.39130435 0.6        0.625      0.60283688
 0.86842105]
,[0.42622951 0.17857143 0.80555556 0.55555556 0.43801653 0.525
 0.76691729 0.63157895 0.58139535 0.39130435 0.89320388 0.2173913
 0.69444444 0.39130435 0.83333333 0.40740741 0.5        0.73913043
 0.23809524 0.68571429 0.36538462 0.33333333 0.23636364 0.33333333
 0.20833333 0.47619048 0.61538462 0.0952381  0.9047619  0.39534884
 0.23404255 0.77083333 0.         0.57142857 0.7826087  0.03125
 0.46153846 0.53061224 0.48       0.73214286 0.04545455 0.55633803
 0.04761905 0.56       0.52777778 0.42553191 0.25714286 0.05882353
 0.37931034 0.         0.33333333 0.83116883 0.77142857 0.28571429
 0.7961165  0.45454545 0.125      0.58064516 0.31818182 0.67592593
 0.5        0.35483871 0.52941176 0.13636364 0.33333333 0.83333333
 0.61111111]
,[0.4952381  0.20408163 0.46774194 0.48648649 0.54081633 0.65625
 0.67549669 0.53631285 0.69444444 0.47368421 0.76987448 0.29411765
 0.625      0.54545455 0.81632653 0.52380952 0.44       0.5862069
 0.37037037 0.6        0.41304348 0.43902439 0.34210526 0.48275862
 0.3125     0.64516129 0.48484848 0.14814815 0.86363636 0.48571429
 0.36666667 0.4966443  0.         0.70588235 0.82758621 0.05882353
 0.48       0.63673469 0.23076923 0.80392157 0.05882353 0.53198653
 0.08       0.4028777  0.44705882 0.49382716 0.38297872 0.08888889
 0.51162791 0.         0.4        0.70718232 0.81818182 0.34285714
 0.4079602  0.5        0.2        0.63157895 0.41176471 0.59109312
 0.52631579 0.42307692 0.45       0.22222222 0.43478261 0.69958848
 0.7173913 ]
