mACC, mP, mR, mF1, ACC, P, R, F1
0.3477157360406091,0.27226987752904946,0.20889496553939,0.19628428843450624
,[ 50   0   0  19  53   9  64  42   8   1  80   0   2   0   7  12   0   0
   0  48  20   0   5   0   0   0   3   0   0   4  17   1   0   0  73   0
   6 112   0  34   0  85   0  10   0   9  17   0   5   0   2  65   3   0
  33   0   0  13   4  58  22   2   1   0   1  71  25]
,[0.3030303  0.         0.         0.2345679  0.29281768 0.81818182
 0.28699552 0.33070866 0.27586207 1.         0.41666667 0.
 0.25       0.         0.63636364 0.92307692 0.         0.
 0.         0.44859813 0.17241379 0.         0.18518519 0.
 0.         0.         0.07317073 0.         0.         0.36363636
 0.60714286 0.07142857 0.         0.         0.50694444 0.
 0.46153846 0.37583893 0.         0.70833333 0.         0.24926686
 0.         0.27777778 0.         0.39130435 0.4047619  0.
 0.83333333 0.         0.33333333 0.56034483 0.42857143 0.
 0.2481203  0.         0.         0.54166667 0.57142857 0.28431373
 0.34920635 0.13333333 1.         0.         1.         0.4382716
 0.45454545]
,[0.40983607 0.         0.         0.2345679  0.43801653 0.225
 0.48120301 0.55263158 0.18604651 0.04347826 0.77669903 0.
 0.05555556 0.         0.29166667 0.44444444 0.         0.
 0.         0.68571429 0.38461538 0.         0.09090909 0.
 0.         0.         0.11538462 0.         0.         0.09302326
 0.36170213 0.02083333 0.         0.         0.79347826 0.
 0.23076923 0.76190476 0.         0.60714286 0.         0.59859155
 0.         0.2        0.         0.19148936 0.48571429 0.
 0.17241379 0.         0.07407407 0.84415584 0.08571429 0.
 0.32038835 0.         0.         0.41935484 0.18181818 0.53703704
 0.31428571 0.06451613 0.02941176 0.         0.03333333 0.69607843
 0.46296296]
,[0.34843206 0.         0.         0.2345679  0.35099338 0.35294118
 0.35955056 0.4137931  0.22222222 0.08333333 0.54237288 0.
 0.09090909 0.         0.4        0.6        0.         0.
 0.         0.54237288 0.23809524 0.         0.12195122 0.
 0.         0.         0.08955224 0.         0.         0.14814815
 0.45333333 0.03225806 0.         0.         0.61864407 0.
 0.30769231 0.50337079 0.         0.65384615 0.         0.35196687
 0.         0.23255814 0.         0.25714286 0.44155844 0.
 0.28571429 0.         0.12121212 0.67357513 0.14285714 0.
 0.27966102 0.         0.         0.47272727 0.27586207 0.37179487
 0.33082707 0.08695652 0.05714286 0.         0.06451613 0.53787879
 0.4587156 ]
