mACC, mP, mR, mF1, ACC, P, R, F1
0.5104695431472082,0.5040004622214085,0.40819296191689464,0.4130907403913449
,[ 65   2  13  48  55  24  87  46  24   6  91   2  20   2  22  21   1  11
  10  48  23   8  23   2   5  13  15   3  20  24  17  18   0   2  84   1
  11 114   3  45   7  91   1  26  16  15  18   2  10   5  10  71  11   2
  58   5   0  15   4  70  19   8   4   6   2  80  24]
,[0.47794118 0.66666667 0.26530612 0.65753425 0.40145985 0.61538462
 0.56493506 0.48421053 0.66666667 0.31578947 0.57232704 0.33333333
 0.47619048 0.5        0.52380952 0.75       0.25       0.61111111
 0.32258065 0.60759494 0.42592593 0.57142857 0.35384615 0.4
 0.29411765 0.72222222 0.625      0.42857143 0.83333333 0.31578947
 0.70833333 0.42857143 0.         1.         0.38888889 0.5
 0.45833333 0.67058824 0.375      0.78947368 0.7        0.47643979
 0.1        0.43333333 0.44444444 0.48387097 0.48648649 0.25
 0.83333333 0.41666667 0.4        0.73195876 0.78571429 0.4
 0.3625     0.38461538 0.         0.88235294 0.66666667 0.58823529
 0.3877551  0.72727273 0.44444444 0.54545455 0.22222222 0.48780488
 0.77419355]
,[0.53278689 0.07142857 0.36111111 0.59259259 0.45454545 0.6
 0.65413534 0.60526316 0.55813953 0.26086957 0.88349515 0.08695652
 0.55555556 0.08695652 0.91666667 0.77777778 0.04545455 0.47826087
 0.47619048 0.68571429 0.44230769 0.2962963  0.41818182 0.0952381
 0.20833333 0.61904762 0.57692308 0.14285714 0.95238095 0.55813953
 0.36170213 0.375      0.         0.0952381  0.91304348 0.03125
 0.42307692 0.7755102  0.12       0.80357143 0.31818182 0.64084507
 0.04761905 0.52       0.44444444 0.31914894 0.51428571 0.05882353
 0.34482759 0.22727273 0.37037037 0.92207792 0.31428571 0.0952381
 0.5631068  0.22727273 0.         0.48387097 0.18181818 0.64814815
 0.27142857 0.25806452 0.11764706 0.27272727 0.06666667 0.78431373
 0.44444444]
,[0.50387597 0.12903226 0.30588235 0.62337662 0.42635659 0.60759494
 0.60627178 0.5380117  0.60759494 0.28571429 0.69465649 0.13793103
 0.51282051 0.14814815 0.66666667 0.76363636 0.07692308 0.53658537
 0.38461538 0.6442953  0.43396226 0.3902439  0.38333333 0.15384615
 0.24390244 0.66666667 0.6        0.21428571 0.88888889 0.40336134
 0.47887324 0.4        0.         0.17391304 0.54545455 0.05882353
 0.44       0.7192429  0.18181818 0.79646018 0.4375     0.54654655
 0.06451613 0.47272727 0.44444444 0.38461538 0.5        0.0952381
 0.48780488 0.29411765 0.38461538 0.81609195 0.44897959 0.15384615
 0.44106464 0.28571429 0.         0.625      0.28571429 0.61674009
 0.31932773 0.38095238 0.18604651 0.36363636 0.1025641  0.60150376
 0.56470588]
