mACC, mP, mR, mF1, ACC, P, R, F1
0.5701142131979695,0.551295932641414,0.5043009671721893,0.49903047249156957
,[ 55   8  11  57  71  25  97  51  28  16  93   2  29   8  22  20   3  17
  14  49   9  11  18   6  11  14  16   5  17  28  26  20   7   5  73   7
  16 103   6  43   2  95   1  23  15  26  20   0  23   0   4  71  28   6
  62  12   4  25  16  58  21   8  15   4  18  77  46]
,[0.45081967 0.16666667 0.40740741 0.49565217 0.58677686 0.73529412
 0.68794326 0.5049505  0.75675676 0.53333333 0.69402985 0.15384615
 0.6744186  0.8        0.70967742 0.60606061 0.3        0.70833333
 0.31818182 0.49494949 0.40909091 0.78571429 0.72       0.6
 0.14473684 0.73684211 0.69565217 0.19230769 0.89473684 0.66666667
 0.7027027  0.71428571 0.5        0.71428571 0.66972477 0.38888889
 0.51612903 0.78030303 0.46153846 0.87755102 0.4        0.475
 0.09090909 0.36507937 0.57692308 0.74285714 0.45454545 0.
 0.60526316 0.         0.44444444 0.73958333 0.82352941 0.46153846
 0.53448276 0.48       1.         0.32467532 0.28070175 0.56862745
 0.72413793 0.57142857 0.71428571 0.44444444 0.6        0.82795699
 0.73015873]
,[0.45081967 0.28571429 0.30555556 0.7037037  0.58677686 0.625
 0.72932331 0.67105263 0.65116279 0.69565217 0.90291262 0.08695652
 0.80555556 0.34782609 0.91666667 0.74074074 0.13636364 0.73913043
 0.66666667 0.7        0.17307692 0.40740741 0.32727273 0.28571429
 0.45833333 0.66666667 0.61538462 0.23809524 0.80952381 0.65116279
 0.55319149 0.41666667 0.33333333 0.23809524 0.79347826 0.21875
 0.61538462 0.70068027 0.24       0.76785714 0.09090909 0.66901408
 0.04761905 0.46       0.41666667 0.55319149 0.57142857 0.
 0.79310345 0.         0.14814815 0.92207792 0.8        0.28571429
 0.60194175 0.54545455 0.16666667 0.80645161 0.72727273 0.53703704
 0.3        0.25806452 0.44117647 0.18181818 0.6        0.75490196
 0.85185185]
,[0.45081967 0.21052632 0.34920635 0.58163265 0.58677686 0.67567568
 0.7080292  0.57627119 0.7        0.60377358 0.78481013 0.11111111
 0.73417722 0.48484848 0.8        0.66666667 0.1875     0.72340426
 0.43076923 0.57988166 0.24324324 0.53658537 0.45       0.38709677
 0.22       0.7        0.65306122 0.21276596 0.85       0.65882353
 0.61904762 0.52631579 0.4        0.35714286 0.72636816 0.28
 0.56140351 0.73835125 0.31578947 0.81904762 0.14814815 0.55555556
 0.0625     0.40707965 0.48387097 0.63414634 0.50632911 0.
 0.68656716 0.         0.22222222 0.82080925 0.8115942  0.35294118
 0.56621005 0.5106383  0.28571429 0.46296296 0.40506329 0.55238095
 0.42424242 0.35555556 0.54545455 0.25806452 0.6        0.78974359
 0.78632479]
