mACC, mP, mR, mF1, ACC, P, R, F1
0.5567893401015228,0.5269623686976234,0.47370848674266613,0.4771227909084887
,[ 47   7  22  54  72  22  82  52  18  16  83   0  26   8  21  19  10  11
   0  52  11   5  14   7   4  20  17   3  13  17  39  30   1  11  65   4
  16 127  10  42   3  92   5  31  17  31  16   0  21   4   2  71  28   7
  56   3   4  22   9  87  36   4  15   6   6  84  17]
,[0.55952381 0.21212121 0.34920635 0.7012987  0.36       0.81481481
 0.656      0.37410072 0.72       0.66666667 0.81372549 0.
 0.65       0.57142857 0.67741935 0.55882353 0.83333333 0.45833333
 0.         0.60465116 0.57894737 0.55555556 0.42424242 0.31818182
 0.13793103 0.58823529 0.5483871  0.375      0.92857143 0.62962963
 0.52       0.68181818 0.2        1.         0.86666667 0.18181818
 0.45714286 0.65463918 0.34482759 0.93333333 0.3        0.44230769
 0.25       0.45588235 0.62962963 0.62       0.84210526 0.
 0.65625    0.25       0.2        0.75531915 0.73684211 0.58333333
 0.57731959 0.15       0.4        0.62857143 0.69230769 0.43939394
 0.58064516 0.57142857 0.6        0.6        0.4        0.73043478
 0.70833333]
,[0.3852459  0.25       0.61111111 0.66666667 0.59504132 0.55
 0.61654135 0.68421053 0.41860465 0.69565217 0.80582524 0.
 0.72222222 0.34782609 0.875      0.7037037  0.45454545 0.47826087
 0.         0.74285714 0.21153846 0.18518519 0.25454545 0.33333333
 0.16666667 0.95238095 0.65384615 0.14285714 0.61904762 0.39534884
 0.82978723 0.625      0.04761905 0.52380952 0.70652174 0.125
 0.61538462 0.86394558 0.4        0.75       0.13636364 0.64788732
 0.23809524 0.62       0.47222222 0.65957447 0.45714286 0.
 0.72413793 0.18181818 0.07407407 0.92207792 0.8        0.33333333
 0.54368932 0.13636364 0.16666667 0.70967742 0.40909091 0.80555556
 0.51428571 0.12903226 0.44117647 0.27272727 0.2        0.82352941
 0.31481481]
,[0.45631068 0.2295082  0.44444444 0.6835443  0.44859813 0.65671642
 0.63565891 0.48372093 0.52941176 0.68085106 0.8097561  0.
 0.68421053 0.43243243 0.76363636 0.62295082 0.58823529 0.46808511
 0.         0.66666667 0.30985915 0.27777778 0.31818182 0.3255814
 0.1509434  0.72727273 0.59649123 0.20689655 0.74285714 0.48571429
 0.63934426 0.65217391 0.07692308 0.6875     0.77844311 0.14814815
 0.52459016 0.74486804 0.37037037 0.83168317 0.1875     0.52571429
 0.24390244 0.52542373 0.53968254 0.63917526 0.59259259 0.
 0.68852459 0.21052632 0.10810811 0.83040936 0.76712329 0.42424242
 0.56       0.14285714 0.23529412 0.66666667 0.51428571 0.56862745
 0.54545455 0.21052632 0.50847458 0.375      0.26666667 0.77419355
 0.43589744]
