mACC, mP, mR, mF1, ACC, P, R, F1
0.634,0.6423377462139266,0.6339999999999999,0.6109424473677207
,[11 12 16 16 13  9 18  3 16 17 10 15 18 19  2  5 18 18 18  9 11 18 11  0
 14 17 19 18 14 12 18 10  4 13  5 17 12  0 17 16 13  5 15 10 15 15 10 17
 14 17 17 18 17 14  7 12 13 19  9 14 15 18 18  3 12  1  0  0  1 14 17 13
  9 19 12 17 12 16  8 20 15 19 15 10  5 17 12 12 12 14 20  2  5  9 12 19
 16 19 14 16]
,[0.42307692 0.85714286 0.69565217 0.59259259 0.52       0.75
 0.48648649 1.         0.72727273 0.68       0.71428571 0.6
 0.5        0.65517241 1.         0.23809524 0.375      0.6
 0.5625     0.64285714 0.57894737 0.6        0.73333333 0.
 0.5        0.77272727 0.9047619  1.         0.5        1.
 0.85714286 0.52631579 0.30769231 0.52       0.41666667 0.94444444
 0.6        0.         0.70833333 0.55172414 0.68421053 0.2
 0.71428571 0.625      0.51724138 0.75       1.         0.56666667
 0.7        0.60714286 0.70833333 0.66666667 0.73913043 0.63636364
 0.875      0.4        0.68421053 0.67857143 0.69230769 0.58333333
 0.45454545 0.62068966 0.9        0.75       0.8        0.5
 0.         0.         0.04761905 0.7        0.94444444 0.61904762
 0.47368421 0.9047619  0.54545455 0.70833333 0.52173913 0.84210526
 0.33333333 0.54054054 0.75       1.         0.75       0.52631579
 0.71428571 0.70833333 0.85714286 0.92307692 0.66666667 0.875
 0.95238095 0.5        0.22727273 0.69230769 1.         0.95
 1.         0.67857143 0.82352941 0.76190476]
,[0.55 0.6  0.8  0.8  0.65 0.45 0.9  0.15 0.8  0.85 0.5  0.75 0.9  0.95
 0.1  0.25 0.9  0.9  0.9  0.45 0.55 0.9  0.55 0.   0.7  0.85 0.95 0.9
 0.7  0.6  0.9  0.5  0.2  0.65 0.25 0.85 0.6  0.   0.85 0.8  0.65 0.25
 0.75 0.5  0.75 0.75 0.5  0.85 0.7  0.85 0.85 0.9  0.85 0.7  0.35 0.6
 0.65 0.95 0.45 0.7  0.75 0.9  0.9  0.15 0.6  0.05 0.   0.   0.05 0.7
 0.85 0.65 0.45 0.95 0.6  0.85 0.6  0.8  0.4  1.   0.75 0.95 0.75 0.5
 0.25 0.85 0.6  0.6  0.6  0.7  1.   0.1  0.25 0.45 0.6  0.95 0.8  0.95
 0.7  0.8 ]
,[0.47826087 0.70588235 0.74418605 0.68085106 0.57777778 0.5625
 0.63157895 0.26086957 0.76190476 0.75555556 0.58823529 0.66666667
 0.64285714 0.7755102  0.18181818 0.24390244 0.52941176 0.72
 0.69230769 0.52941176 0.56410256 0.72       0.62857143 0.
 0.58333333 0.80952381 0.92682927 0.94736842 0.58333333 0.75
 0.87804878 0.51282051 0.24242424 0.57777778 0.3125     0.89473684
 0.6        0.         0.77272727 0.65306122 0.66666667 0.22222222
 0.73170732 0.55555556 0.6122449  0.75       0.66666667 0.68
 0.7        0.70833333 0.77272727 0.76595745 0.79069767 0.66666667
 0.5        0.48       0.66666667 0.79166667 0.54545455 0.63636364
 0.56603774 0.73469388 0.9        0.25       0.68571429 0.09090909
 0.         0.         0.04878049 0.7        0.89473684 0.63414634
 0.46153846 0.92682927 0.57142857 0.77272727 0.55813953 0.82051282
 0.36363636 0.70175439 0.75       0.97435897 0.75       0.51282051
 0.37037037 0.77272727 0.70588235 0.72727273 0.63157895 0.77777778
 0.97560976 0.16666667 0.23809524 0.54545455 0.75       0.95
 0.88888889 0.79166667 0.75675676 0.7804878 ]
