mACC, mP, mR, mF1, ACC, P, R, F1
0.6965,0.7146113609416165,0.6964999999999999,0.6827769254343495
,[ 5 16 16 16 16 11 18 18 15 17 10 18 19 16  9  7 17 16 13 12 13 16 14  2
 11 19 20 16 18 16 15 14 13 16  9 18 14  0 14 15 17 12 16 16 13 18 11 19
 13 15 16 19 18 12 11  9 16 20  7 16 16 19 19  5 15  5  4 12  1 15 17 13
 11 18 12 18 10 14 10 20 13 20 15 13  6 11 16 13 15 18 20  5  9 14 16 18
 17 16 15 17]
,[0.41666667 0.94117647 0.61538462 0.51612903 0.61538462 0.6875
 0.64285714 0.81818182 0.75       0.85       0.52631579 0.54545455
 0.65517241 0.76190476 0.75       0.38888889 0.5483871  0.59259259
 0.76470588 0.63157895 0.65       0.69565217 0.73684211 1.
 0.91666667 0.54285714 0.90909091 0.94117647 0.75       0.84210526
 0.9375     0.56       0.65       0.64       0.75       1.
 0.60869565 0.         0.875      0.75       0.68       0.54545455
 0.76190476 0.5        0.59090909 0.47368421 0.73333333 0.67857143
 0.76470588 0.78947368 0.94117647 0.7037037  0.5625     0.8
 0.84615385 0.3        0.64       0.66666667 0.77777778 0.55172414
 0.47058824 0.9047619  0.86363636 0.625      0.68181818 0.55555556
 0.66666667 0.63157895 1.         0.78947368 0.89473684 0.61904762
 0.5        1.         0.63157895 1.         0.71428571 0.77777778
 0.66666667 0.8        0.76470588 0.95238095 0.75       0.65
 0.66666667 0.45833333 0.8        0.86666667 0.83333333 0.75
 1.         0.625      0.5        0.53846154 1.         0.94736842
 0.89473684 0.76190476 0.88235294 0.94444444]
,[0.25 0.8  0.8  0.8  0.8  0.55 0.9  0.9  0.75 0.85 0.5  0.9  0.95 0.8
 0.45 0.35 0.85 0.8  0.65 0.6  0.65 0.8  0.7  0.1  0.55 0.95 1.   0.8
 0.9  0.8  0.75 0.7  0.65 0.8  0.45 0.9  0.7  0.   0.7  0.75 0.85 0.6
 0.8  0.8  0.65 0.9  0.55 0.95 0.65 0.75 0.8  0.95 0.9  0.6  0.55 0.45
 0.8  1.   0.35 0.8  0.8  0.95 0.95 0.25 0.75 0.25 0.2  0.6  0.05 0.75
 0.85 0.65 0.55 0.9  0.6  0.9  0.5  0.7  0.5  1.   0.65 1.   0.75 0.65
 0.3  0.55 0.8  0.65 0.75 0.9  1.   0.25 0.45 0.7  0.8  0.9  0.85 0.8
 0.75 0.85]
,[0.3125     0.86486486 0.69565217 0.62745098 0.69565217 0.61111111
 0.75       0.85714286 0.75       0.85       0.51282051 0.67924528
 0.7755102  0.7804878  0.5625     0.36842105 0.66666667 0.68085106
 0.7027027  0.61538462 0.65       0.74418605 0.71794872 0.18181818
 0.6875     0.69090909 0.95238095 0.86486486 0.81818182 0.82051282
 0.83333333 0.62222222 0.65       0.71111111 0.5625     0.94736842
 0.65116279 0.         0.77777778 0.75       0.75555556 0.57142857
 0.7804878  0.61538462 0.61904762 0.62068966 0.62857143 0.79166667
 0.7027027  0.76923077 0.86486486 0.80851064 0.69230769 0.68571429
 0.66666667 0.36       0.71111111 0.8        0.48275862 0.65306122
 0.59259259 0.92682927 0.9047619  0.35714286 0.71428571 0.34482759
 0.30769231 0.61538462 0.0952381  0.76923077 0.87179487 0.63414634
 0.52380952 0.94736842 0.61538462 0.94736842 0.58823529 0.73684211
 0.57142857 0.88888889 0.7027027  0.97560976 0.75       0.65
 0.4137931  0.5        0.8        0.74285714 0.78947368 0.81818182
 1.         0.35714286 0.47368421 0.60869565 0.88888889 0.92307692
 0.87179487 0.7804878  0.81081081 0.89473684]
