mACC, mP, mR, mF1, ACC, P, R, F1
0.677,0.694856416799565,0.677,0.664422779903455
,[ 6 18 13 18 17 13 18 14  9 17 15 16 16 14 14 11 16 18 12  4 16 17 14  7
 10 16 19 17 18  7 18 11 13 19  7 19 11  4 12 16 17 10 15 11 12 14 12 15
 11 16 19 16 18 14  7  5  8 19 16 13 16 19 17  5 15 11  4  6  5 12 18 14
 11 19 16 18  6 19  9 18 14 20 14 10  8  7 13 16 12 17 20 15  1 13 14 16
 18 16 19 15]
,[0.4        0.69230769 0.8125     0.6        0.85       0.54166667
 0.52941176 0.7        0.81818182 0.85       0.53571429 0.53333333
 0.48484848 0.7        0.51851852 0.33333333 0.72727273 0.54545455
 0.5        0.66666667 0.61538462 0.5483871  0.875      0.58333333
 0.83333333 0.53333333 0.76       0.85       0.75       0.77777778
 0.7826087  0.91666667 0.65       0.5        0.875      1.
 0.84615385 0.8        0.63157895 0.57142857 0.73913043 0.52631579
 0.65217391 0.57894737 0.92307692 0.66666667 1.         0.75
 0.6875     0.76190476 0.55882353 0.64       0.64285714 0.7
 0.77777778 0.41666667 0.66666667 0.86363636 0.61538462 0.68421053
 0.48484848 0.76       0.94444444 0.41666667 0.6        0.5
 0.4        0.5        0.625      0.92307692 0.94736842 0.77777778
 0.5        0.95       0.61538462 0.81818182 0.6        0.63333333
 0.75       0.7826087  0.77777778 1.         0.82352941 0.83333333
 0.61538462 0.53846154 0.8125     0.59259259 0.75       0.77272727
 0.90909091 0.78947368 0.25       0.41935484 0.77777778 0.94117647
 0.85714286 0.84210526 0.82608696 0.9375    ]
,[0.3  0.9  0.65 0.9  0.85 0.65 0.9  0.7  0.45 0.85 0.75 0.8  0.8  0.7
 0.7  0.55 0.8  0.9  0.6  0.2  0.8  0.85 0.7  0.35 0.5  0.8  0.95 0.85
 0.9  0.35 0.9  0.55 0.65 0.95 0.35 0.95 0.55 0.2  0.6  0.8  0.85 0.5
 0.75 0.55 0.6  0.7  0.6  0.75 0.55 0.8  0.95 0.8  0.9  0.7  0.35 0.25
 0.4  0.95 0.8  0.65 0.8  0.95 0.85 0.25 0.75 0.55 0.2  0.3  0.25 0.6
 0.9  0.7  0.55 0.95 0.8  0.9  0.3  0.95 0.45 0.9  0.7  1.   0.7  0.5
 0.4  0.35 0.65 0.8  0.6  0.85 1.   0.75 0.05 0.65 0.7  0.8  0.9  0.8
 0.95 0.75]
,[0.34285714 0.7826087  0.72222222 0.72       0.85       0.59090909
 0.66666667 0.7        0.58064516 0.85       0.625      0.64
 0.60377358 0.7        0.59574468 0.41509434 0.76190476 0.67924528
 0.54545455 0.30769231 0.69565217 0.66666667 0.77777778 0.4375
 0.625      0.64       0.84444444 0.85       0.81818182 0.48275862
 0.8372093  0.6875     0.65       0.65517241 0.5        0.97435897
 0.66666667 0.32       0.61538462 0.66666667 0.79069767 0.51282051
 0.69767442 0.56410256 0.72727273 0.68292683 0.75       0.75
 0.61111111 0.7804878  0.7037037  0.71111111 0.75       0.7
 0.48275862 0.3125     0.5        0.9047619  0.69565217 0.66666667
 0.60377358 0.84444444 0.89473684 0.3125     0.66666667 0.52380952
 0.26666667 0.375      0.35714286 0.72727273 0.92307692 0.73684211
 0.52380952 0.95       0.69565217 0.85714286 0.4        0.76
 0.5625     0.8372093  0.73684211 1.         0.75675676 0.625
 0.48484848 0.42424242 0.72222222 0.68085106 0.66666667 0.80952381
 0.95238095 0.76923077 0.08333333 0.50980392 0.73684211 0.86486486
 0.87804878 0.82051282 0.88372093 0.83333333]
