mACC, mP, mR, mF1, ACC, P, R, F1
0.229,0.2662441436106627,0.229,0.21377091670198825
,[ 0  9  3  4  2  2  0  3  2 10  6  0  1  0  0  1  2  6  4  3  4  0  4  0
  6 13 16  8  4  0  0  5  1  0  1  5  4  1  5  2  4  0  3 10  6  9  4 13
  1  3  2  4  8  4  9  0  0  9  4  2  2  9  7  6  0  3  1  1  5  3 16  6
  0 17  4  4  2  2  0  6  3 18  4 13  2  5  0 17 13  4 11  7  4  0  0  3
 14 12  2  0]
,[0.         0.36       0.16666667 0.22222222 0.66666667 0.07407407
 0.         0.75       0.66666667 0.71428571 0.2        0.
 0.05882353 0.         0.         0.05       0.66666667 0.35294118
 0.14285714 0.75       0.44444444 0.         0.15384615 0.
 0.42857143 0.56521739 0.88888889 0.72727273 0.09090909 0.
 0.         0.29411765 0.03333333 0.         0.11111111 0.41666667
 0.14814815 0.07142857 0.5        0.66666667 0.14814815 0.
 0.6        0.2        0.66666667 0.25714286 0.11111111 0.17808219
 0.125      0.15789474 0.28571429 0.57142857 0.47058824 0.33333333
 0.18367347 0.         0.         0.52941176 0.19047619 0.28571429
 0.25       0.5        0.58333333 0.17142857 0.         0.27272727
 0.125      0.04347826 0.2        0.06       0.34042553 0.46153846
 0.         0.5862069  0.57142857 0.33333333 0.04878049 0.125
 0.         0.15789474 0.23076923 0.5        0.25       0.23636364
 0.4        0.20833333 0.         0.41463415 0.22033898 0.30769231
 0.25       0.14285714 0.13333333 0.         0.         0.33333333
 0.63636364 0.35294118 0.5        0.        ]
,[0.   0.45 0.15 0.2  0.1  0.1  0.   0.15 0.1  0.5  0.3  0.   0.05 0.
 0.   0.05 0.1  0.3  0.2  0.15 0.2  0.   0.2  0.   0.3  0.65 0.8  0.4
 0.2  0.   0.   0.25 0.05 0.   0.05 0.25 0.2  0.05 0.25 0.1  0.2  0.
 0.15 0.5  0.3  0.45 0.2  0.65 0.05 0.15 0.1  0.2  0.4  0.2  0.45 0.
 0.   0.45 0.2  0.1  0.1  0.45 0.35 0.3  0.   0.15 0.05 0.05 0.25 0.15
 0.8  0.3  0.   0.85 0.2  0.2  0.1  0.1  0.   0.3  0.15 0.9  0.2  0.65
 0.1  0.25 0.   0.85 0.65 0.2  0.55 0.35 0.2  0.   0.   0.15 0.7  0.6
 0.1  0.  ]
,[0.         0.4        0.15789474 0.21052632 0.17391304 0.08510638
 0.         0.25       0.17391304 0.58823529 0.24       0.
 0.05405405 0.         0.         0.05       0.17391304 0.32432432
 0.16666667 0.25       0.27586207 0.         0.17391304 0.
 0.35294118 0.60465116 0.84210526 0.51612903 0.125      0.
 0.         0.27027027 0.04       0.         0.06896552 0.3125
 0.17021277 0.05882353 0.33333333 0.17391304 0.17021277 0.
 0.24       0.28571429 0.4137931  0.32727273 0.14285714 0.27956989
 0.07142857 0.15384615 0.14814815 0.2962963  0.43243243 0.25
 0.26086957 0.         0.         0.48648649 0.19512195 0.14814815
 0.14285714 0.47368421 0.4375     0.21818182 0.         0.19354839
 0.07142857 0.04651163 0.22222222 0.08571429 0.47761194 0.36363636
 0.         0.69387755 0.2962963  0.25       0.06557377 0.11111111
 0.         0.20689655 0.18181818 0.64285714 0.22222222 0.34666667
 0.16       0.22727273 0.         0.55737705 0.32911392 0.24242424
 0.34375    0.20289855 0.16       0.         0.         0.20689655
 0.66666667 0.44444444 0.16666667 0.        ]
