mACC, mP, mR, mF1, ACC, P, R, F1
0.5235,0.5710592613095821,0.5235,0.510290619597788
,[ 4 13 12 15  1  0  5  6  8 17 10  0 18 16  6  4 17 10 17  2 18 15 12 10
 11 15 18 17  7 10 18 12  2  0 11 16  8  0 16  4  9  5 16  7  6 16  9 15
  1 17 13 18 15 12  6 11  1 11  7 11  9 17 19  4 10  7  5  3  4  1 18 15
  4 17 14 18  3 16  8 18 12 20 14  4  5  4 14 20 15 18 20  0  5 17 12 13
  5 19 13  0]
,[0.19047619 1.         0.92307692 0.35714286 0.2        0.
 0.35714286 0.66666667 0.4        0.94444444 0.41666667 0.
 0.38297872 0.61538462 0.54545455 0.08       0.68       0.55555556
 0.39534884 0.1        0.45       0.40540541 1.         0.47619048
 0.6875     0.39473684 1.         1.         0.4375     0.76923077
 0.28125    0.46153846 0.22222222 0.         0.17460317 0.94117647
 0.72727273 0.         0.55172414 0.66666667 0.9        0.3125
 0.76190476 0.7        1.         0.69565217 0.81818182 0.29411765
 0.09090909 0.60714286 0.46428571 0.52941176 0.75       0.85714286
 0.33333333 0.42307692 0.2        1.         0.875      0.91666667
 0.69230769 1.         0.95       0.36363636 0.43478261 0.33333333
 0.23809524 0.375      0.25       0.2        0.9        0.78947368
 1.         0.94444444 0.4375     0.9        0.375      0.5
 0.57142857 0.7826087  0.66666667 0.76923077 0.7        1.
 0.71428571 0.33333333 0.77777778 0.74074074 0.55555556 0.85714286
 1.         0.         0.33333333 0.29310345 1.         1.
 1.         0.57575758 0.76470588 0.        ]
,[0.2  0.65 0.6  0.75 0.05 0.   0.25 0.3  0.4  0.85 0.5  0.   0.9  0.8
 0.3  0.2  0.85 0.5  0.85 0.1  0.9  0.75 0.6  0.5  0.55 0.75 0.9  0.85
 0.35 0.5  0.9  0.6  0.1  0.   0.55 0.8  0.4  0.   0.8  0.2  0.45 0.25
 0.8  0.35 0.3  0.8  0.45 0.75 0.05 0.85 0.65 0.9  0.75 0.6  0.3  0.55
 0.05 0.55 0.35 0.55 0.45 0.85 0.95 0.2  0.5  0.35 0.25 0.15 0.2  0.05
 0.9  0.75 0.2  0.85 0.7  0.9  0.15 0.8  0.4  0.9  0.6  1.   0.7  0.2
 0.25 0.2  0.7  1.   0.75 0.9  1.   0.   0.25 0.85 0.6  0.65 0.25 0.95
 0.65 0.  ]
,[0.19512195 0.78787879 0.72727273 0.48387097 0.08       0.
 0.29411765 0.4137931  0.4        0.89473684 0.45454545 0.
 0.53731343 0.69565217 0.38709677 0.11428571 0.75555556 0.52631579
 0.53968254 0.1        0.6        0.52631579 0.75       0.48780488
 0.61111111 0.51724138 0.94736842 0.91891892 0.38888889 0.60606061
 0.42857143 0.52173913 0.13793103 0.         0.26506024 0.86486486
 0.51612903 0.         0.65306122 0.30769231 0.6        0.27777778
 0.7804878  0.46666667 0.46153846 0.74418605 0.58064516 0.42253521
 0.06451613 0.70833333 0.54166667 0.66666667 0.75       0.70588235
 0.31578947 0.47826087 0.08       0.70967742 0.5        0.6875
 0.54545455 0.91891892 0.95       0.25806452 0.46511628 0.34146341
 0.24390244 0.21428571 0.22222222 0.08       0.9        0.76923077
 0.33333333 0.89473684 0.53846154 0.9        0.21428571 0.61538462
 0.47058824 0.8372093  0.63157895 0.86956522 0.7        0.33333333
 0.37037037 0.25       0.73684211 0.85106383 0.63829787 0.87804878
 1.         0.         0.28571429 0.43589744 0.75       0.78787879
 0.4        0.71698113 0.7027027  0.        ]
