mACC, mP, mR, mF1, ACC, P, R, F1
0.664,0.6790213010708283,0.664,0.6570018109752815
,[ 6 16 16 18 13 10 17 15 14 17 13 14 15 15  9  1 18 17 12  9  7 19 13  5
 13 18 20 13 18 10 17 11 13 10 10 18 14  1 16 15 14  8 12 13 12 18  7 12
 14 17 12 15 15 13 11 14 16 19 13 12 12 16 17  7  7  3  5 12 11 12 16 15
  9 18 10 18 10 16 13 16 16 20 17 14  6 13 13 17 15 11 19 13 13 10 12 19
 17 18 14 15]
,[0.25       0.61538462 0.8        0.52941176 0.72222222 0.43478261
 0.77272727 0.71428571 0.53846154 0.89473684 0.46428571 0.60869565
 0.44117647 0.78947368 0.47368421 0.14285714 0.5625     0.45945946
 0.8        0.81818182 0.36842105 0.73076923 0.65       0.625
 0.86666667 0.75       0.86956522 1.         0.69230769 0.5
 0.89473684 0.91666667 0.61904762 0.55555556 0.4        0.94736842
 0.82352941 0.25       0.61538462 0.78947368 0.60869565 0.61538462
 0.92307692 0.68421053 0.75       0.7826087  0.875      0.75
 0.56       0.77272727 0.66666667 1.         0.65217391 0.68421053
 0.78571429 0.41176471 0.61538462 0.76       0.68421053 0.57142857
 0.48       0.94117647 0.94444444 0.5        0.875      0.3
 0.45454545 0.54545455 0.5        0.8        0.94117647 0.68181818
 0.5625     0.85714286 0.71428571 0.9        0.5        0.53333333
 0.5        0.8        0.8        0.83333333 0.70833333 0.73684211
 0.5        0.46428571 0.92857143 0.85       0.65217391 0.84615385
 0.9047619  0.72222222 0.40625    0.52631579 0.92307692 0.7037037
 0.85       0.75       0.93333333 0.68181818]
,[0.3  0.8  0.8  0.9  0.65 0.5  0.85 0.75 0.7  0.85 0.65 0.7  0.75 0.75
 0.45 0.05 0.9  0.85 0.6  0.45 0.35 0.95 0.65 0.25 0.65 0.9  1.   0.65
 0.9  0.5  0.85 0.55 0.65 0.5  0.5  0.9  0.7  0.05 0.8  0.75 0.7  0.4
 0.6  0.65 0.6  0.9  0.35 0.6  0.7  0.85 0.6  0.75 0.75 0.65 0.55 0.7
 0.8  0.95 0.65 0.6  0.6  0.8  0.85 0.35 0.35 0.15 0.25 0.6  0.55 0.6
 0.8  0.75 0.45 0.9  0.5  0.9  0.5  0.8  0.65 0.8  0.8  1.   0.85 0.7
 0.3  0.65 0.65 0.85 0.75 0.55 0.95 0.65 0.65 0.5  0.6  0.95 0.85 0.9
 0.7  0.75]
,[0.27272727 0.69565217 0.8        0.66666667 0.68421053 0.46511628
 0.80952381 0.73170732 0.60869565 0.87179487 0.54166667 0.65116279
 0.55555556 0.76923077 0.46153846 0.07407407 0.69230769 0.59649123
 0.68571429 0.58064516 0.35897436 0.82608696 0.65       0.35714286
 0.74285714 0.81818182 0.93023256 0.78787879 0.7826087  0.5
 0.87179487 0.6875     0.63414634 0.52631579 0.44444444 0.92307692
 0.75675676 0.08333333 0.69565217 0.76923077 0.65116279 0.48484848
 0.72727273 0.66666667 0.66666667 0.8372093  0.5        0.66666667
 0.62222222 0.80952381 0.63157895 0.85714286 0.69767442 0.66666667
 0.64705882 0.51851852 0.69565217 0.84444444 0.66666667 0.58536585
 0.53333333 0.86486486 0.89473684 0.41176471 0.5        0.2
 0.32258065 0.57142857 0.52380952 0.68571429 0.86486486 0.71428571
 0.5        0.87804878 0.58823529 0.9        0.5        0.64
 0.56521739 0.8        0.8        0.90909091 0.77272727 0.71794872
 0.375      0.54166667 0.76470588 0.85       0.69767442 0.66666667
 0.92682927 0.68421053 0.5        0.51282051 0.72727273 0.80851064
 0.85       0.81818182 0.8        0.71428571]
