mACC, mP, mR, mF1, ACC, P, R, F1
0.617,0.6632561223063134,0.617,0.6103844516313088
,[ 3 14 10 15  8  8 18 15 14 18 13 14 15 13 13  4 16 16 14 13 13 12 16  2
  8 18 19 16 17 14 17 10  1  7 12 18 10  2 15 16 16  8 12 11 12 13  9 15
 14 13 18 17 18 13  9  6  9 14 16 13 14 16 17  1 11  4  3  3  6  5 18 13
 11 15 16 19  4 17  9 18 12 19 11  7  7 13 16 16 14 13 20  5  4 13 12 13
 20 20 13 13]
,[0.2        1.         1.         0.46875    0.47058824 0.88888889
 0.64285714 0.83333333 0.51851852 0.94736842 0.54166667 0.48275862
 0.3125     0.76470588 0.68421053 0.4        0.48484848 0.45714286
 0.56       0.54166667 0.65       0.57142857 0.88888889 0.4
 1.         0.81818182 1.         0.88888889 0.80952381 0.66666667
 0.70833333 0.58823529 0.2        0.28       0.38709677 0.85714286
 0.76923077 1.         0.75       0.59259259 0.94117647 0.25806452
 0.75       0.16923077 0.6        0.5        0.5625     0.6
 0.63636364 0.86666667 0.46153846 0.80952381 0.81818182 0.76470588
 0.47368421 0.33333333 0.5625     0.77777778 0.55172414 0.65
 0.4375     0.94117647 0.94444444 0.25       0.6875     0.4
 0.17647059 0.75       0.26086957 0.71428571 0.9        0.54166667
 0.45833333 1.         0.66666667 0.82608696 0.8        0.65384615
 0.69230769 0.69230769 0.66666667 1.         1.         0.77777778
 0.77777778 0.61904762 0.8        0.66666667 0.66666667 1.
 0.95238095 0.83333333 0.26666667 0.27659574 1.         0.86666667
 0.71428571 0.60606061 1.         0.92857143]
,[0.15 0.7  0.5  0.75 0.4  0.4  0.9  0.75 0.7  0.9  0.65 0.7  0.75 0.65
 0.65 0.2  0.8  0.8  0.7  0.65 0.65 0.6  0.8  0.1  0.4  0.9  0.95 0.8
 0.85 0.7  0.85 0.5  0.05 0.35 0.6  0.9  0.5  0.1  0.75 0.8  0.8  0.4
 0.6  0.55 0.6  0.65 0.45 0.75 0.7  0.65 0.9  0.85 0.9  0.65 0.45 0.3
 0.45 0.7  0.8  0.65 0.7  0.8  0.85 0.05 0.55 0.2  0.15 0.15 0.3  0.25
 0.9  0.65 0.55 0.75 0.8  0.95 0.2  0.85 0.45 0.9  0.6  0.95 0.55 0.35
 0.35 0.65 0.8  0.8  0.7  0.65 1.   0.25 0.2  0.65 0.6  0.65 1.   1.
 0.65 0.65]
,[0.17142857 0.82352941 0.66666667 0.57692308 0.43243243 0.55172414
 0.75       0.78947368 0.59574468 0.92307692 0.59090909 0.57142857
 0.44117647 0.7027027  0.66666667 0.26666667 0.60377358 0.58181818
 0.62222222 0.59090909 0.65       0.58536585 0.84210526 0.16
 0.57142857 0.85714286 0.97435897 0.84210526 0.82926829 0.68292683
 0.77272727 0.54054054 0.08       0.31111111 0.47058824 0.87804878
 0.60606061 0.18181818 0.75       0.68085106 0.86486486 0.31372549
 0.66666667 0.25882353 0.6        0.56521739 0.5        0.66666667
 0.66666667 0.74285714 0.61016949 0.82926829 0.85714286 0.7027027
 0.46153846 0.31578947 0.5        0.73684211 0.65306122 0.65
 0.53846154 0.86486486 0.89473684 0.08333333 0.61111111 0.26666667
 0.16216216 0.25       0.27906977 0.37037037 0.9        0.59090909
 0.5        0.85714286 0.72727273 0.88372093 0.32       0.73913043
 0.54545455 0.7826087  0.63157895 0.97435897 0.70967742 0.48275862
 0.48275862 0.63414634 0.8        0.72727273 0.68292683 0.78787879
 0.97560976 0.38461538 0.22857143 0.3880597  0.75       0.74285714
 0.83333333 0.75471698 0.78787879 0.76470588]
