mACC, mP, mR, mF1, ACC, P, R, F1
0.5235,0.5522913182903287,0.5235000000000002,0.5155042015634962
,[ 3 19 17 11 10 10 17 10  9 17  9 12  9  9  4  2  7 14 12  3  1  9  9  0
 11 17 19 15 10 11 13 12  9 10  7 17 10  0  9  9 11 10 12  7 13 15  4 12
 12 13 11 18 11 12  8  7 15 15  7 12  8 14 13  5 11  2  4  6  2 11 14 13
  8 19  6 15  7 14  5 11 12 19 15  9  7 15  9 15 13  9 19  3 10  9  8 11
 14 14  7 14]
,[0.5        0.82608696 0.53125    0.34375    0.76923077 0.47619048
 0.62962963 0.90909091 0.5        0.94444444 0.42857143 0.5
 0.9        0.52941176 0.33333333 0.28571429 0.46666667 0.3255814
 0.70588235 0.6        0.04166667 0.32142857 0.69230769 0.
 0.55       0.60714286 0.86363636 0.9375     0.66666667 0.57894737
 0.76470588 0.5        0.23076923 0.5        0.41176471 0.70833333
 0.90909091 0.         0.64285714 0.75       0.52380952 0.35714286
 0.70588235 0.63636364 0.5        0.40540541 0.66666667 0.54545455
 0.70588235 0.5        0.57894737 0.54545455 0.35483871 0.63157895
 0.30769231 0.36842105 0.41666667 0.55555556 0.46666667 0.375
 0.28571429 0.93333333 0.92857143 0.45454545 0.25581395 0.4
 0.28571429 0.25       0.28571429 0.6875     0.77777778 0.52
 0.42105263 0.76       0.75       0.65217391 0.4375     0.42424242
 0.29411765 0.73333333 0.57142857 0.82608696 0.65217391 0.81818182
 0.36842105 0.55555556 0.9        0.65217391 0.43333333 0.52941176
 0.82608696 0.2        0.1754386  0.6        0.72727273 0.78571429
 0.7        0.66666667 0.875      0.5       ]
,[0.15 0.95 0.85 0.55 0.5  0.5  0.85 0.5  0.45 0.85 0.45 0.6  0.45 0.45
 0.2  0.1  0.35 0.7  0.6  0.15 0.05 0.45 0.45 0.   0.55 0.85 0.95 0.75
 0.5  0.55 0.65 0.6  0.45 0.5  0.35 0.85 0.5  0.   0.45 0.45 0.55 0.5
 0.6  0.35 0.65 0.75 0.2  0.6  0.6  0.65 0.55 0.9  0.55 0.6  0.4  0.35
 0.75 0.75 0.35 0.6  0.4  0.7  0.65 0.25 0.55 0.1  0.2  0.3  0.1  0.55
 0.7  0.65 0.4  0.95 0.3  0.75 0.35 0.7  0.25 0.55 0.6  0.95 0.75 0.45
 0.35 0.75 0.45 0.75 0.65 0.45 0.95 0.15 0.5  0.45 0.4  0.55 0.7  0.7
 0.35 0.7 ]
,[0.23076923 0.88372093 0.65384615 0.42307692 0.60606061 0.48780488
 0.72340426 0.64516129 0.47368421 0.89473684 0.43902439 0.54545455
 0.6        0.48648649 0.25       0.14814815 0.4        0.44444444
 0.64864865 0.24       0.04545455 0.375      0.54545455 0.
 0.55       0.70833333 0.9047619  0.83333333 0.57142857 0.56410256
 0.7027027  0.54545455 0.30508475 0.5        0.37837838 0.77272727
 0.64516129 0.         0.52941176 0.5625     0.53658537 0.41666667
 0.64864865 0.4516129  0.56521739 0.52631579 0.30769231 0.57142857
 0.64864865 0.56521739 0.56410256 0.67924528 0.43137255 0.61538462
 0.34782609 0.35897436 0.53571429 0.63829787 0.4        0.46153846
 0.33333333 0.8        0.76470588 0.32258065 0.34920635 0.16
 0.23529412 0.27272727 0.14814815 0.61111111 0.73684211 0.57777778
 0.41025641 0.84444444 0.42857143 0.69767442 0.38888889 0.52830189
 0.27027027 0.62857143 0.58536585 0.88372093 0.69767442 0.58064516
 0.35897436 0.63829787 0.6        0.69767442 0.52       0.48648649
 0.88372093 0.17142857 0.25974026 0.51428571 0.51612903 0.64705882
 0.7        0.68292683 0.5        0.58333333]
