mACC, mP, mR, mF1, ACC, P, R, F1
0.5910532994923858,0.6076621646289788,0.47155685575812534,0.48205143821668583
,[ 79   3  16  67  85  31 109  65  30  10  94   2  29   3  22  19   4  16
   2  54  12   1  12   7   0  10  16   0  21  19  40  32   7  10  86   6
  13 125   1  49   4  87   1  22  23  26  17   0  21   2   3  70  25   0
  66   0  11  22   4  73  34  10   7   1   7  89  31]
,[0.47590361 0.75       0.33333333 0.57758621 0.45698925 0.88571429
 0.54228856 0.44827586 0.78947368 0.83333333 0.7768595  0.4
 0.82857143 0.5        0.81481481 0.73076923 1.         0.72727273
 1.         0.56842105 0.34285714 0.14285714 0.63157895 0.46666667
 0.         0.90909091 0.94117647 0.         1.         0.79166667
 0.58823529 0.40506329 0.58333333 1.         0.66666667 0.5
 0.76470588 0.58962264 0.33333333 0.89090909 0.8        0.48066298
 0.33333333 0.45833333 0.5        0.56521739 0.5        0.
 0.84       0.66666667 1.         0.72916667 1.         0.
 0.51162791 0.         0.45833333 0.88       1.         0.57936508
 0.61818182 0.32258065 0.7        0.33333333 0.875      0.60544218
 0.96875   ]
,[0.64754098 0.10714286 0.44444444 0.82716049 0.70247934 0.775
 0.81954887 0.85526316 0.69767442 0.43478261 0.91262136 0.08695652
 0.80555556 0.13043478 0.91666667 0.7037037  0.18181818 0.69565217
 0.0952381  0.77142857 0.23076923 0.03703704 0.21818182 0.33333333
 0.         0.47619048 0.61538462 0.         1.         0.44186047
 0.85106383 0.66666667 0.33333333 0.47619048 0.93478261 0.1875
 0.5        0.85034014 0.04       0.875      0.18181818 0.61267606
 0.04761905 0.44       0.63888889 0.55319149 0.48571429 0.
 0.72413793 0.09090909 0.11111111 0.90909091 0.71428571 0.
 0.6407767  0.         0.45833333 0.70967742 0.18181818 0.67592593
 0.48571429 0.32258065 0.20588235 0.04545455 0.23333333 0.87254902
 0.57407407]
,[0.54861111 0.1875     0.38095238 0.68020305 0.55374593 0.82666667
 0.65269461 0.58823529 0.74074074 0.57142857 0.83928571 0.14285714
 0.81690141 0.20689655 0.8627451  0.71698113 0.30769231 0.71111111
 0.17391304 0.65454545 0.27586207 0.05882353 0.32432432 0.38888889
 0.         0.625      0.74418605 0.         1.         0.56716418
 0.69565217 0.50393701 0.42424242 0.64516129 0.77828054 0.27272727
 0.60465116 0.69637883 0.07142857 0.88288288 0.2962963  0.53869969
 0.08333333 0.44897959 0.56097561 0.55913978 0.49275362 0.
 0.77777778 0.16       0.2        0.80924855 0.83333333 0.
 0.56896552 0.         0.45833333 0.78571429 0.30769231 0.62393162
 0.544      0.32258065 0.31818182 0.08       0.36842105 0.71485944
 0.72093023]
