mACC, mP, mR, mF1, ACC, P, R, F1
0.5237944162436549,0.5261266393434265,0.3913865119684911,0.4015879234837497
,[ 80   7  17  69  91  26 105  61  27  13  86   4  19   4  10  13   6   0
   6  25   8   6   5   2   0   3  18   0  21   1  37  23   0   8  75   0
  11 122   0  46   2  82   0  13   0  23  19   0  21   9   7  70  18   8
  75   4   0  18   2  66  59   1   0   0   1  86  12]
,[0.24539877 0.875      0.45945946 0.575      0.36842105 0.92857143
 0.60693642 0.47286822 0.96428571 0.86666667 0.65648855 0.28571429
 0.86363636 1.         1.         0.68421053 0.75       0.
 1.         0.38461538 0.66666667 0.42857143 0.625      0.28571429
 0.         0.75       0.85714286 0.         0.61764706 1.
 0.86046512 0.88461538 0.         0.88888889 0.65217391 0.
 0.64705882 0.61       0.         0.85185185 0.5        0.44086022
 0.         0.54166667 0.         0.58974359 0.55882353 0.
 0.72413793 0.33333333 0.30434783 0.76086957 1.         1.
 0.40106952 0.66666667 0.         0.9        0.14285714 0.57894737
 0.38562092 0.14285714 0.         0.         0.33333333 0.47513812
 0.85714286]
,[0.6557377  0.25       0.47222222 0.85185185 0.75206612 0.65
 0.78947368 0.80263158 0.62790698 0.56521739 0.83495146 0.17391304
 0.52777778 0.17391304 0.41666667 0.48148148 0.27272727 0.
 0.28571429 0.35714286 0.15384615 0.22222222 0.09090909 0.0952381
 0.         0.14285714 0.69230769 0.         1.         0.02325581
 0.78723404 0.47916667 0.         0.38095238 0.81521739 0.
 0.42307692 0.82993197 0.         0.82142857 0.09090909 0.57746479
 0.         0.26       0.         0.4893617  0.54285714 0.
 0.72413793 0.40909091 0.25925926 0.90909091 0.51428571 0.38095238
 0.72815534 0.18181818 0.         0.58064516 0.09090909 0.61111111
 0.84285714 0.03225806 0.         0.         0.03333333 0.84313725
 0.22222222]
,[0.35714286 0.38888889 0.46575342 0.68656716 0.49456522 0.76470588
 0.68627451 0.59512195 0.76056338 0.68421053 0.73504274 0.21621622
 0.65517241 0.2962963  0.58823529 0.56521739 0.4        0.
 0.44444444 0.37037037 0.25       0.29268293 0.15873016 0.14285714
 0.         0.24       0.76595745 0.         0.76363636 0.04545455
 0.82222222 0.62162162 0.         0.53333333 0.72463768 0.
 0.51162791 0.70317003 0.         0.83636364 0.15384615 0.5
 0.         0.35135135 0.         0.53488372 0.55072464 0.
 0.72413793 0.36734694 0.28       0.82840237 0.67924528 0.55172414
 0.51724138 0.28571429 0.         0.70588235 0.11111111 0.59459459
 0.52914798 0.05263158 0.         0.         0.06060606 0.60777385
 0.35294118]
