mACC, mP, mR, mF1, ACC, P, R, F1
0.5840736040609137,0.5852367032038392,0.49665574272964014,0.49678062173999
,[ 51   8  20  67  78  24 116  62  32  15  86   3  32   3  22  22  12  16
   5  42   3  11  12  16   0  15  16   0  21   9  41  22   4  13  87   9
  14 122   3  44   0  68   0  17  10  31  17   0  19   4   4  68  26   9
  74   4   9  27  12  78  52   4  18   0   3  89  20]
,[0.37777778 0.53333333 0.39215686 0.44370861 0.50649351 0.88888889
 0.54205607 0.51666667 1.         0.75       0.86       0.3
 0.66666667 0.75       0.45833333 0.75862069 0.8        0.69565217
 1.         0.57534247 0.42857143 0.55       0.57142857 0.38095238
 0.         0.625      0.88888889 0.         0.80769231 0.81818182
 0.75925926 0.57894737 0.66666667 0.68421053 0.60416667 0.52941176
 0.73684211 0.61306533 0.75       0.93617021 0.         0.48571429
 0.         0.5        0.52631579 0.65957447 0.60714286 0.
 0.79166667 0.36363636 0.57142857 0.79069767 0.96296296 0.9
 0.41573034 0.66666667 0.5        0.71052632 0.52173913 0.54545455
 0.57777778 1.         0.51428571 0.         0.42857143 0.55625
 0.86956522]
,[0.41803279 0.28571429 0.55555556 0.82716049 0.6446281  0.6
 0.87218045 0.81578947 0.74418605 0.65217391 0.83495146 0.13043478
 0.88888889 0.13043478 0.91666667 0.81481481 0.54545455 0.69565217
 0.23809524 0.6        0.05769231 0.40740741 0.21818182 0.76190476
 0.         0.71428571 0.61538462 0.         1.         0.20930233
 0.87234043 0.45833333 0.19047619 0.61904762 0.94565217 0.28125
 0.53846154 0.82993197 0.12       0.78571429 0.         0.47887324
 0.         0.34       0.27777778 0.65957447 0.48571429 0.
 0.65517241 0.18181818 0.14814815 0.88311688 0.74285714 0.42857143
 0.7184466  0.18181818 0.375      0.87096774 0.54545455 0.72222222
 0.74285714 0.12903226 0.52941176 0.         0.1        0.87254902
 0.37037037]
,[0.39688716 0.37209302 0.45977011 0.57758621 0.56727273 0.71641791
 0.6685879  0.63265306 0.85333333 0.69767442 0.84729064 0.18181818
 0.76190476 0.22222222 0.61111111 0.78571429 0.64864865 0.69565217
 0.38461538 0.58741259 0.10169492 0.46808511 0.31578947 0.50793651
 0.         0.66666667 0.72727273 0.         0.89361702 0.33333333
 0.81188119 0.51162791 0.2962963  0.65       0.73728814 0.36734694
 0.62222222 0.70520231 0.20689655 0.85436893 0.         0.4822695
 0.         0.4047619  0.36363636 0.65957447 0.53968254 0.
 0.71698113 0.24242424 0.23529412 0.83435583 0.83870968 0.58064516
 0.52669039 0.28571429 0.42857143 0.7826087  0.53333333 0.62151394
 0.65       0.22857143 0.52173913 0.         0.16216216 0.67938931
 0.51948052]
