mACC, mP, mR, mF1, ACC, P, R, F1
0.624,0.6480336283576789,0.624,0.6138456660238458
,[ 6 13 15 16 10  7 16 14  8 17  5 18 13 13  5  9 16 12 16 10 18 16 14  0
 14 16 20 13 17 14 16  9  5  8  9 16 10  1 15 18 15  3 14 11 15 18 13 16
 14 16 18 15 13 16 10 12 16 19 10 11 15 17 19  3  8  2  5  2  1 12 18 14
  8 20 14 18 10 18  6 20 17 19 16 11  7 12 15 12 12 13 20  2  6  7 12 17
 20 15 12 10]
,[0.21428571 0.86666667 0.75       0.64       0.66666667 0.5
 0.51612903 0.82352941 0.5        0.89473684 0.5        0.42857143
 1.         0.8125     0.71428571 0.28125    0.72727273 0.52173913
 0.35555556 0.76923077 0.38297872 0.76190476 0.82352941 0.
 0.82352941 0.69565217 0.90909091 0.92857143 0.68       0.66666667
 0.8        0.6        0.20833333 0.72727273 0.42857143 1.
 0.83333333 0.33333333 0.78947368 0.375      0.65217391 0.3
 0.73684211 0.55       0.40540541 0.48648649 0.54166667 0.64
 0.77777778 0.84210526 0.81818182 0.68181818 0.86666667 0.53333333
 0.625      0.54545455 0.59259259 0.79166667 0.66666667 0.91666667
 0.45454545 0.94444444 0.76       0.10714286 0.72727273 0.18181818
 0.35714286 0.66666667 0.08333333 1.         0.9        0.4516129
 0.5        0.68965517 0.73684211 0.85714286 0.35714286 0.5625
 0.54545455 0.74074074 0.5483871  1.         0.94117647 0.91666667
 0.58333333 0.8        0.78947368 0.75       0.66666667 0.86666667
 0.95238095 0.28571429 0.27272727 0.63636364 0.66666667 0.94444444
 0.64516129 0.9375     0.92307692 0.83333333]
,[0.3  0.65 0.75 0.8  0.5  0.35 0.8  0.7  0.4  0.85 0.25 0.9  0.65 0.65
 0.25 0.45 0.8  0.6  0.8  0.5  0.9  0.8  0.7  0.   0.7  0.8  1.   0.65
 0.85 0.7  0.8  0.45 0.25 0.4  0.45 0.8  0.5  0.05 0.75 0.9  0.75 0.15
 0.7  0.55 0.75 0.9  0.65 0.8  0.7  0.8  0.9  0.75 0.65 0.8  0.5  0.6
 0.8  0.95 0.5  0.55 0.75 0.85 0.95 0.15 0.4  0.1  0.25 0.1  0.05 0.6
 0.9  0.7  0.4  1.   0.7  0.9  0.5  0.9  0.3  1.   0.85 0.95 0.8  0.55
 0.35 0.6  0.75 0.6  0.6  0.65 1.   0.1  0.3  0.35 0.6  0.85 1.   0.75
 0.6  0.5 ]
,[0.25       0.74285714 0.75       0.71111111 0.57142857 0.41176471
 0.62745098 0.75675676 0.44444444 0.87179487 0.33333333 0.58064516
 0.78787879 0.72222222 0.37037037 0.34615385 0.76190476 0.55813953
 0.49230769 0.60606061 0.53731343 0.7804878  0.75675676 0.
 0.75675676 0.74418605 0.95238095 0.76470588 0.75555556 0.68292683
 0.8        0.51428571 0.22727273 0.51612903 0.43902439 0.88888889
 0.625      0.08695652 0.76923077 0.52941176 0.69767442 0.2
 0.71794872 0.55       0.52631579 0.63157895 0.59090909 0.71111111
 0.73684211 0.82051282 0.85714286 0.71428571 0.74285714 0.64
 0.55555556 0.57142857 0.68085106 0.86363636 0.57142857 0.6875
 0.56603774 0.89473684 0.84444444 0.125      0.51612903 0.12903226
 0.29411765 0.17391304 0.0625     0.75       0.9        0.54901961
 0.44444444 0.81632653 0.71794872 0.87804878 0.41666667 0.69230769
 0.38709677 0.85106383 0.66666667 0.97435897 0.86486486 0.6875
 0.4375     0.68571429 0.76923077 0.66666667 0.63157895 0.74285714
 0.97560976 0.14814815 0.28571429 0.4516129  0.63157895 0.89473684
 0.78431373 0.83333333 0.72727273 0.625     ]
