mACC, mP, mR, mF1, ACC, P, R, F1
0.669,0.6975438519686743,0.669,0.660857332173208
,[ 8 15 13 17 17 13 16 16 15 18  7 11 12 17  3  1 16  6 17  7 17 13 15 11
 14 19 19 16 17 14 16 12 11 10 16 18 12  3 17 17 18 10 18  9 15 19 10 16
 10  9 13 17 16 13  9 15 15 17 14 16  7 15 16 11  9  5  3  6 10 12 19 16
 13 19 18 18  7 16  7 19 16 19 15 12  8 11 17 12 10 15 20 11  3  9 17 16
 20 16 18 16]
,[0.30769231 0.83333333 0.76470588 0.5483871  0.62962963 0.35135135
 0.72727273 0.88888889 0.83333333 0.75       0.5        0.44
 0.92307692 0.70833333 1.         0.06666667 0.66666667 0.42857143
 0.45945946 0.77777778 0.51515152 0.76470588 0.68181818 0.45833333
 0.73684211 0.86363636 0.76       1.         0.65384615 0.82352941
 1.         0.85714286 0.64705882 0.83333333 0.55172414 1.
 0.54545455 0.5        0.56666667 0.65384615 0.72       0.625
 0.69230769 0.9        0.48387097 0.61290323 0.66666667 0.66666667
 1.         0.75       0.8125     0.60714286 0.66666667 0.68421053
 0.5625     0.38461538 0.68181818 0.85       0.77777778 0.57142857
 0.63636364 0.9375     0.88888889 0.32352941 0.81818182 0.38461538
 0.375      0.75       0.66666667 0.92307692 0.95       0.88888889
 0.52       0.86363636 0.51428571 0.85714286 0.35       0.76190476
 1.         0.5        0.8        0.95       0.78947368 1.
 0.44444444 0.6875     0.80952381 0.66666667 0.76923077 0.9375
 0.95238095 0.47826087 0.33333333 0.64285714 0.80952381 0.84210526
 0.68965517 0.88888889 0.85714286 0.76190476]
,[0.4  0.75 0.65 0.85 0.85 0.65 0.8  0.8  0.75 0.9  0.35 0.55 0.6  0.85
 0.15 0.05 0.8  0.3  0.85 0.35 0.85 0.65 0.75 0.55 0.7  0.95 0.95 0.8
 0.85 0.7  0.8  0.6  0.55 0.5  0.8  0.9  0.6  0.15 0.85 0.85 0.9  0.5
 0.9  0.45 0.75 0.95 0.5  0.8  0.5  0.45 0.65 0.85 0.8  0.65 0.45 0.75
 0.75 0.85 0.7  0.8  0.35 0.75 0.8  0.55 0.45 0.25 0.15 0.3  0.5  0.6
 0.95 0.8  0.65 0.95 0.9  0.9  0.35 0.8  0.35 0.95 0.8  0.95 0.75 0.6
 0.4  0.55 0.85 0.6  0.5  0.75 1.   0.55 0.15 0.45 0.85 0.8  1.   0.8
 0.9  0.8 ]
,[0.34782609 0.78947368 0.7027027  0.66666667 0.72340426 0.45614035
 0.76190476 0.84210526 0.78947368 0.81818182 0.41176471 0.48888889
 0.72727273 0.77272727 0.26086957 0.05714286 0.72727273 0.35294118
 0.59649123 0.48275862 0.64150943 0.7027027  0.71428571 0.5
 0.71794872 0.9047619  0.84444444 0.88888889 0.73913043 0.75675676
 0.88888889 0.70588235 0.59459459 0.625      0.65306122 0.94736842
 0.57142857 0.23076923 0.68       0.73913043 0.8        0.55555556
 0.7826087  0.6        0.58823529 0.74509804 0.57142857 0.72727273
 0.66666667 0.5625     0.72222222 0.70833333 0.72727273 0.66666667
 0.5        0.50847458 0.71428571 0.85       0.73684211 0.66666667
 0.4516129  0.83333333 0.84210526 0.40740741 0.58064516 0.3030303
 0.21428571 0.42857143 0.57142857 0.72727273 0.95       0.84210526
 0.57777778 0.9047619  0.65454545 0.87804878 0.35       0.7804878
 0.51851852 0.65517241 0.8        0.95       0.76923077 0.75
 0.42105263 0.61111111 0.82926829 0.63157895 0.60606061 0.83333333
 0.97560976 0.51162791 0.20689655 0.52941176 0.82926829 0.82051282
 0.81632653 0.84210526 0.87804878 0.7804878 ]
