mACC, mP, mR, mF1, ACC, P, R, F1
0.5935,0.5952177516798488,0.5935,0.5672957986960736
,[ 8 17 11 14 11  0 14  6  9 17  8 10 14 19  5  0 12 15 10  5 15 19  8  5
 10 19 19 17 16  7 18 11  2 16  0 18 15  1 12 15 13  7 14 11 16 18  9 19
  9 11 13 19 18 13  8 18 17 17 10 11 13 20 13  8 13  3  1  0  2 13 17  9
  9 19  7 18  8 10  9 19 16 18 16 10  8 18 18 20 10  7 19  2  8  7  8 14
 17 15 13 13]
,[0.2962963  0.85       0.55       0.58333333 0.61111111 0.
 0.46666667 0.75       0.64285714 0.60714286 0.4        0.47619048
 1.         0.46341463 0.38461538 0.         0.54545455 0.6
 0.76923077 1.         0.5        0.76       0.5        0.35714286
 0.47619048 0.73076923 0.9047619  0.89473684 0.76190476 0.7
 0.9        0.44       0.5        0.44444444 0.         1.
 0.5        1.         0.4        0.53571429 0.61904762 0.38888889
 0.66666667 0.84615385 0.42105263 0.40909091 0.52941176 0.48717949
 0.9        0.78571429 0.76470588 0.7037037  0.64285714 0.68421053
 0.44444444 0.41860465 0.73913043 0.60714286 0.66666667 0.64705882
 0.46428571 0.66666667 1.         0.57142857 0.56521739 0.42857143
 0.2        0.         0.25       0.65       0.77272727 0.75
 0.31034483 0.86363636 0.7        0.81818182 0.44444444 0.47619048
 0.75       0.73076923 0.66666667 0.85714286 0.45714286 0.58823529
 0.4        0.5        0.69230769 0.625      0.52631579 0.63636364
 0.95       0.25       0.27586207 0.58333333 0.8        0.875
 0.60714286 0.78947368 0.76470588 0.59090909]
,[0.4  0.85 0.55 0.7  0.55 0.   0.7  0.3  0.45 0.85 0.4  0.5  0.7  0.95
 0.25 0.   0.6  0.75 0.5  0.25 0.75 0.95 0.4  0.25 0.5  0.95 0.95 0.85
 0.8  0.35 0.9  0.55 0.1  0.8  0.   0.9  0.75 0.05 0.6  0.75 0.65 0.35
 0.7  0.55 0.8  0.9  0.45 0.95 0.45 0.55 0.65 0.95 0.9  0.65 0.4  0.9
 0.85 0.85 0.5  0.55 0.65 1.   0.65 0.4  0.65 0.15 0.05 0.   0.1  0.65
 0.85 0.45 0.45 0.95 0.35 0.9  0.4  0.5  0.45 0.95 0.8  0.9  0.8  0.5
 0.4  0.9  0.9  1.   0.5  0.35 0.95 0.1  0.4  0.35 0.4  0.7  0.85 0.75
 0.65 0.65]
,[0.34042553 0.85       0.55       0.63636364 0.57894737 0.
 0.56       0.42857143 0.52941176 0.70833333 0.4        0.48780488
 0.82352941 0.62295082 0.3030303  0.         0.57142857 0.66666667
 0.60606061 0.4        0.6        0.84444444 0.44444444 0.29411765
 0.48780488 0.82608696 0.92682927 0.87179487 0.7804878  0.46666667
 0.9        0.48888889 0.16666667 0.57142857 0.         0.94736842
 0.6        0.0952381  0.48       0.625      0.63414634 0.36842105
 0.68292683 0.66666667 0.55172414 0.5625     0.48648649 0.6440678
 0.6        0.64705882 0.7027027  0.80851064 0.75       0.66666667
 0.42105263 0.57142857 0.79069767 0.70833333 0.57142857 0.59459459
 0.54166667 0.8        0.78787879 0.47058824 0.60465116 0.22222222
 0.08       0.         0.14285714 0.65       0.80952381 0.5625
 0.36734694 0.9047619  0.46666667 0.85714286 0.42105263 0.48780488
 0.5625     0.82608696 0.72727273 0.87804878 0.58181818 0.54054054
 0.4        0.64285714 0.7826087  0.76923077 0.51282051 0.4516129
 0.95       0.14285714 0.32653061 0.4375     0.53333333 0.77777778
 0.70833333 0.76923077 0.7027027  0.61904762]
