mACC, mP, mR, mF1, ACC, P, R, F1
0.5995,0.6135535327201844,0.5994999999999999,0.588726319844575
,[ 9 13 11 16 14 10 12 13  8 18  9 12 16 18 10  4 12 20 11 10  6 19 10 11
  8 17 19 12 15  6 17  7  7 20  9 18 14  2 12 17 13 10 15 10 14 18  4 15
 11 16  7 14 16 13  6 11 15 16 12 12  7 17 15  2  8  5  7  5  5 11 14 16
  9 18 10 17  4 18  8 14 14 16  7 13  8 11 11 18 12 15 19  8  7  5 10 17
 16 14 12 16]
,[0.40909091 0.76470588 0.57894737 0.72727273 0.53846154 0.47619048
 0.6        0.48148148 0.57142857 0.81818182 0.5625     0.42857143
 0.57142857 0.52941176 0.33333333 0.36363636 0.75       0.46511628
 0.78571429 0.625      0.28571429 0.61290323 0.47619048 0.64705882
 0.72727273 0.56666667 0.95       0.8        0.57692308 0.5
 0.70833333 0.77777778 0.58333333 0.52631579 0.40909091 0.9
 0.58333333 0.28571429 0.6        0.5862069  0.8125     0.45454545
 0.88235294 0.5        0.63636364 0.47368421 0.8        0.68181818
 0.84615385 0.66666667 0.77777778 0.93333333 0.64       0.76470588
 0.42857143 0.37931034 0.625      0.8        0.6        0.46153846
 0.4375     0.73913043 0.83333333 0.28571429 0.5        0.38461538
 0.4375     0.26315789 0.5        0.78571429 0.875      0.84210526
 0.5        0.85714286 0.66666667 0.80952381 0.28571429 0.6
 0.42105263 0.875      0.82352941 0.76190476 0.77777778 0.59090909
 0.61538462 0.39285714 0.84615385 0.6        0.42857143 0.78947368
 0.86363636 0.5        0.26923077 0.625      0.5        0.5483871
 0.61538462 0.73684211 0.85714286 0.66666667]
,[0.45 0.65 0.55 0.8  0.7  0.5  0.6  0.65 0.4  0.9  0.45 0.6  0.8  0.9
 0.5  0.2  0.6  1.   0.55 0.5  0.3  0.95 0.5  0.55 0.4  0.85 0.95 0.6
 0.75 0.3  0.85 0.35 0.35 1.   0.45 0.9  0.7  0.1  0.6  0.85 0.65 0.5
 0.75 0.5  0.7  0.9  0.2  0.75 0.55 0.8  0.35 0.7  0.8  0.65 0.3  0.55
 0.75 0.8  0.6  0.6  0.35 0.85 0.75 0.1  0.4  0.25 0.35 0.25 0.25 0.55
 0.7  0.8  0.45 0.9  0.5  0.85 0.2  0.9  0.4  0.7  0.7  0.8  0.35 0.65
 0.4  0.55 0.55 0.9  0.6  0.75 0.95 0.4  0.35 0.25 0.5  0.85 0.8  0.7
 0.6  0.8 ]
,[0.42857143 0.7027027  0.56410256 0.76190476 0.60869565 0.48780488
 0.6        0.55319149 0.47058824 0.85714286 0.5        0.5
 0.66666667 0.66666667 0.4        0.25806452 0.66666667 0.63492063
 0.64705882 0.55555556 0.29268293 0.74509804 0.48780488 0.59459459
 0.51612903 0.68       0.95       0.68571429 0.65217391 0.375
 0.77272727 0.48275862 0.4375     0.68965517 0.42857143 0.9
 0.63636364 0.14814815 0.6        0.69387755 0.72222222 0.47619048
 0.81081081 0.5        0.66666667 0.62068966 0.32       0.71428571
 0.66666667 0.72727273 0.48275862 0.8        0.71111111 0.7027027
 0.35294118 0.44897959 0.68181818 0.8        0.6        0.52173913
 0.38888889 0.79069767 0.78947368 0.14814815 0.44444444 0.3030303
 0.38888889 0.25641026 0.33333333 0.64705882 0.77777778 0.82051282
 0.47368421 0.87804878 0.57142857 0.82926829 0.23529412 0.72
 0.41025641 0.77777778 0.75675676 0.7804878  0.48275862 0.61904762
 0.48484848 0.45833333 0.66666667 0.72       0.5        0.76923077
 0.9047619  0.44444444 0.30434783 0.35714286 0.5        0.66666667
 0.69565217 0.71794872 0.70588235 0.72727273]
