mACC, mP, mR, mF1, ACC, P, R, F1
0.4515,0.5046544340933108,0.4515,0.434694756313244
,[ 8 12  2  5  2  0  1 18  7 18  5  0 10  1  7  1  4 11  0  2 16 14 13  3
 10 14 15 16 12 13  2  8  0  1 15 16  8  0  1  4 17  4 17 11 11 19  9 17
  4 11 13 18 18 12  3 18  9  4  4 14  6 18 15  5  5  5 11  2  0  5 18 16
  4 19  0 17  8 13  4 20 17 20 11  4  4  1 14 15  3 16 20  0  5  3 16 11
  8 12  4  0]
,[0.30769231 0.92307692 0.15384615 0.25       0.5        0.
 0.09090909 0.69230769 0.5        0.72       0.5        0.
 0.66666667 0.5        0.53846154 0.03703704 1.         0.47826087
 0.         0.28571429 0.55172414 0.56       0.72222222 0.15
 0.90909091 0.25       0.88235294 0.88888889 0.48       0.68421053
 0.04545455 0.66666667 0.         0.2        0.28846154 1.
 0.32       0.         1.         0.66666667 0.38636364 0.5
 0.62962963 0.47826087 0.47826087 0.57575758 0.9        0.62962963
 0.07017544 1.         0.43333333 0.66666667 0.5625     0.85714286
 0.42857143 0.29508197 0.31034483 0.44444444 0.5        0.73684211
 0.24       0.9        0.88235294 0.15151515 0.5        0.41666667
 0.25581395 0.08333333 0.         0.625      0.85714286 0.72727273
 0.5        0.9047619  0.         0.89473684 0.25806452 0.36111111
 0.23529412 0.76923077 0.44736842 0.51282051 0.84615385 1.
 1.         0.125      0.60869565 0.78947368 0.12       0.76190476
 1.         0.         0.29411765 0.33333333 0.18181818 1.
 0.66666667 0.92307692 1.         0.        ]
,[0.4  0.6  0.1  0.25 0.1  0.   0.05 0.9  0.35 0.9  0.25 0.   0.5  0.05
 0.35 0.05 0.2  0.55 0.   0.1  0.8  0.7  0.65 0.15 0.5  0.7  0.75 0.8
 0.6  0.65 0.1  0.4  0.   0.05 0.75 0.8  0.4  0.   0.05 0.2  0.85 0.2
 0.85 0.55 0.55 0.95 0.45 0.85 0.2  0.55 0.65 0.9  0.9  0.6  0.15 0.9
 0.45 0.2  0.2  0.7  0.3  0.9  0.75 0.25 0.25 0.25 0.55 0.1  0.   0.25
 0.9  0.8  0.2  0.95 0.   0.85 0.4  0.65 0.2  1.   0.85 1.   0.55 0.2
 0.2  0.05 0.7  0.75 0.15 0.8  1.   0.   0.25 0.15 0.8  0.55 0.4  0.6
 0.2  0.  ]
,[0.34782609 0.72727273 0.12121212 0.25       0.16666667 0.
 0.06451613 0.7826087  0.41176471 0.8        0.33333333 0.
 0.57142857 0.09090909 0.42424242 0.04255319 0.33333333 0.51162791
 0.         0.14814815 0.65306122 0.62222222 0.68421053 0.15
 0.64516129 0.36842105 0.81081081 0.84210526 0.53333333 0.66666667
 0.0625     0.5        0.         0.08       0.41666667 0.88888889
 0.35555556 0.         0.0952381  0.30769231 0.53125    0.28571429
 0.72340426 0.51162791 0.51162791 0.71698113 0.6        0.72340426
 0.1038961  0.70967742 0.52       0.76595745 0.69230769 0.70588235
 0.22222222 0.44444444 0.36734694 0.27586207 0.28571429 0.71794872
 0.26666667 0.9        0.81081081 0.18867925 0.33333333 0.3125
 0.34920635 0.09090909 0.         0.35714286 0.87804878 0.76190476
 0.28571429 0.92682927 0.         0.87179487 0.31372549 0.46428571
 0.21621622 0.86956522 0.5862069  0.6779661  0.66666667 0.33333333
 0.33333333 0.07142857 0.65116279 0.76923077 0.13333333 0.7804878
 1.         0.         0.27027027 0.20689655 0.2962963  0.70967742
 0.5        0.72727273 0.33333333 0.        ]
