mACC, mP, mR, mF1, ACC, P, R, F1
0.18,0.2123153295737621,0.18000000000000005,0.1728347694632902
,[ 0  7  2  2  4  3  2  6  6  9  2  2  1  0  0  0  4 10  3  3  5  1  0  1
  1  1 11  3  1  1  3  3  1  0  0  9  1  0  1  0  5  1  2  4 10 11  1  4
  1  0  6  3  3  4  1  1  5  2  1  8  7  5 12  5  0  7  2  6  1  0  6  4
  0 15  0 10  0  1  2  4  1  7  5  6  0  0  1 16 12  3  1  3  6  1  0  2
 10 10  6  1]
,[0.         0.30434783 0.11764706 0.14285714 0.57142857 0.08823529
 0.11111111 0.42857143 0.5        0.9        0.04255319 0.16666667
 0.33333333 0.         0.         0.         0.19047619 0.32258065
 0.075      0.25       0.22727273 0.5        0.         0.05882353
 0.5        0.2        0.84615385 0.14285714 0.02380952 0.025
 0.16666667 0.3        0.08333333 0.         0.         0.81818182
 0.14285714 0.         0.16666667 0.         0.23809524 0.02380952
 0.5        0.33333333 0.32258065 0.25581395 0.04761905 0.17391304
 0.02380952 0.         0.0952381  0.23076923 0.14285714 0.5
 0.16666667 0.05882353 0.22727273 0.13333333 0.14285714 0.11940299
 0.18918919 0.5        0.57142857 0.09090909 0.         0.18421053
 0.03571429 0.12       0.04761905 0.         0.33333333 0.57142857
 0.         0.75       0.         0.2173913  0.         0.01886792
 0.25       0.33333333 0.16666667 0.38888889 0.27777778 0.4
 0.         0.         0.08333333 0.30769231 0.36363636 0.08333333
 0.5        0.11538462 0.21428571 0.1        0.         0.25
 0.625      0.25       0.375      0.03448276]
,[0.   0.35 0.1  0.1  0.2  0.15 0.1  0.3  0.3  0.45 0.1  0.1  0.05 0.
 0.   0.   0.2  0.5  0.15 0.15 0.25 0.05 0.   0.05 0.05 0.05 0.55 0.15
 0.05 0.05 0.15 0.15 0.05 0.   0.   0.45 0.05 0.   0.05 0.   0.25 0.05
 0.1  0.2  0.5  0.55 0.05 0.2  0.05 0.   0.3  0.15 0.15 0.2  0.05 0.05
 0.25 0.1  0.05 0.4  0.35 0.25 0.6  0.25 0.   0.35 0.1  0.3  0.05 0.
 0.3  0.2  0.   0.75 0.   0.5  0.   0.05 0.1  0.2  0.05 0.35 0.25 0.3
 0.   0.   0.05 0.8  0.6  0.15 0.05 0.15 0.3  0.05 0.   0.1  0.5  0.5
 0.3  0.05]
,[0.         0.3255814  0.10810811 0.11764706 0.2962963  0.11111111
 0.10526316 0.35294118 0.375      0.6        0.05970149 0.125
 0.08695652 0.         0.         0.         0.19512195 0.39215686
 0.1        0.1875     0.23809524 0.09090909 0.         0.05405405
 0.09090909 0.08       0.66666667 0.14634146 0.03225806 0.03333333
 0.15789474 0.2        0.0625     0.         0.         0.58064516
 0.07407407 0.         0.07692308 0.         0.24390244 0.03225806
 0.16666667 0.25       0.39215686 0.34920635 0.04878049 0.18604651
 0.03225806 0.         0.14457831 0.18181818 0.14634146 0.28571429
 0.07692308 0.05405405 0.23809524 0.11428571 0.07407407 0.18390805
 0.24561404 0.33333333 0.58536585 0.13333333 0.         0.24137931
 0.05263158 0.17142857 0.04878049 0.         0.31578947 0.2962963
 0.         0.75       0.         0.3030303  0.         0.02739726
 0.14285714 0.25       0.07692308 0.36842105 0.26315789 0.34285714
 0.         0.         0.0625     0.44444444 0.45283019 0.10714286
 0.09090909 0.13043478 0.25       0.06666667 0.         0.14285714
 0.55555556 0.33333333 0.33333333 0.04081633]
