mACC, mP, mR, mF1, ACC, P, R, F1
0.456,0.4769748377097403,0.456,0.4481407610283808
,[ 2 12  8  8 14  6  5 10  8 17  5 12  9  4  8  3  8 11 10  8  4 11  8  1
  5 15 19  9  9  9 13  7  9 16  3 16  9  2  9 13 12  5 13  7 14 16  2 15
 11 12  8 12 13 13  4 14 14 10  5  7  9 13 14  5  8  3  4  4  2  1 12 14
  4 17  4 14  2  9  5  8 11 14 14  9  6 12  5 17 12  9  8 12  1  6  7  6
 14 12 11 12]
,[0.28571429 0.85714286 0.53333333 0.36363636 0.66666667 0.25
 0.45454545 0.52631579 0.47058824 0.77272727 0.29411765 0.4137931
 0.36       0.30769231 0.30769231 0.13043478 0.53333333 0.52380952
 0.5        0.72727273 0.22222222 0.47826087 0.4        0.09090909
 0.55555556 0.68181818 0.79166667 0.69230769 0.3        0.34615385
 0.65       0.23333333 0.225      0.59259259 0.42857143 0.84210526
 0.39130435 0.13333333 0.42857143 0.41935484 0.66666667 0.18518519
 0.65       0.4375     0.58333333 0.34782609 0.28571429 0.35714286
 0.37931034 0.57142857 0.53333333 0.44444444 0.68421053 0.76470588
 0.25       0.24561404 0.5        0.34482759 0.26315789 0.58333333
 0.42857143 0.8125     0.77777778 0.5        0.44444444 0.16666667
 0.21052632 0.25       0.5        0.2        1.         0.46666667
 0.30769231 0.73913043 0.4        0.73684211 0.1        0.5
 0.19230769 0.47058824 0.6875     0.93333333 0.48275862 0.75
 0.3        0.54545455 0.71428571 0.5862069  0.54545455 0.6
 0.61538462 0.29268293 0.2        0.6        0.58333333 0.46153846
 0.3255814  0.70588235 0.73333333 0.57142857]
,[0.1  0.6  0.4  0.4  0.7  0.3  0.25 0.5  0.4  0.85 0.25 0.6  0.45 0.2
 0.4  0.15 0.4  0.55 0.5  0.4  0.2  0.55 0.4  0.05 0.25 0.75 0.95 0.45
 0.45 0.45 0.65 0.35 0.45 0.8  0.15 0.8  0.45 0.1  0.45 0.65 0.6  0.25
 0.65 0.35 0.7  0.8  0.1  0.75 0.55 0.6  0.4  0.6  0.65 0.65 0.2  0.7
 0.7  0.5  0.25 0.35 0.45 0.65 0.7  0.25 0.4  0.15 0.2  0.2  0.1  0.05
 0.6  0.7  0.2  0.85 0.2  0.7  0.1  0.45 0.25 0.4  0.55 0.7  0.7  0.45
 0.3  0.6  0.25 0.85 0.6  0.45 0.4  0.6  0.05 0.3  0.35 0.3  0.7  0.6
 0.55 0.6 ]
,[0.14814815 0.70588235 0.45714286 0.38095238 0.68292683 0.27272727
 0.32258065 0.51282051 0.43243243 0.80952381 0.27027027 0.48979592
 0.4        0.24242424 0.34782609 0.13953488 0.45714286 0.53658537
 0.5        0.51612903 0.21052632 0.51162791 0.4        0.06451613
 0.34482759 0.71428571 0.86363636 0.54545455 0.36       0.39130435
 0.65       0.28       0.3        0.68085106 0.22222222 0.82051282
 0.41860465 0.11428571 0.43902439 0.50980392 0.63157895 0.21276596
 0.65       0.38888889 0.63636364 0.48484848 0.14814815 0.48387097
 0.44897959 0.58536585 0.45714286 0.5106383  0.66666667 0.7027027
 0.22222222 0.36363636 0.58333333 0.40816327 0.25641026 0.4375
 0.43902439 0.72222222 0.73684211 0.33333333 0.42105263 0.15789474
 0.20512821 0.22222222 0.16666667 0.08       0.75       0.56
 0.24242424 0.79069767 0.26666667 0.71794872 0.1        0.47368421
 0.2173913  0.43243243 0.61111111 0.8        0.57142857 0.5625
 0.3        0.57142857 0.37037037 0.69387755 0.57142857 0.51428571
 0.48484848 0.39344262 0.08       0.4        0.4375     0.36363636
 0.44444444 0.64864865 0.62857143 0.58536585]
