mACC, mP, mR, mF1, ACC, P, R, F1
0.67,0.6866036381277181,0.67,0.6593940505829279
,[ 7 15 14 18 15 10 18 13 11 17 10 14 18 19 11  5 17 15 16  9 17 16 12  0
 12 18 18 18 15 14 18 15 14  9 13 16 13  2 15 16 16  8 15 11 15 18  6 16
 10  9 16 16 17 12 12 11 16 20 12 14 15 18 19  5 11  8  5  9  4 12 17 13
  9 20 13 17  6 15  9 20 14 20 16 14  8 13 14 18 15 18 20  5  6 12 10 16
 16 17 14 16]
,[0.31818182 0.83333333 0.63636364 0.5        0.71428571 0.71428571
 0.72       0.56521739 0.78571429 0.80952381 0.55555556 0.48275862
 0.9        0.59375    0.6875     0.35714286 0.80952381 0.48387097
 0.61538462 0.64285714 0.53125    0.72727273 0.75       0.
 0.85714286 0.69230769 0.9        1.         0.9375     0.60869565
 0.85714286 0.57692308 0.82352941 0.75       0.68421053 1.
 0.56521739 1.         0.57692308 0.61538462 0.55172414 0.47058824
 0.71428571 0.73333333 0.53571429 0.45       0.85714286 0.53333333
 0.58823529 0.75       0.76190476 0.88888889 0.68       0.54545455
 0.6        0.42307692 0.64       0.71428571 0.8        0.66666667
 0.5        0.81818182 0.82608696 0.41666667 0.84615385 0.42105263
 0.3125     0.6        1.         0.8        0.89473684 0.86666667
 0.47368421 0.95238095 0.8125     0.85       0.5        0.88235294
 0.52941176 0.8        0.875      0.71428571 0.55172414 0.5
 0.66666667 0.52       0.73684211 0.75       0.78947368 0.9
 0.95238095 0.35714286 0.25       0.70588235 0.90909091 0.84210526
 0.76190476 0.85       1.         0.84210526]
,[0.35 0.75 0.7  0.9  0.75 0.5  0.9  0.65 0.55 0.85 0.5  0.7  0.9  0.95
 0.55 0.25 0.85 0.75 0.8  0.45 0.85 0.8  0.6  0.   0.6  0.9  0.9  0.9
 0.75 0.7  0.9  0.75 0.7  0.45 0.65 0.8  0.65 0.1  0.75 0.8  0.8  0.4
 0.75 0.55 0.75 0.9  0.3  0.8  0.5  0.45 0.8  0.8  0.85 0.6  0.6  0.55
 0.8  1.   0.6  0.7  0.75 0.9  0.95 0.25 0.55 0.4  0.25 0.45 0.2  0.6
 0.85 0.65 0.45 1.   0.65 0.85 0.3  0.75 0.45 1.   0.7  1.   0.8  0.7
 0.4  0.65 0.7  0.9  0.75 0.9  1.   0.25 0.3  0.6  0.5  0.8  0.8  0.85
 0.7  0.8 ]
,[0.33333333 0.78947368 0.66666667 0.64285714 0.73170732 0.58823529
 0.8        0.60465116 0.64705882 0.82926829 0.52631579 0.57142857
 0.9        0.73076923 0.61111111 0.29411765 0.82926829 0.58823529
 0.69565217 0.52941176 0.65384615 0.76190476 0.66666667 0.
 0.70588235 0.7826087  0.9        0.94736842 0.83333333 0.65116279
 0.87804878 0.65217391 0.75675676 0.5625     0.66666667 0.88888889
 0.60465116 0.18181818 0.65217391 0.69565217 0.65306122 0.43243243
 0.73170732 0.62857143 0.625      0.6        0.44444444 0.64
 0.54054054 0.5625     0.7804878  0.84210526 0.75555556 0.57142857
 0.6        0.47826087 0.71111111 0.83333333 0.68571429 0.68292683
 0.6        0.85714286 0.88372093 0.3125     0.66666667 0.41025641
 0.27777778 0.51428571 0.33333333 0.68571429 0.87179487 0.74285714
 0.46153846 0.97560976 0.72222222 0.85       0.375      0.81081081
 0.48648649 0.88888889 0.77777778 0.83333333 0.65306122 0.58333333
 0.5        0.57777778 0.71794872 0.81818182 0.76923077 0.9
 0.97560976 0.29411765 0.27272727 0.64864865 0.64516129 0.82051282
 0.7804878  0.85       0.82352941 0.82051282]
