mACC, mP, mR, mF1, ACC, P, R, F1
0.4861294583883752,0.4571050218360076,0.4248462909905563,0.3973935897146101
,[  1  13  19   2  21   2   0  28  11  11  49  37   1   8  11   7   1   4
  11  11  21  11   1   1   1   0   3   0   5   0   5   0   3  18   2  10
  10   0   0  15   0   5  17   7   0  21   1   7   6  15  16   1   7   0
  13   6   2   7   0   3   1  17  17  21  15   7   5   7   0   3   0  22
   6   0   2   0  15   2   3   2  10  12  14   2   0  11  13   1  11  40
   8  36  17  18   0  26  14  15  13  16  23   9  19   1  40   1  15   4
   7  16   9   5  18  19   0  15   7   5   0  16  12   0  22  13   2  10
  25  10  35  13  12  35  23  19   0   8  32  25   0  10   6  13  18   2
 160   2  22  17   0   6   2  12  14  15   2   0  11  23  16   1  17   3
   1  10   0  11   0  21   8   1   3  16   2   9   0   8   2  17  13   1
   8  22   2  11   0  17   5   8  14  13   0   1  22  12   0  20   6   7
   0   5  16   2   0  16  12   8   4   7   0  15   5  24  16  25   0  14
  14  12   1   8  20   0   1  15  12   8  14   0   1  18  12  64   1  16
  16   1  15  16   7  38   5   3   3   0   0  15   3   3   7  20 157  24
  87  10  12  18]
,[1.         0.86666667 0.79166667 0.03174603 0.91304348 0.4
 0.         0.44444444 0.5        0.5        0.58333333 0.47435897
 1.         1.         0.73333333 0.46666667 0.05882353 0.33333333
 0.84615385 0.91666667 0.48837209 0.34375    1.         0.5
 0.07142857 0.         0.75       0.         0.20833333 0.
 0.83333333 0.         0.42857143 0.81818182 0.28571429 0.45454545
 1.         0.         0.         1.         0.         0.5
 0.48571429 0.33333333 0.         0.63636364 0.09090909 0.77777778
 0.33333333 0.51724138 0.55172414 1.         0.33333333 0.
 0.65       0.75       0.22222222 0.33333333 0.         0.25
 0.25       0.36956522 0.65384615 0.77777778 0.55555556 0.77777778
 0.71428571 0.58333333 0.         0.21428571 0.         0.91666667
 0.46153846 0.         0.5        0.         0.88235294 1.
 0.2        0.5        0.58823529 0.42857143 0.25454545 0.15384615
 0.         0.64705882 0.72222222 1.         0.2244898  0.51948052
 0.88888889 0.32142857 0.48571429 0.85714286 0.         0.72222222
 0.42424242 0.38461538 0.5        0.8        0.19491525 0.25
 0.86363636 0.1        0.5        0.2        0.88235294 0.07142857
 0.38888889 0.3902439  1.         0.45454545 0.66666667 0.82608696
 0.         0.83333333 0.22580645 0.83333333 0.         0.36363636
 0.6        0.         0.91666667 0.46428571 0.05882353 0.20833333
 0.32467532 0.34482759 0.74468085 0.65       0.63157895 0.60344828
 0.5        0.34545455 0.         0.88888889 0.31683168 0.43859649
 0.         0.38461538 0.22222222 0.72222222 0.58064516 0.25
 0.76190476 0.5        0.52380952 0.45945946 0.         0.42857143
 0.22222222 1.         0.41176471 0.38461538 0.2        0.
 0.64705882 0.45098039 0.29090909 0.125      0.68       0.16666667
 0.08333333 1.         0.         0.57894737 0.         0.875
 0.38095238 0.09090909 0.1875     0.66666667 0.11764706 0.69230769
 0.         0.57142857 0.66666667 0.94444444 0.68421053 1.
 0.66666667 0.56410256 0.13333333 0.84615385 0.         0.44736842
 0.625      0.22857143 0.73684211 0.68421053 0.         0.11111111
 0.30136986 0.36363636 0.         0.36363636 0.6        0.35
 0.         0.41666667 0.64       0.5        0.         0.72727273
 0.27272727 0.4        0.66666667 0.53846154 0.         0.36585366
 0.35714286 0.375      0.76190476 0.65789474 0.         0.77777778
 0.73684211 0.85714286 0.25       0.88888889 0.51282051 0.
 0.125      0.53571429 0.75       0.14814815 0.63636364 0.
 0.16666667 0.66666667 0.8        0.82051282 0.1        0.41025641
 0.8        0.08333333 0.625      0.8        1.         0.42696629
 0.83333333 1.         0.6        0.         0.         0.27777778
 0.6        0.33333333 0.23333333 0.83333333 0.65145228 0.85714286
 0.84466019 0.37037037 0.4137931  0.42857143]
,[0.05       0.65       0.61290323 0.07692308 0.7        0.11111111
 0.         0.59574468 0.52380952 0.57894737 0.875      0.84090909
 0.05       0.44444444 0.44       0.36842105 0.04761905 0.19047619
 0.44       0.64705882 0.72413793 0.55       0.04545455 0.04347826
 0.04347826 0.         0.15       0.         0.23809524 0.
 0.27777778 0.         0.14285714 0.9        0.11111111 0.45454545
 0.41666667 0.         0.         0.6        0.         0.27777778
 0.68       0.28       0.         0.77777778 0.05263158 0.33333333
 0.27272727 0.75       0.69565217 0.05882353 0.41176471 0.
 0.65       0.28571429 0.09090909 0.36842105 0.         0.16666667
 0.04761905 1.         0.68       0.77777778 0.71428571 0.41176471
 0.29411765 0.31818182 0.         0.17647059 0.         0.91666667
 0.3        0.         0.11764706 0.         0.78947368 0.11111111
 0.15       0.08333333 0.52631579 0.70588235 0.73684211 0.11764706
 0.         0.6875     0.68421053 0.05       0.5        0.93023256
 0.42105263 0.87804878 0.73913043 0.85714286 0.         0.45614035
 0.77777778 0.75       0.8125     0.84210526 0.82142857 0.5
 0.82608696 0.05       0.74074074 0.05555556 0.83333333 0.23529412
 0.21875    0.94117647 0.52941176 0.29411765 0.75       0.79166667
 0.         0.68181818 0.28       0.22727273 0.         0.61538462
 0.70588235 0.         0.95652174 0.68421053 0.0952381  0.20408163
 0.96153846 0.47619048 0.92105263 0.68421053 0.63157895 0.92105263
 0.82142857 0.79166667 0.         0.42105263 1.         0.64102564
 0.         0.55555556 0.25       0.59090909 0.69230769 0.11764706
 1.         0.11764706 0.53658537 0.48571429 0.         0.26086957
 0.09090909 0.5        0.73684211 0.71428571 0.10526316 0.
 0.52380952 0.76666667 0.38095238 0.05882353 0.80952381 0.15789474
 0.05555556 0.47619048 0.         0.57894737 0.         0.75
 0.42105263 0.04761905 0.17647059 0.8        0.09090909 0.52941176
 0.         0.36363636 0.1        0.85       0.8125     0.04761905
 0.4        0.91666667 0.1        0.64705882 0.         1.
 0.26315789 0.44444444 0.58333333 0.56521739 0.         0.04347826
 0.62857143 0.52173913 0.         0.95238095 0.3        0.31818182
 0.         0.25       0.94117647 0.1        0.         1.
 0.66666667 0.4        0.17391304 0.31818182 0.         0.65217391
 0.26315789 0.85714286 0.76190476 0.89285714 0.         0.7
 0.66666667 0.70588235 0.05882353 0.42105263 0.95238095 0.
 0.0625     0.68181818 0.66666667 0.4        0.46666667 0.
 0.05263158 0.94736842 0.52173913 0.88888889 0.05       0.64
 0.69565217 0.05       0.83333333 0.8        0.41176471 0.92682927
 0.26315789 0.15789474 0.16666667 0.         0.         0.71428571
 0.15789474 0.17647059 0.35       1.         0.98125    1.
 1.         0.52631579 0.57142857 0.81818182]
,[0.0952381  0.74285714 0.69090909 0.04494382 0.79245283 0.17391304
 0.         0.50909091 0.51162791 0.53658537 0.7        0.60655738
 0.0952381  0.61538462 0.55       0.41176471 0.05263158 0.24242424
 0.57894737 0.75862069 0.58333333 0.42307692 0.08695652 0.08
 0.05405405 0.         0.25       0.         0.22222222 0.
 0.41666667 0.         0.21428571 0.85714286 0.16       0.45454545
 0.58823529 0.         0.         0.75       0.         0.35714286
 0.56666667 0.30434783 0.         0.7        0.06666667 0.46666667
 0.3        0.6122449  0.61538462 0.11111111 0.36842105 0.
 0.65       0.4137931  0.12903226 0.35       0.         0.2
 0.08       0.53968254 0.66666667 0.77777778 0.625      0.53846154
 0.41666667 0.41176471 0.         0.19354839 0.         0.91666667
 0.36363636 0.         0.19047619 0.         0.83333333 0.2
 0.17142857 0.14285714 0.55555556 0.53333333 0.37837838 0.13333333
 0.         0.66666667 0.7027027  0.0952381  0.30985915 0.66666667
 0.57142857 0.47058824 0.5862069  0.85714286 0.         0.55913978
 0.54901961 0.50847458 0.61904762 0.82051282 0.31506849 0.33333333
 0.84444444 0.06666667 0.59701493 0.08695652 0.85714286 0.10958904
 0.28       0.55172414 0.69230769 0.35714286 0.70588235 0.80851064
 0.         0.75       0.25       0.35714286 0.         0.45714286
 0.64864865 0.         0.93617021 0.55319149 0.07272727 0.20618557
 0.48543689 0.4        0.82352941 0.66666667 0.63157895 0.72916667
 0.62162162 0.48101266 0.         0.57142857 0.48120301 0.52083333
 0.         0.45454545 0.23529412 0.65       0.63157895 0.16
 0.86486486 0.19047619 0.53012048 0.47222222 0.         0.32432432
 0.12903226 0.66666667 0.52830189 0.5        0.13793103 0.
 0.57894737 0.56790123 0.32989691 0.08       0.73913043 0.16216216
 0.06666667 0.64516129 0.         0.57894737 0.         0.80769231
 0.4        0.0625     0.18181818 0.72727273 0.1025641  0.6
 0.         0.44444444 0.17391304 0.89473684 0.74285714 0.09090909
 0.5        0.6984127  0.11428571 0.73333333 0.         0.61818182
 0.37037037 0.30188679 0.65116279 0.61904762 0.         0.0625
 0.40740741 0.42857143 0.         0.52631579 0.4        0.33333333
 0.         0.3125     0.76190476 0.16666667 0.         0.84210526
 0.38709677 0.4        0.27586207 0.4        0.         0.46875
 0.3030303  0.52173913 0.76190476 0.75757576 0.         0.73684211
 0.7        0.77419355 0.0952381  0.57142857 0.66666667 0.
 0.08333333 0.6        0.70588235 0.21621622 0.53846154 0.
 0.08       0.7826087  0.63157895 0.85333333 0.06666667 0.5
 0.74418605 0.0625     0.71428571 0.8        0.58333333 0.58461538
 0.4        0.27272727 0.26086957 0.         0.         0.4
 0.25       0.23076923 0.28       0.90909091 0.78304239 0.92307692
 0.91578947 0.43478261 0.48       0.5625    ]
