mACC, mP, mR, mF1, ACC, P, R, F1
0.690224570673712,0.6916495433154698,0.6516653710403695,0.6500448167862956
,[ 15  15  26  11  25   4  11  41   8  12  52  42  15  12  13  14  11   9
  12  11  21  12  15  15   8   5  17  11  15   8  12  19   6  19  11  13
  11  16   2  19  16   6  16  14   8  25   9  15  20   7  17   9  15  21
  12  10  17   8   0   3   7  17  21  21  20  14  13  12   0   5   9  23
  14   6   8  13  17  11  11   6  12  11  16  13  13  13  17  12  13  39
  15  38  18  20  15  46  15  16  12  17  25   4  22  14  43  10  15   3
  21  15  13  11  21  22   3  20  18   3  10  19  12   1  23  17   5  16
  24  11  38  14  11  34  27  22   3  13  32  30   6  13  21  17  19   4
 160   7  33  27  15  13  22  19  12  18   6   4  18  25  16   8  20  16
   4  20   6  15   6  26  11  18  11  18   6  11  14  13   8  18  16   7
  16  22  16  15   0  16   9   5  18  15  11  18  29  11   4  18  12  16
   9  12  17  11   9  14   5  13  22  20  14  13   5  22  17  25  14  14
  16  13   1  13  19  14   5  20  16  15  26  13   8  16  17  62   2  19
  17  11  13  19  10  39  15  14   7  10   3   9  11   0   1  20 160  24
  87  14   7  14]
,[0.5        0.78947368 0.8125     0.57894737 0.625      0.8
 0.55       0.70689655 0.8        0.92307692 0.8        0.80769231
 0.65217391 0.85714286 0.61904762 0.77777778 0.55       0.6
 0.8        0.61111111 0.84       1.         0.83333333 0.83333333
 0.47058824 0.3125     0.5862069  0.57894737 0.6        0.2962963
 0.52173913 0.63333333 0.33333333 0.95       0.44       0.86666667
 0.64705882 0.69565217 0.4        0.9047619  0.59259259 0.5
 0.88888889 0.77777778 0.72727273 0.75757576 0.81818182 0.48387097
 0.95238095 0.875      0.60714286 0.75       0.78947368 0.41176471
 1.         0.71428571 1.         0.47058824 0.         0.25
 0.77777778 0.80952381 0.77777778 0.72413793 0.48780488 0.875
 0.48148148 0.70588235 0.         0.5        0.375      0.85185185
 0.77777778 0.35294118 0.21052632 0.76470588 0.85       0.64705882
 0.35483871 0.85714286 0.8        0.57894737 0.76190476 0.68421053
 0.61904762 0.8125     0.77272727 1.         0.46428571 0.72222222
 1.         0.9047619  0.94736842 1.         0.83333333 0.40350877
 0.71428571 0.88888889 0.70588235 0.85       0.65789474 1.
 0.51162791 0.5        0.58108108 0.625      1.         0.42857143
 0.75       0.65217391 0.86666667 0.91666667 0.875      0.84615385
 0.75       0.625      0.75       0.1875     0.37037037 0.9047619
 0.85714286 0.25       0.88461538 0.94444444 0.45454545 0.47058824
 0.8        0.55       0.97435897 0.93333333 1.         0.89473684
 0.675      0.73333333 0.5        0.72222222 0.86486486 0.73170732
 0.75       0.86666667 0.65625    0.70833333 0.61290323 0.33333333
 0.96385542 0.7        0.6        0.49090909 0.51724138 0.68421053
 1.         0.82608696 1.         0.72       0.85714286 0.66666667
 0.9        0.96153846 0.27586207 0.61538462 0.625      0.84210526
 0.22222222 0.95238095 0.5        0.78947368 0.33333333 0.83870968
 0.73333333 1.         0.275      0.9        0.54545455 1.
 0.93333333 0.54166667 0.88888889 0.94736842 0.66666667 0.35
 0.48484848 0.88       0.66666667 0.57692308 0.         0.94117647
 0.5        0.55555556 0.7826087  0.75       0.39285714 0.94736842
 0.54716981 0.91666667 0.66666667 0.66666667 0.46153846 0.69565217
 0.75       0.85714286 0.94444444 0.84615385 0.75       0.93333333
 0.83333333 0.65       0.81481481 0.45454545 0.4516129  0.68421053
 0.625      0.91666667 0.85       0.89285714 0.93333333 0.82352941
 0.76190476 0.8125     0.25       0.86666667 0.9047619  0.46666667
 0.55555556 0.625      0.88888889 0.75       0.61904762 0.76470588
 0.66666667 0.8        0.80952381 0.98412698 0.33333333 0.37254902
 0.5862069  0.61111111 0.92857143 0.86363636 0.47619048 1.
 0.83333333 0.82352941 0.77777778 0.83333333 1.         0.42857143
 0.6875     0.         0.04761905 0.83333333 0.76555024 0.92307692
 0.86138614 0.66666667 0.22580645 0.66666667]
,[0.75       0.75       0.83870968 0.42307692 0.83333333 0.22222222
 0.5        0.87234043 0.38095238 0.63157895 0.92857143 0.95454545
 0.75       0.66666667 0.52       0.73684211 0.52380952 0.42857143
 0.48       0.64705882 0.72413793 0.6        0.68181818 0.65217391
 0.34782609 0.22727273 0.85       0.5        0.71428571 0.38095238
 0.66666667 0.9047619  0.28571429 0.95       0.61111111 0.59090909
 0.45833333 0.72727273 0.11764706 0.76       0.88888889 0.33333333
 0.64       0.56       0.47058824 0.92592593 0.47368421 0.71428571
 0.90909091 0.35       0.73913043 0.52941176 0.88235294 0.875
 0.6        0.47619048 0.77272727 0.42105263 0.         0.16666667
 0.33333333 1.         0.84       0.77777778 0.95238095 0.82352941
 0.76470588 0.54545455 0.         0.29411765 0.45       0.95833333
 0.7        0.26086957 0.47058824 0.76470588 0.89473684 0.61111111
 0.55       0.25       0.63157895 0.64705882 0.84210526 0.76470588
 0.56521739 0.8125     0.89473684 0.6        0.59090909 0.90697674
 0.78947368 0.92682927 0.7826087  0.95238095 0.83333333 0.80701754
 0.83333333 0.8        0.75       0.89473684 0.89285714 0.22222222
 0.95652174 0.7        0.7962963  0.55555556 0.83333333 0.17647059
 0.65625    0.88235294 0.76470588 0.64705882 0.875      0.91666667
 0.16666667 0.90909091 0.72       0.13636364 0.55555556 0.73076923
 0.70588235 0.04761905 1.         0.89473684 0.23809524 0.32653061
 0.92307692 0.52380952 1.         0.73684211 0.57894737 0.89473684
 0.96428571 0.91666667 0.15789474 0.68421053 1.         0.76923077
 0.33333333 0.72222222 0.875      0.77272727 0.73076923 0.23529412
 1.         0.41176471 0.80487805 0.77142857 0.71428571 0.56521739
 1.         0.79166667 0.63157895 0.85714286 0.31578947 0.2
 0.85714286 0.83333333 0.38095238 0.47058824 0.95238095 0.84210526
 0.22222222 0.95238095 0.33333333 0.78947368 0.33333333 0.92857143
 0.57894737 0.85714286 0.64705882 0.9        0.27272727 0.64705882
 0.82352941 0.59090909 0.4        0.9        1.         0.33333333
 0.8        0.91666667 0.8        0.88235294 0.         0.94117647
 0.47368421 0.27777778 0.75       0.65217391 0.47826087 0.7826087
 0.82857143 0.47826087 0.22222222 0.85714286 0.6        0.72727273
 0.42857143 0.6        1.         0.55       0.47368421 0.875
 0.27777778 0.65       0.95652174 0.90909091 0.66666667 0.56521739
 0.26315789 0.78571429 0.80952381 0.89285714 0.82352941 0.7
 0.76190476 0.76470588 0.05882353 0.68421053 0.9047619  0.73684211
 0.3125     0.90909091 0.88888889 0.75       0.86666667 0.68421053
 0.42105263 0.84210526 0.73913043 0.86111111 0.1        0.76
 0.73913043 0.55       0.72222222 0.95       0.58823529 0.95121951
 0.78947368 0.73684211 0.38888889 0.52631579 0.15789474 0.42857143
 0.57894737 0.         0.05       1.         1.         1.
 1.         0.73684211 0.33333333 0.63636364]
,[0.6        0.76923077 0.82539683 0.48888889 0.71428571 0.34782609
 0.52380952 0.78095238 0.51612903 0.75       0.85950413 0.875
 0.69767442 0.75       0.56521739 0.75675676 0.53658537 0.5
 0.6        0.62857143 0.77777778 0.75       0.75       0.73170732
 0.4        0.26315789 0.69387755 0.53658537 0.65217391 0.33333333
 0.58536585 0.74509804 0.30769231 0.95       0.51162791 0.7027027
 0.53658537 0.71111111 0.18181818 0.82608696 0.71111111 0.4
 0.74418605 0.65116279 0.57142857 0.83333333 0.6        0.57692308
 0.93023256 0.5        0.66666667 0.62068966 0.83333333 0.56
 0.75       0.57142857 0.87179487 0.44444444 0.         0.2
 0.46666667 0.89473684 0.80769231 0.75       0.64516129 0.84848485
 0.59090909 0.61538462 0.         0.37037037 0.40909091 0.90196078
 0.73684211 0.3        0.29090909 0.76470588 0.87179487 0.62857143
 0.43137255 0.38709677 0.70588235 0.61111111 0.8        0.72222222
 0.59090909 0.8125     0.82926829 0.75       0.52       0.80412371
 0.88235294 0.91566265 0.85714286 0.97560976 0.83333333 0.5380117
 0.76923077 0.84210526 0.72727273 0.87179487 0.75757576 0.36363636
 0.66666667 0.58333333 0.671875   0.58823529 0.90909091 0.25
 0.7        0.75       0.8125     0.75862069 0.875      0.88
 0.27272727 0.74074074 0.73469388 0.15789474 0.44444444 0.80851064
 0.77419355 0.08       0.93877551 0.91891892 0.3125     0.38554217
 0.85714286 0.53658537 0.98701299 0.82352941 0.73333333 0.89473684
 0.79411765 0.81481481 0.24       0.7027027  0.92753623 0.75
 0.46153846 0.78787879 0.75       0.73913043 0.66666667 0.27586207
 0.98159509 0.51851852 0.6875     0.6        0.6        0.61904762
 1.         0.80851064 0.77419355 0.7826087  0.46153846 0.30769231
 0.87804878 0.89285714 0.32       0.53333333 0.75471698 0.84210526
 0.22222222 0.95238095 0.4        0.78947368 0.33333333 0.88135593
 0.64705882 0.92307692 0.38596491 0.9        0.36363636 0.78571429
 0.875      0.56521739 0.55172414 0.92307692 0.8        0.34146341
 0.60377358 0.89795918 0.72727273 0.69767442 0.         0.94117647
 0.48648649 0.37037037 0.76595745 0.69767442 0.43137255 0.85714286
 0.65909091 0.62857143 0.33333333 0.75       0.52173913 0.71111111
 0.54545455 0.70588235 0.97142857 0.66666667 0.58064516 0.90322581
 0.41666667 0.65       0.88       0.60606061 0.53846154 0.61904762
 0.37037037 0.84615385 0.82926829 0.89285714 0.875      0.75675676
 0.76190476 0.78787879 0.0952381  0.76470588 0.9047619  0.57142857
 0.4        0.74074074 0.88888889 0.75       0.72222222 0.72222222
 0.51612903 0.82051282 0.77272727 0.91851852 0.15384615 0.5
 0.65384615 0.57894737 0.8125     0.9047619  0.52631579 0.975
 0.81081081 0.77777778 0.51851852 0.64516129 0.27272727 0.42857143
 0.62857143 0.         0.04878049 0.90909091 0.86720867 0.96
 0.92553191 0.7        0.26923077 0.65116279]
