mACC, mP, mR, mF1, ACC, P, R, F1
0.7062417437252312,0.7193833631540748,0.6795952008001978,0.677531132319696
,[ 16  16  22  16  25  12  14  22  16  14  51  41  11  14  24  13   8  11
  19  15  19  15  18  16   6  11  16  15  17   5  11  18  12  19   8  16
  17  14   3  23  16   6  16  24   7  21  11  12  20  17  16   1  15  17
  11  11  16  10   3   6   6  17  21  25  19  16  13  13   6   5  13  23
  18   6   9  12  16  14   6   4  15   6  12  14  15  14   9  15  17  26
  15  37  14  21  14  33  14  13  13  19  21  13  21  17  32   8  13   5
  27  14   9  12  18  18   6  15  19  15  12  12  13   8  22  15   1  14
  24  12  38  17  12  37  26  15   7  10  32  27  11  14  21  18  22   7
 155   6  28  21  12   9  18  20  14  18  10   8  19  27  25  14  18  19
   5  20   5  13   9  25  13  19  11  19   4  13  10  15  17  18   8   9
  17  22  16  13   6  16  11   8  21  14  14  14  25  18   5  19   9  15
  10  13  17  14  13  16   5  17  19  16   9  13   7  20  16  23  14  18
  21  14   0  16  19  13   5  13  18  13  26  17   7  17  13  68   6  21
  19   6  12  17  10  37  18  17   6   3   7  14  14  13  10  20 154  24
  87  15   6  21]
,[0.94117647 0.8        0.70967742 0.48484848 0.92592593 0.75
 0.25454545 0.95652174 0.69565217 0.60869565 0.92727273 0.77358491
 0.61111111 0.73684211 0.96       0.76470588 0.66666667 0.6875
 0.44186047 0.78947368 0.7037037  1.         0.9        0.69565217
 0.75       0.34375    0.66666667 1.         0.89473684 0.19230769
 0.61111111 0.9        0.63157895 0.95       0.57142857 0.8
 0.85       0.66666667 0.5        0.54761905 0.8        0.42857143
 0.55172414 0.68571429 0.7        0.91304348 0.47826087 0.28571429
 0.8        0.68       0.61538462 1.         0.48387097 0.70833333
 0.84615385 0.61111111 0.66666667 0.58823529 0.23076923 0.6
 0.66666667 0.73913043 0.56756757 0.80645161 0.79166667 0.64
 0.92857143 0.86666667 0.4        1.         0.65       0.88461538
 0.7826087  0.33333333 0.375      0.92307692 0.8        0.63636364
 0.75       0.44444444 0.68181818 0.66666667 0.70588235 0.93333333
 0.57692308 0.93333333 1.         0.9375     0.73913043 1.
 0.9375     0.78723404 0.93333333 0.875      0.82352941 0.91666667
 0.7        0.86666667 0.65       0.7037037  0.75       0.92857143
 0.91304348 0.53125    0.8        0.8        1.         0.625
 0.40909091 0.93333333 0.81818182 0.85714286 1.         0.9
 0.75       0.78947368 0.76       0.68181818 0.54545455 1.
 0.86666667 0.61538462 0.95652174 0.68181818 0.125      0.7
 0.85714286 0.66666667 0.97435897 0.85       0.92307692 0.77083333
 0.76470588 0.88235294 0.36842105 0.71428571 0.7804878  0.5
 0.61111111 1.         0.875      0.75       0.75862069 0.58333333
 0.99358974 0.46153846 0.4516129  0.58333333 0.6        0.9
 0.94736842 0.8        1.         0.66666667 0.83333333 0.66666667
 0.82608696 0.71052632 0.35714286 0.7        0.66666667 0.3220339
 0.625      0.86956522 0.27777778 0.8125     0.40909091 0.92592593
 0.5        0.9047619  0.39285714 0.9047619  0.44444444 0.86666667
 0.90909091 0.83333333 0.77272727 0.81818182 0.72727273 0.69230769
 0.85       1.         0.69565217 0.72222222 0.26086957 0.88888889
 0.44       0.53333333 0.77777778 0.82352941 0.4516129  0.82352941
 0.92592593 0.64285714 0.26315789 1.         0.69230769 0.57692308
 0.5        0.46428571 0.94444444 0.93333333 0.76470588 0.88888889
 1.         0.60714286 0.7037037  0.76190476 0.5        0.5
 0.875      1.         0.88888889 0.95833333 1.         0.5625
 0.80769231 0.875      0.         0.42105263 0.7037037  0.44827586
 1.         0.61904762 0.66666667 0.61904762 0.57777778 0.80952381
 0.875      1.         0.8125     0.53968254 0.31578947 0.61764706
 0.82608696 0.85714286 0.92307692 0.80952381 0.76923077 0.925
 0.54545455 0.85       0.66666667 0.5        0.58333333 0.77777778
 0.73684211 0.68421053 0.47619048 0.8        0.92215569 1.
 0.89690722 0.40540541 0.6        0.44680851]
,[0.8        0.8        0.70967742 0.61538462 0.83333333 0.66666667
 0.63636364 0.46808511 0.76190476 0.73684211 0.91071429 0.93181818
 0.55       0.77777778 0.96       0.68421053 0.38095238 0.52380952
 0.76       0.88235294 0.65517241 0.75       0.81818182 0.69565217
 0.26086957 0.5        0.8        0.68181818 0.80952381 0.23809524
 0.61111111 0.85714286 0.57142857 0.95       0.44444444 0.72727273
 0.70833333 0.63636364 0.17647059 0.92       0.88888889 0.33333333
 0.64       0.96       0.41176471 0.77777778 0.57894737 0.57142857
 0.90909091 0.85       0.69565217 0.05882353 0.88235294 0.70833333
 0.55       0.52380952 0.72727273 0.52631579 0.17647059 0.33333333
 0.28571429 1.         0.84       0.92592593 0.9047619  0.94117647
 0.76470588 0.59090909 0.3        0.29411765 0.65       0.95833333
 0.9        0.26086957 0.52941176 0.70588235 0.84210526 0.77777778
 0.3        0.16666667 0.78947368 0.35294118 0.63157895 0.82352941
 0.65217391 0.875      0.47368421 0.75       0.77272727 0.60465116
 0.78947368 0.90243902 0.60869565 1.         0.77777778 0.57894737
 0.77777778 0.65       0.8125     1.         0.75       0.72222222
 0.91304348 0.85       0.59259259 0.44444444 0.72222222 0.29411765
 0.84375    0.82352941 0.52941176 0.70588235 0.75       0.75
 0.33333333 0.68181818 0.76       0.68181818 0.66666667 0.46153846
 0.76470588 0.38095238 0.95652174 0.78947368 0.04761905 0.28571429
 0.92307692 0.57142857 1.         0.89473684 0.63157895 0.97368421
 0.92857143 0.625      0.36842105 0.52631579 1.         0.69230769
 0.61111111 0.77777778 0.875      0.81818182 0.84615385 0.41176471
 0.96875    0.35294118 0.68292683 0.6        0.57142857 0.39130435
 0.81818182 0.83333333 0.73684211 0.85714286 0.52631579 0.4
 0.9047619  0.9        0.5952381  0.82352941 0.85714286 1.
 0.27777778 0.95238095 0.27777778 0.68421053 0.5        0.89285714
 0.68421053 0.9047619  0.64705882 0.95       0.18181818 0.76470588
 0.58823529 0.68181818 0.85       0.9        0.5        0.42857143
 0.85       0.91666667 0.8        0.76470588 0.28571429 0.94117647
 0.57894737 0.44444444 0.875      0.60869565 0.60869565 0.60869565
 0.71428571 0.7826087  0.27777778 0.9047619  0.45       0.68181818
 0.47619048 0.65       1.         0.7        0.68421053 1.
 0.27777778 0.85       0.82608696 0.72727273 0.42857143 0.56521739
 0.36842105 0.71428571 0.76190476 0.82142857 0.82352941 0.9
 1.         0.82352941 0.         0.84210526 0.9047619  0.68421053
 0.3125     0.59090909 1.         0.65       0.86666667 0.89473684
 0.36842105 0.89473684 0.56521739 0.94444444 0.3        0.84
 0.82608696 0.3        0.66666667 0.85       0.58823529 0.90243902
 0.94736842 0.89473684 0.33333333 0.15789474 0.36842105 0.66666667
 0.73684211 0.76470588 0.5        1.         0.9625     1.
 1.         0.78947368 0.28571429 0.95454545]
,[0.86486486 0.8        0.70967742 0.54237288 0.87719298 0.70588235
 0.36363636 0.62857143 0.72727273 0.66666667 0.91891892 0.84536082
 0.57894737 0.75675676 0.96       0.72222222 0.48484848 0.59459459
 0.55882353 0.83333333 0.67857143 0.85714286 0.85714286 0.69565217
 0.38709677 0.40740741 0.72727273 0.81081081 0.85       0.21276596
 0.61111111 0.87804878 0.6        0.95       0.5        0.76190476
 0.77272727 0.65116279 0.26086957 0.68656716 0.84210526 0.375
 0.59259259 0.8        0.51851852 0.84       0.52380952 0.38095238
 0.85106383 0.75555556 0.65306122 0.11111111 0.625      0.70833333
 0.66666667 0.56410256 0.69565217 0.55555556 0.2        0.42857143
 0.4        0.85       0.67741935 0.86206897 0.84444444 0.76190476
 0.83870968 0.7027027  0.34285714 0.45454545 0.65       0.92
 0.8372093  0.29268293 0.43902439 0.8        0.82051282 0.7
 0.42857143 0.24242424 0.73170732 0.46153846 0.66666667 0.875
 0.6122449  0.90322581 0.64285714 0.83333333 0.75555556 0.75362319
 0.85714286 0.84090909 0.73684211 0.93333333 0.8        0.70967742
 0.73684211 0.74285714 0.72222222 0.82608696 0.75       0.8125
 0.91304348 0.65384615 0.68085106 0.57142857 0.83870968 0.4
 0.55102041 0.875      0.64285714 0.77419355 0.85714286 0.81818182
 0.46153846 0.73170732 0.76       0.68181818 0.6        0.63157895
 0.8125     0.47058824 0.95652174 0.73170732 0.06896552 0.4057971
 0.88888889 0.61538462 0.98701299 0.87179487 0.75       0.86046512
 0.83870968 0.73170732 0.36842105 0.60606061 0.87671233 0.58064516
 0.61111111 0.875      0.875      0.7826087  0.8        0.48275862
 0.98101266 0.4        0.54368932 0.5915493  0.58536585 0.54545455
 0.87804878 0.81632653 0.84848485 0.75       0.64516129 0.5
 0.86363636 0.79411765 0.44642857 0.75675676 0.75       0.48717949
 0.38461538 0.90909091 0.27777778 0.74285714 0.45       0.90909091
 0.57777778 0.9047619  0.48888889 0.92682927 0.25806452 0.8125
 0.71428571 0.75       0.80952381 0.85714286 0.59259259 0.52941176
 0.85       0.95652174 0.74418605 0.74285714 0.27272727 0.91428571
 0.5        0.48484848 0.82352941 0.7        0.51851852 0.7
 0.80645161 0.70588235 0.27027027 0.95       0.54545455 0.625
 0.48780488 0.54166667 0.97142857 0.8        0.72222222 0.94117647
 0.43478261 0.70833333 0.76       0.74418605 0.46153846 0.53061224
 0.51851852 0.83333333 0.82051282 0.88461538 0.90322581 0.69230769
 0.89361702 0.84848485 0.         0.56140351 0.79166667 0.54166667
 0.47619048 0.60465116 0.8        0.63414634 0.69333333 0.85
 0.51851852 0.94444444 0.66666667 0.68686869 0.30769231 0.71186441
 0.82608696 0.44444444 0.77419355 0.82926829 0.66666667 0.91358025
 0.69230769 0.87179487 0.44444444 0.24       0.4516129  0.71794872
 0.73684211 0.72222222 0.48780488 0.88888889 0.94189602 1.
 0.94565217 0.53571429 0.38709677 0.60869565]
