mACC, mP, mR, mF1, ACC, P, R, F1
0.6999669749009247,0.7140460867898477,0.663347154592577,0.659865206746663
,[ 15  16  23  18  24   5  12  34   8  14  54  40  14  12   7   7  14  11
  19  10  23  19  18  20   1   3  17  19  14   2  11  18  14  19  14  15
  21  12   3  23  16   7  14  24  11  22  13  14  12  13  20   5  16  19
  15  13  20  10   0   0  12  17  18  24  17  15  13  15   0   5  11  22
  16   8   4  12  17   4  14   4  10   8  13  16  15  15  14  15  16  41
  18  39  15  20  15  51  13  16  12  16  22   0  23  14  39  10  16   2
  28  14   7  11  19  21   2  15  20  19   7  18  16  11  22  10   0  11
  24  16  38  16  15  36  25  18   0  13  32  34  12  14  16  20  23  10
 159   7  33  25  16  17  21  18  13  14   7   1  18  22   6  11  19  13
   4  18   0  15   6  28   8  18  10  19   5  13  14  15  12  19  16   4
  14  21  17  14   2  15  14   8  22  18   2  14  25  19   5  21   8  14
  12  14  15  11  11  16   6  14  20  17   7  16   7  23  16  25  12  15
  12   9   5  14  20  14   2  15  17  11  22  16   4  19  17  65   1  24
  17  16  17  19  10  41   6  17   6  12   7  13  10   1   0  20 159  24
  86  13  13  19]
,[0.68181818 0.59259259 0.63888889 0.4        0.82758621 1.
 0.66666667 0.91891892 0.8        0.875      0.79411765 0.86956522
 0.875      0.85714286 0.875      0.875      0.66666667 0.73333333
 0.7037037  0.35714286 0.6969697  0.86363636 0.85714286 1.
 0.0625     0.27272727 0.70833333 0.54285714 0.63636364 0.1
 0.64705882 0.75       0.58333333 0.86363636 0.42424242 0.83333333
 0.7        1.         0.6        0.62162162 0.72727273 0.77777778
 0.875      0.57142857 0.64705882 0.78571429 0.8125     0.56
 1.         0.52       0.58823529 1.         0.88888889 0.82608696
 0.83333333 0.68421053 0.64516129 0.58823529 0.         0.
 0.48       0.89473684 0.81818182 0.92307692 0.89473684 1.
 0.54166667 0.78947368 0.         0.83333333 0.84615385 0.78571429
 0.59259259 0.8        0.23529412 0.92307692 0.89473684 1.
 0.48275862 1.         0.55555556 0.8        0.59090909 0.94117647
 0.88235294 0.78947368 0.77777778 0.9375     0.51612903 0.80392157
 0.94736842 0.86666667 1.         0.83333333 0.65217391 0.37226277
 0.68421053 0.8        0.85714286 1.         0.64705882 0.
 1.         0.7        0.66101695 0.90909091 0.76190476 0.66666667
 0.90322581 0.93333333 1.         1.         1.         0.875
 1.         1.         0.57142857 0.86363636 0.5        0.6
 0.45714286 0.55       0.95652174 1.         0.         0.31428571
 0.72727273 0.61538462 0.92682927 0.8        0.88235294 0.57142857
 0.78125    0.85714286 0.         0.92857143 0.82051282 0.73913043
 0.6        0.875      0.76190476 0.76923077 0.6969697  0.625
 0.76811594 0.5        0.6        0.69444444 0.55172414 0.62962963
 1.         0.9        0.76470588 0.37837838 0.7        0.25
 1.         0.95652174 0.28571429 0.57894737 0.76       0.68421053
 0.5        0.94736842 0.         0.83333333 0.75       0.52830189
 0.88888889 0.7826087  0.55555556 0.61290323 0.45454545 0.8125
 0.82352941 0.71428571 0.85714286 1.         0.69565217 0.23529412
 0.60869565 0.95454545 0.94444444 0.77777778 0.28571429 1.
 0.77777778 0.88888889 0.88       0.69230769 0.5        0.875
 0.69444444 0.82608696 0.625      0.61764706 0.88888889 0.82352941
 0.54545455 0.58333333 0.83333333 1.         0.73333333 0.88888889
 0.6        0.73684211 0.4        0.80952381 0.7        0.64
 1.         0.92       0.94117647 0.73529412 0.8        0.88235294
 1.         1.         0.83333333 0.77777778 0.74074074 0.7
 1.         0.48387097 0.94444444 0.84615385 0.59459459 0.76190476
 0.57142857 0.9047619  0.70833333 0.87837838 0.5        0.45283019
 0.65384615 0.84210526 0.73913043 0.61290323 0.38461538 0.47126437
 1.         1.         0.75       0.48       0.53846154 0.72222222
 0.90909091 0.5        0.         0.95238095 0.64112903 0.85714286
 0.65648855 0.72222222 0.40625    0.55882353]
,[0.75       0.8        0.74193548 0.69230769 0.8        0.27777778
 0.54545455 0.72340426 0.38095238 0.73684211 0.96428571 0.90909091
 0.7        0.66666667 0.28       0.36842105 0.66666667 0.52380952
 0.76       0.58823529 0.79310345 0.95       0.81818182 0.86956522
 0.04347826 0.13636364 0.85       0.86363636 0.66666667 0.0952381
 0.61111111 0.85714286 0.66666667 0.95       0.77777778 0.68181818
 0.875      0.54545455 0.17647059 0.92       0.88888889 0.38888889
 0.56       0.96       0.64705882 0.81481481 0.68421053 0.66666667
 0.54545455 0.65       0.86956522 0.29411765 0.94117647 0.79166667
 0.75       0.61904762 0.90909091 0.52631579 0.         0.
 0.57142857 1.         0.72       0.88888889 0.80952381 0.88235294
 0.76470588 0.68181818 0.         0.29411765 0.55       0.91666667
 0.8        0.34782609 0.23529412 0.70588235 0.89473684 0.22222222
 0.7        0.16666667 0.52631579 0.47058824 0.68421053 0.94117647
 0.65217391 0.9375     0.73684211 0.75       0.72727273 0.95348837
 0.94736842 0.95121951 0.65217391 0.95238095 0.83333333 0.89473684
 0.72222222 0.8        0.75       0.84210526 0.78571429 0.
 1.         0.7        0.72222222 0.55555556 0.88888889 0.11764706
 0.875      0.82352941 0.41176471 0.64705882 0.79166667 0.875
 0.11111111 0.68181818 0.8        0.86363636 0.38888889 0.69230769
 0.94117647 0.52380952 0.95652174 0.52631579 0.         0.2244898
 0.92307692 0.76190476 1.         0.84210526 0.78947368 0.94736842
 0.89285714 0.75       0.         0.68421053 1.         0.87179487
 0.66666667 0.77777778 0.66666667 0.90909091 0.88461538 0.58823529
 0.99375    0.41176471 0.80487805 0.71428571 0.76190476 0.73913043
 0.95454545 0.75       0.68421053 0.66666667 0.36842105 0.05
 0.85714286 0.73333333 0.14285714 0.64705882 0.9047619  0.68421053
 0.22222222 0.85714286 0.         0.78947368 0.33333333 1.
 0.42105263 0.85714286 0.58823529 0.95       0.22727273 0.76470588
 0.82352941 0.68181818 0.6        0.95       1.         0.19047619
 0.7        0.875      0.85       0.82352941 0.0952381  0.88235294
 0.73684211 0.44444444 0.91666667 0.7826087  0.08695652 0.60869565
 0.71428571 0.82608696 0.27777778 1.         0.4        0.63636364
 0.57142857 0.7        0.88235294 0.55       0.57894737 1.
 0.33333333 0.7        0.86956522 0.77272727 0.33333333 0.69565217
 0.36842105 0.82142857 0.76190476 0.89285714 0.70588235 0.75
 0.57142857 0.52941176 0.29411765 0.73684211 0.95238095 0.73684211
 0.125      0.68181818 0.94444444 0.55       0.73333333 0.84210526
 0.21052632 1.         0.73913043 0.90277778 0.05       0.96
 0.73913043 0.8        0.94444444 0.95       0.58823529 1.
 0.31578947 0.89473684 0.33333333 0.63157895 0.36842105 0.61904762
 0.52631579 0.05882353 0.         1.         0.99375    1.
 0.98850575 0.68421053 0.61904762 0.86363636]
,[0.71428571 0.68085106 0.68656716 0.50704225 0.81355932 0.43478261
 0.6        0.80952381 0.51612903 0.8        0.87096774 0.88888889
 0.77777778 0.75       0.42424242 0.51851852 0.66666667 0.61111111
 0.73076923 0.44444444 0.74193548 0.9047619  0.8372093  0.93023256
 0.05128205 0.18181818 0.77272727 0.66666667 0.65116279 0.09756098
 0.62857143 0.8        0.62222222 0.9047619  0.54901961 0.75
 0.77777778 0.70588235 0.27272727 0.74193548 0.8        0.51851852
 0.68292683 0.71641791 0.64705882 0.8        0.74285714 0.60869565
 0.70588235 0.57777778 0.70175439 0.45454545 0.91428571 0.80851064
 0.78947368 0.65       0.75471698 0.55555556 0.         0.
 0.52173913 0.94444444 0.76595745 0.90566038 0.85       0.9375
 0.63414634 0.73170732 0.         0.43478261 0.66666667 0.84615385
 0.68085106 0.48484848 0.23529412 0.8        0.89473684 0.36363636
 0.57142857 0.28571429 0.54054054 0.59259259 0.63414634 0.94117647
 0.75       0.85714286 0.75675676 0.83333333 0.60377358 0.87234043
 0.94736842 0.90697674 0.78947368 0.88888889 0.73170732 0.5257732
 0.7027027  0.8        0.8        0.91428571 0.70967742 0.
 1.         0.7        0.69026549 0.68965517 0.82051282 0.2
 0.88888889 0.875      0.58333333 0.78571429 0.88372093 0.875
 0.2        0.81081081 0.66666667 0.86363636 0.4375     0.64285714
 0.61538462 0.53658537 0.95652174 0.68965517 0.         0.26190476
 0.81355932 0.68085106 0.96202532 0.82051282 0.83333333 0.71287129
 0.83333333 0.8        0.         0.78787879 0.90140845 0.8
 0.63157895 0.82352941 0.71111111 0.83333333 0.77966102 0.60606061
 0.86648501 0.4516129  0.6875     0.70422535 0.64       0.68
 0.97674419 0.81818182 0.72222222 0.48275862 0.48275862 0.08333333
 0.92307692 0.83018868 0.19047619 0.61111111 0.82608696 0.68421053
 0.30769231 0.9        0.         0.81081081 0.46153846 0.69135802
 0.57142857 0.81818182 0.57142857 0.74509804 0.3030303  0.78787879
 0.82352941 0.69767442 0.70588235 0.97435897 0.82051282 0.21052632
 0.65116279 0.91304348 0.89473684 0.8        0.14285714 0.9375
 0.75675676 0.59259259 0.89795918 0.73469388 0.14814815 0.71794872
 0.70422535 0.82608696 0.38461538 0.76363636 0.55172414 0.71794872
 0.55813953 0.63636364 0.85714286 0.70967742 0.64705882 0.94117647
 0.42857143 0.71794872 0.54794521 0.79069767 0.4516129  0.66666667
 0.53846154 0.86792453 0.84210526 0.80645161 0.75       0.81081081
 0.72727273 0.69230769 0.43478261 0.75675676 0.83333333 0.71794872
 0.22222222 0.56603774 0.94444444 0.66666667 0.65671642 0.8
 0.30769231 0.95       0.72340426 0.89041096 0.09090909 0.61538462
 0.69387755 0.82051282 0.82926829 0.74509804 0.46511628 0.640625
 0.48       0.94444444 0.46153846 0.54545455 0.4375     0.66666667
 0.66666667 0.10526316 0.         0.97560976 0.77941176 0.92307692
 0.78899083 0.7027027  0.49056604 0.67857143]
