mACC, mP, mR, mF1, ACC, P, R, F1
0.6994715984147952,0.7272303303609872,0.6693583136001349,0.6680730354062185
,[ 15  17  19  16  22  10  16  32  11  16  48  43  15  11  23  14  12  16
  12  15  26  16  19  18   5   7  18  14  16   9  14  20  12  18  13  21
  20  17   1  23  16   4  16  24   8  21  13  12  21  10  16   8  14  18
  14  10  16   6   0   5   8  17  19  23  13  14  13  15   0   7  11  22
  15  13   3  10  17  12  13   6  10   7  13  15   9  13  16  13  19  13
  15  35  12  20  17  40  13  17   9  13  20   4  23  14  44   8  13   2
  25  15  13  12  21  19   8  21  19   8   6  17  15   7  23   8   1  18
  25  11  38  15  15  34  24  18   0   9  27  28  11  14  12  19  23   8
 160   7  31  24  13  13  20  22  12  21  11  11  20  25  20  15  19  12
   6  18   7  11   8  26  12  21  12  13   4   8  13  12  15  19  14  10
  16  21  16  17   2  16  15   6  20  12   5  13  24  22   6  19  12  13
   9  19  16  16  11  16  10  13  13  19   8  17   8  23  15  27  12  16
   7   9   5  11  19  14   4  14  16  12  22  16   7  19  17  56   1  22
  18   6  16  17  10  39  17  12   7   7   6  14   9  13   1  20 160  24
  87  13  16  18]
,[0.625      0.89473684 0.82608696 0.69565217 0.59459459 0.90909091
 0.36363636 0.86486486 0.6875     0.51612903 0.92307692 0.84313725
 0.68181818 1.         0.65714286 0.875      0.75       0.8
 0.92307692 0.48387097 0.76470588 1.         0.76       0.94736842
 0.625      0.77777778 0.66666667 0.82352941 0.5        0.33333333
 0.53846154 0.71428571 0.85714286 0.94736842 0.43333333 0.875
 0.57142857 0.34693878 0.5        0.95833333 0.88888889 1.
 0.66666667 0.55813953 0.8        0.91304348 0.41935484 0.8
 0.67741935 0.90909091 0.57142857 0.72727273 0.875      0.62068966
 0.60869565 0.71428571 0.51612903 0.54545455 0.         0.83333333
 0.57142857 0.80952381 0.76       1.         0.76470588 0.7
 0.65       0.68181818 0.         0.30434783 0.5        0.81481481
 0.83333333 0.48148148 0.75       0.83333333 1.         0.8
 0.36111111 0.85714286 0.83333333 0.63636364 0.8125     1.
 0.64285714 1.         0.72727273 0.8125     0.51351351 0.92857143
 1.         0.74468085 0.92307692 0.90909091 0.34693878 0.57142857
 0.72222222 0.73913043 0.75       0.86666667 0.74074074 0.66666667
 0.62162162 0.60869565 0.65671642 1.         1.         1.
 0.78125    0.83333333 1.         0.92307692 0.875      0.95
 0.8        0.375      0.52777778 0.88888889 0.66666667 0.85
 0.68181818 0.63636364 1.         0.8        0.5        0.34615385
 0.48076923 0.73333333 1.         0.71428571 0.33333333 0.64150943
 0.88888889 0.94736842 0.         0.81818182 0.675      0.68292683
 0.6875     0.73684211 0.85714286 0.79166667 0.60526316 0.53333333
 0.7804878  0.63636364 0.81578947 0.8        0.61904762 0.86666667
 0.90909091 0.88       1.         0.48837209 0.78571429 0.61111111
 0.95238095 0.80645161 0.28571429 0.57692308 0.67857143 0.70588235
 0.66666667 0.62068966 0.4375     0.91666667 0.57142857 0.92857143
 0.75       0.80769231 0.44444444 1.         0.4        0.8
 0.56521739 0.92307692 0.71428571 0.67857143 0.7        0.4
 0.61538462 1.         0.84210526 0.39534884 0.5        0.88888889
 0.65217391 0.75       0.76923077 0.75       0.27777778 1.
 0.82758621 0.81481481 0.54545455 0.86363636 0.70588235 0.8125
 0.6        0.52777778 0.88888889 0.69565217 0.78571429 1.
 0.76923077 0.8125     0.72222222 0.82608696 0.61538462 0.34693878
 1.         0.85185185 0.83333333 0.79411765 0.92307692 0.66666667
 1.         0.81818182 0.83333333 0.91666667 0.95       0.77777778
 0.57142857 0.77777778 0.76190476 0.85714286 0.88       0.64
 0.5        1.         0.65384615 0.94915254 0.16666667 0.44897959
 0.64285714 1.         1.         0.80952381 1.         0.95121951
 0.60714286 1.         1.         0.77777778 0.66666667 0.63636364
 1.         0.86666667 0.33333333 0.95238095 0.73732719 0.8
 0.65909091 0.72222222 0.38095238 0.62068966]
,[0.75       0.85       0.61290323 0.61538462 0.73333333 0.55555556
 0.72727273 0.68085106 0.52380952 0.84210526 0.85714286 0.97727273
 0.75       0.61111111 0.92       0.73684211 0.57142857 0.76190476
 0.48       0.88235294 0.89655172 0.8        0.86363636 0.7826087
 0.2173913  0.31818182 0.9        0.63636364 0.76190476 0.42857143
 0.77777778 0.95238095 0.57142857 0.9        0.72222222 0.95454545
 0.83333333 0.77272727 0.05882353 0.92       0.88888889 0.22222222
 0.64       0.96       0.47058824 0.77777778 0.68421053 0.57142857
 0.95454545 0.5        0.69565217 0.47058824 0.82352941 0.75
 0.7        0.47619048 0.72727273 0.31578947 0.         0.27777778
 0.38095238 1.         0.76       0.85185185 0.61904762 0.82352941
 0.76470588 0.68181818 0.         0.41176471 0.55       0.91666667
 0.75       0.56521739 0.17647059 0.58823529 0.89473684 0.66666667
 0.65       0.25       0.52631579 0.41176471 0.68421053 0.88235294
 0.39130435 0.8125     0.84210526 0.65       0.86363636 0.30232558
 0.78947368 0.85365854 0.52173913 0.95238095 0.94444444 0.70175439
 0.72222222 0.85       0.5625     0.68421053 0.71428571 0.22222222
 1.         0.7        0.81481481 0.44444444 0.72222222 0.11764706
 0.78125    0.88235294 0.76470588 0.70588235 0.875      0.79166667
 0.44444444 0.95454545 0.76       0.36363636 0.33333333 0.65384615
 0.88235294 0.33333333 1.         0.42105263 0.04761905 0.36734694
 0.96153846 0.52380952 1.         0.78947368 0.78947368 0.89473684
 0.85714286 0.75       0.         0.47368421 0.84375    0.71794872
 0.61111111 0.77777778 0.5        0.86363636 0.88461538 0.47058824
 1.         0.41176471 0.75609756 0.68571429 0.61904762 0.56521739
 0.90909091 0.91666667 0.63157895 1.         0.57894737 0.55
 0.95238095 0.83333333 0.47619048 0.88235294 0.9047619  0.63157895
 0.33333333 0.85714286 0.38888889 0.57894737 0.44444444 0.92857143
 0.63157895 1.         0.70588235 0.65       0.18181818 0.47058824
 0.76470588 0.54545455 0.75       0.95       0.875      0.47619048
 0.8        0.875      0.8        1.         0.0952381  0.94117647
 0.78947368 0.33333333 0.83333333 0.52173913 0.2173913  0.56521739
 0.68571429 0.95652174 0.33333333 0.9047619  0.6        0.59090909
 0.42857143 0.95       0.94117647 0.8        0.57894737 1.
 0.55555556 0.65       0.56521739 0.86363636 0.38095238 0.73913043
 0.42105263 0.82142857 0.71428571 0.96428571 0.70588235 0.8
 0.33333333 0.52941176 0.29411765 0.57894737 0.9047619  0.73684211
 0.25       0.63636364 0.88888889 0.6        0.73333333 0.84210526
 0.36842105 1.         0.73913043 0.77777778 0.05       0.88
 0.7826087  0.3        0.88888889 0.85       0.58823529 0.95121951
 0.89473684 0.63157895 0.38888889 0.36842105 0.31578947 0.66666667
 0.47368421 0.76470588 0.05       1.         1.         1.
 1.         0.68421053 0.76190476 0.81818182]
,[0.68181818 0.87179487 0.7037037  0.65306122 0.65671642 0.68965517
 0.48484848 0.76190476 0.59459459 0.64       0.88888889 0.90526316
 0.71428571 0.75862069 0.76666667 0.8        0.64864865 0.7804878
 0.63157895 0.625      0.82539683 0.88888889 0.80851064 0.85714286
 0.32258065 0.4516129  0.76595745 0.71794872 0.60377358 0.375
 0.63636364 0.81632653 0.68571429 0.92307692 0.54166667 0.91304348
 0.6779661  0.47887324 0.10526316 0.93877551 0.88888889 0.36363636
 0.65306122 0.70588235 0.59259259 0.84       0.52       0.66666667
 0.79245283 0.64516129 0.62745098 0.57142857 0.84848485 0.67924528
 0.65116279 0.57142857 0.60377358 0.4        0.         0.41666667
 0.45714286 0.89473684 0.76       0.92       0.68421053 0.75675676
 0.7027027  0.68181818 0.         0.35       0.52380952 0.8627451
 0.78947368 0.52       0.28571429 0.68965517 0.94444444 0.72727273
 0.46428571 0.38709677 0.64516129 0.5        0.74285714 0.9375
 0.48648649 0.89655172 0.7804878  0.72222222 0.6440678  0.45614035
 0.88235294 0.79545455 0.66666667 0.93023256 0.50746269 0.62992126
 0.72222222 0.79069767 0.64285714 0.76470588 0.72727273 0.33333333
 0.76666667 0.65116279 0.72727273 0.61538462 0.83870968 0.21052632
 0.78125    0.85714286 0.86666667 0.8        0.875      0.86363636
 0.57142857 0.53846154 0.62295082 0.51612903 0.44444444 0.73913043
 0.76923077 0.4375     1.         0.55172414 0.08695652 0.35643564
 0.64102564 0.61111111 1.         0.75       0.46875    0.74725275
 0.87272727 0.8372093  0.         0.6        0.75       0.7
 0.64705882 0.75675676 0.63157895 0.82608696 0.71875    0.5
 0.87671233 0.5        0.78481013 0.73846154 0.61904762 0.68421053
 0.90909091 0.89795918 0.77419355 0.65625    0.66666667 0.57894737
 0.95238095 0.81967213 0.35714286 0.69767442 0.7755102  0.66666667
 0.44444444 0.72       0.41176471 0.70967742 0.5        0.92857143
 0.68571429 0.89361702 0.54545455 0.78787879 0.25       0.59259259
 0.65       0.68571429 0.73170732 0.79166667 0.77777778 0.43478261
 0.69565217 0.93333333 0.82051282 0.56666667 0.16       0.91428571
 0.71428571 0.46153846 0.8        0.61538462 0.24390244 0.72222222
 0.75       0.88       0.4137931  0.88372093 0.64864865 0.68421053
 0.5        0.67857143 0.91428571 0.74418605 0.66666667 1.
 0.64516129 0.72222222 0.63414634 0.84444444 0.47058824 0.47222222
 0.59259259 0.83636364 0.76923077 0.87096774 0.8        0.72727273
 0.5        0.64285714 0.43478261 0.70967742 0.92682927 0.75675676
 0.34782609 0.7        0.82051282 0.70588235 0.8        0.72727273
 0.42424242 1.         0.69387755 0.85496183 0.07692308 0.59459459
 0.70588235 0.46153846 0.94117647 0.82926829 0.74074074 0.95121951
 0.72340426 0.77419355 0.56       0.5        0.42857143 0.65116279
 0.64285714 0.8125     0.08695652 0.97560976 0.84880637 0.88888889
 0.79452055 0.7027027  0.50793651 0.70588235]
