mACC, mP, mR, mF1, ACC, P, R, F1
0.5650594451783355,0.6013134864830243,0.5166006800421302,0.5176216915349595
,[ 13  14  22  16  18   6   9  34   9  14  45  41  11  14  15  12  10   2
  14  11  21  17  18   0   3   4  15  19  15   1   9  10   2   0   5  11
  18   7   7  19  16   6  14  19   8  16  11  10  21  10  18  17  14  18
   3  11   5   2   1   9   9  16  18  16  10  15  10   0   0   3   5  13
   8   7   8  12  16  10   0   3  12   1  13   7   1  13  13   0  12  40
  16  39  20  19  13  39  11  14   0  16  25   0  16   9  49  11  15   6
  20  14  12  10  20  21   9  15   4  13   1  17  16   0   0  15   0  26
  25  11  37  16   2  14  25  14   0   2  11  24   7  13  15  10  20   0
 159   6  27  15   5   8  22  17  13   7   7   8  20  25  22  10  16   5
   2  18   4   8   1  24   8   3  13  14   3   1  13   3   8  18  15  12
   8  21  16  15   2  14   2   7  13   5  11  11  25  12   1  13   2  16
   0   5  16   0   3  14   6   0  12  18   2  15   6  22  16  22   9   0
  17  10   0   9   6   1   2   0   6  10   7  17   1  19   6  66   7  13
  15   9  15  16   0  40   5  10   9   8   0  13   9  11   8   9 158  23
  78  12   9  20]
,[0.72222222 0.46666667 0.84615385 0.61538462 0.69230769 0.3
 0.9        0.20238095 0.64285714 0.93333333 0.60810811 0.60294118
 0.78571429 1.         0.65217391 0.54545455 0.45454545 0.11111111
 0.875      0.91666667 0.42       0.5        0.94736842 0.
 0.27272727 0.8        0.71428571 0.76       0.88235294 0.2
 0.81818182 0.35714286 1.         0.         0.55555556 0.64705882
 0.62068966 1.         0.38888889 0.95       0.53333333 0.16216216
 0.60869565 0.59375    0.47058824 0.76190476 0.47826087 0.66666667
 0.67741935 0.83333333 0.64285714 0.45945946 0.63636364 0.66666667
 0.6        0.45833333 0.625      0.15384615 0.09090909 0.52941176
 0.28125    0.59259259 0.6        0.88888889 0.76923077 0.9375
 0.5        0.         0.         0.42857143 0.71428571 0.92857143
 0.53333333 0.63636364 0.30769231 0.63157895 0.88888889 0.37037037
 0.         0.6        0.63157895 0.08333333 0.86666667 1.
 1.         0.92857143 0.86666667 0.         0.75       0.75471698
 0.64       0.61904762 0.57142857 0.95       0.72222222 0.52
 0.47826087 0.93333333 0.         0.94117647 0.47169811 0.
 0.51612903 0.5        0.21875    0.22       0.9375     0.16216216
 1.         1.         0.85714286 0.90909091 0.83333333 0.6
 0.47368421 0.9375     0.36363636 0.2826087  1.         0.85
 0.61538462 0.         0.         0.65217391 0.         0.22033898
 0.51020408 0.57894737 0.90243902 0.8        0.11111111 0.53846154
 0.40983607 1.         0.         0.1        0.64705882 0.82758621
 1.         0.8125     0.75       1.         0.40816327 0.
 0.795      0.4        0.79411765 0.53571429 0.45454545 0.8
 0.88       0.85       0.44827586 0.63636364 0.58333333 0.8
 0.95238095 0.89285714 0.2972973  0.3125     0.84210526 0.41666667
 0.66666667 0.75       0.4        0.88888889 1.         0.77419355
 0.88888889 1.         0.41935484 1.         0.42857143 0.125
 1.         1.         0.44444444 0.94736842 0.78947368 0.66666667
 0.8        0.95454545 0.4        0.71428571 0.66666667 0.93333333
 0.4        0.36842105 0.37142857 1.         0.5        0.91666667
 0.96153846 0.85714286 0.2        0.92857143 0.5        0.76190476
 0.         0.45454545 0.8        0.         1.         0.93333333
 0.25       0.         0.85714286 0.94736842 0.2        0.6
 1.         0.81481481 0.94117647 0.91666667 0.75       0.
 0.94444444 0.83333333 0.         0.5        0.46153846 0.09090909
 0.33333333 0.         0.5        0.13888889 0.875      0.51515152
 0.5        0.73076923 1.         0.78571429 0.53846154 0.33333333
 0.83333333 0.9        0.68181818 0.66666667 0.         0.72727273
 0.83333333 0.76923077 0.375      1.         0.         0.68421053
 0.69230769 0.61111111 0.17777778 0.9        0.65289256 0.92
 0.7027027  0.92307692 0.6        0.38461538]
,[0.65       0.7        0.70967742 0.61538462 0.6        0.33333333
 0.40909091 0.72340426 0.42857143 0.73684211 0.80357143 0.93181818
 0.55       0.77777778 0.6        0.63157895 0.47619048 0.0952381
 0.56       0.64705882 0.72413793 0.85       0.81818182 0.
 0.13043478 0.18181818 0.75       0.86363636 0.71428571 0.04761905
 0.5        0.47619048 0.0952381  0.         0.27777778 0.5
 0.75       0.31818182 0.41176471 0.76       0.88888889 0.33333333
 0.56       0.76       0.47058824 0.59259259 0.57894737 0.47619048
 0.95454545 0.5        0.7826087  1.         0.82352941 0.75
 0.15       0.52380952 0.22727273 0.10526316 0.05882353 0.5
 0.42857143 0.94117647 0.72       0.59259259 0.47619048 0.88235294
 0.58823529 0.         0.         0.17647059 0.25       0.54166667
 0.4        0.30434783 0.47058824 0.70588235 0.84210526 0.55555556
 0.         0.125      0.63157895 0.05882353 0.68421053 0.41176471
 0.04347826 0.8125     0.68421053 0.         0.54545455 0.93023256
 0.84210526 0.95121951 0.86956522 0.9047619  0.72222222 0.68421053
 0.61111111 0.7        0.         0.84210526 0.89285714 0.
 0.69565217 0.45       0.90740741 0.61111111 0.83333333 0.35294118
 0.625      0.82352941 0.70588235 0.58823529 0.83333333 0.875
 0.5        0.68181818 0.16       0.59090909 0.05555556 0.65384615
 0.94117647 0.         0.         0.78947368 0.         0.53061224
 0.96153846 0.52380952 0.97368421 0.84210526 0.10526316 0.36842105
 0.89285714 0.58333333 0.         0.10526316 0.34375    0.61538462
 0.38888889 0.72222222 0.625      0.45454545 0.76923077 0.
 0.99375    0.35294118 0.65853659 0.42857143 0.23809524 0.34782609
 1.         0.70833333 0.68421053 0.33333333 0.36842105 0.4
 0.95238095 0.83333333 0.52380952 0.58823529 0.76190476 0.26315789
 0.11111111 0.85714286 0.22222222 0.42105263 0.05555556 0.85714286
 0.42105263 0.14285714 0.76470588 0.7        0.13636364 0.05882353
 0.76470588 0.13636364 0.4        0.9        0.9375     0.57142857
 0.4        0.875      0.8        0.88235294 0.0952381  0.82352941
 0.10526316 0.38888889 0.54166667 0.2173913  0.47826087 0.47826087
 0.71428571 0.52173913 0.05555556 0.61904762 0.1        0.72727273
 0.         0.25       0.94117647 0.         0.15789474 0.875
 0.33333333 0.         0.52173913 0.81818182 0.0952381  0.65217391
 0.31578947 0.78571429 0.76190476 0.78571429 0.52941176 0.
 0.80952381 0.58823529 0.         0.47368421 0.28571429 0.05263158
 0.125      0.         0.33333333 0.5        0.23333333 0.89473684
 0.05263158 1.         0.26086957 0.91666667 0.35       0.52
 0.65217391 0.45       0.83333333 0.8        0.         0.97560976
 0.26315789 0.52631579 0.5        0.42105263 0.         0.61904762
 0.47368421 0.64705882 0.4        0.45       0.9875     0.95833333
 0.89655172 0.63157895 0.42857143 0.90909091]
,[0.68421053 0.56       0.77192982 0.61538462 0.64285714 0.31578947
 0.5625     0.31627907 0.51428571 0.82352941 0.69230769 0.73214286
 0.64705882 0.875      0.625      0.58536585 0.46511628 0.1025641
 0.68292683 0.75862069 0.53164557 0.62962963 0.87804878 0.
 0.17647059 0.2962963  0.73170732 0.80851064 0.78947368 0.07692308
 0.62068966 0.40816327 0.17391304 0.         0.37037037 0.56410256
 0.67924528 0.48275862 0.4        0.84444444 0.66666667 0.21818182
 0.58333333 0.66666667 0.47058824 0.66666667 0.52380952 0.55555556
 0.79245283 0.625      0.70588235 0.62962963 0.71794872 0.70588235
 0.24       0.48888889 0.33333333 0.125      0.07142857 0.51428571
 0.33962264 0.72727273 0.65454545 0.71111111 0.58823529 0.90909091
 0.54054054 0.         0.         0.25       0.37037037 0.68421053
 0.45714286 0.41176471 0.37209302 0.66666667 0.86486486 0.44444444
 0.         0.20689655 0.63157895 0.06896552 0.76470588 0.58333333
 0.08333333 0.86666667 0.76470588 0.         0.63157895 0.83333333
 0.72727273 0.75       0.68965517 0.92682927 0.72222222 0.59090909
 0.53658537 0.8        0.         0.88888889 0.61728395 0.
 0.59259259 0.47368421 0.35251799 0.32352941 0.88235294 0.22222222
 0.76923077 0.90322581 0.77419355 0.71428571 0.83333333 0.71186441
 0.48648649 0.78947368 0.22222222 0.38235294 0.10526316 0.73913043
 0.74418605 0.         0.         0.71428571 0.         0.31137725
 0.66666667 0.55       0.93670886 0.82051282 0.10810811 0.4375
 0.56179775 0.73684211 0.         0.1025641  0.44897959 0.70588235
 0.56       0.76470588 0.68181818 0.625      0.53333333 0.
 0.88333333 0.375      0.72       0.47619048 0.3125     0.48484848
 0.93617021 0.77272727 0.54166667 0.4375     0.4516129  0.53333333
 0.95238095 0.86206897 0.37931034 0.40816327 0.8        0.32258065
 0.19047619 0.8        0.28571429 0.57142857 0.10526316 0.81355932
 0.57142857 0.25       0.54166667 0.82352941 0.20689655 0.08
 0.86666667 0.24       0.42105263 0.92307692 0.85714286 0.61538462
 0.53333333 0.91304348 0.53333333 0.78947368 0.16666667 0.875
 0.16666667 0.37837838 0.44067797 0.35714286 0.48888889 0.62857143
 0.81967213 0.64864865 0.08695652 0.74285714 0.16666667 0.74418605
 0.         0.32258065 0.86486486 0.         0.27272727 0.90322581
 0.28571429 0.         0.64864865 0.87804878 0.12903226 0.625
 0.48       0.8        0.84210526 0.84615385 0.62068966 0.
 0.87179487 0.68965517 0.         0.48648649 0.35294118 0.06666667
 0.18181818 0.         0.4        0.2173913  0.36842105 0.65384615
 0.0952381  0.84444444 0.4137931  0.84615385 0.42424242 0.40625
 0.73170732 0.6        0.75       0.72727273 0.         0.83333333
 0.4        0.625      0.42857143 0.59259259 0.         0.65
 0.5625     0.62857143 0.24615385 0.6        0.78606965 0.93877551
 0.78787879 0.75       0.5        0.54054054]
