mACC, mP, mR, mF1, ACC, P, R, F1
0.5365,0.5762065454876188,0.5365,0.5266769042529592
,[ 6  8  8 14 11  7 14 10 11 18  4  0  6 10  4 11 12 17 11  6 15 17 11  4
  7 15 16 16 11 10 14 16  7 14  9 19  5  0 14 10 11 11 10  8 10 14  9 16
 14 11 14 18  5 10  4  3 13 14  8 11 10 12  7  1  9  7  3  6 12  8 16 11
  5 17 11 17  1 11 13 18 17 17 11  7  2  5 14 20 14 14 20  7  6 10 12 14
 15 19 12 10]
,[0.18181818 0.57142857 0.88888889 0.53846154 0.64705882 0.31818182
 0.56       0.47619048 0.5        0.81818182 0.33333333 0.
 0.6        0.625      0.44444444 0.2972973  0.5        0.37777778
 0.55       0.85714286 0.75       0.44736842 0.91666667 0.18181818
 0.38888889 0.6        1.         0.47058824 0.39285714 0.66666667
 0.82352941 0.24242424 0.5        0.93333333 0.5        0.32758621
 0.33333333 0.         0.73684211 0.71428571 0.6875     0.42307692
 0.66666667 0.53333333 0.66666667 0.48275862 0.81818182 0.76190476
 0.56       0.57894737 0.82352941 0.5625     0.45454545 0.76923077
 0.8        0.33333333 0.68421053 0.7        0.38095238 0.57894737
 0.4        0.92307692 1.         0.05263158 0.5625     0.36842105
 0.33333333 0.66666667 0.48       0.88888889 0.88888889 0.78571429
 0.29411765 0.94444444 0.37931034 0.70833333 1.         0.73333333
 0.46428571 0.72       0.60714286 0.60714286 0.61111111 0.22580645
 0.25       0.71428571 0.77777778 0.48780488 0.82352941 0.73684211
 0.83333333 0.5        0.25       0.45454545 0.85714286 0.66666667
 0.65217391 0.43181818 0.42857143 0.83333333]
,[0.3  0.4  0.4  0.7  0.55 0.35 0.7  0.5  0.55 0.9  0.2  0.   0.3  0.5
 0.2  0.55 0.6  0.85 0.55 0.3  0.75 0.85 0.55 0.2  0.35 0.75 0.8  0.8
 0.55 0.5  0.7  0.8  0.35 0.7  0.45 0.95 0.25 0.   0.7  0.5  0.55 0.55
 0.5  0.4  0.5  0.7  0.45 0.8  0.7  0.55 0.7  0.9  0.25 0.5  0.2  0.15
 0.65 0.7  0.4  0.55 0.5  0.6  0.35 0.05 0.45 0.35 0.15 0.3  0.6  0.4
 0.8  0.55 0.25 0.85 0.55 0.85 0.05 0.55 0.65 0.9  0.85 0.85 0.55 0.35
 0.1  0.25 0.7  1.   0.7  0.7  1.   0.35 0.3  0.5  0.6  0.7  0.75 0.95
 0.6  0.5 ]
,[0.22641509 0.47058824 0.55172414 0.60869565 0.59459459 0.33333333
 0.62222222 0.48780488 0.52380952 0.85714286 0.25       0.
 0.4        0.55555556 0.27586207 0.38596491 0.54545455 0.52307692
 0.55       0.44444444 0.75       0.5862069  0.6875     0.19047619
 0.36842105 0.66666667 0.88888889 0.59259259 0.45833333 0.57142857
 0.75675676 0.37209302 0.41176471 0.8        0.47368421 0.48717949
 0.28571429 0.         0.71794872 0.58823529 0.61111111 0.47826087
 0.57142857 0.45714286 0.57142857 0.57142857 0.58064516 0.7804878
 0.62222222 0.56410256 0.75675676 0.69230769 0.32258065 0.60606061
 0.32       0.20689655 0.66666667 0.7        0.3902439  0.56410256
 0.44444444 0.72727273 0.51851852 0.05128205 0.5        0.35897436
 0.20689655 0.4137931  0.53333333 0.55172414 0.84210526 0.64705882
 0.27027027 0.89473684 0.44897959 0.77272727 0.0952381  0.62857143
 0.54166667 0.8        0.70833333 0.70833333 0.57894737 0.2745098
 0.14285714 0.37037037 0.73684211 0.6557377  0.75675676 0.71794872
 0.90909091 0.41176471 0.27272727 0.47619048 0.70588235 0.68292683
 0.69767442 0.59375    0.5        0.625     ]
