mACC, mP, mR, mF1, ACC, P, R, F1
0.476,0.5204907037951302,0.47600000000000003,0.4616982488182154
,[ 1  1  3  2  5  5  7 14  0 18  4  9 16 10  0  0 18  5 11  8 15  9  8  8
  4 10 20 14  8  3  2  1 14 16  0 18 14  4  5 11  2  9 13 10  5 14  8 13
  9 14 15 11 10 12  7 19 17 18  7 12  4 15 15  9 12  0  0 10  0  4 16  2
  8 17 11 15 10  2  6 19 18 19  6  0  5 10 14  4 12 16 20 11  3  5 12 18
 19 15 11 13]
,[0.05       0.2        0.17647059 1.         1.         0.14285714
 0.875      0.60869565 0.         0.9        0.11111111 0.52941176
 0.48484848 0.2        0.         0.         0.75       0.55555556
 0.84615385 0.88888889 0.40540541 0.81818182 0.8        0.33333333
 1.         0.90909091 0.42553191 1.         0.13114754 0.21428571
 0.4        0.25       0.53846154 0.61538462 0.         0.9
 0.2745098  0.4        0.25       0.45833333 1.         0.6
 0.52       0.29411765 0.14285714 0.58333333 0.32       0.92857143
 0.75       0.60869565 0.9375     0.84615385 0.41666667 0.54545455
 0.7        0.39583333 0.44736842 0.85714286 0.77777778 0.5
 0.30769231 0.78947368 0.9375     0.45       0.5        0.
 0.         0.83333333 0.         0.66666667 0.88888889 0.28571429
 0.42105263 0.56666667 0.33333333 1.         0.18867925 0.11764706
 0.35294118 0.63333333 0.5625     0.95       0.28571429 0.
 0.15625    0.625      0.4375     0.26666667 0.66666667 0.76190476
 0.83333333 0.39285714 0.1875     0.5        0.92307692 0.85714286
 0.86363636 0.65217391 0.84615385 0.39393939]
,[0.05 0.05 0.15 0.1  0.25 0.25 0.35 0.7  0.   0.9  0.2  0.45 0.8  0.5
 0.   0.   0.9  0.25 0.55 0.4  0.75 0.45 0.4  0.4  0.2  0.5  1.   0.7
 0.4  0.15 0.1  0.05 0.7  0.8  0.   0.9  0.7  0.2  0.25 0.55 0.1  0.45
 0.65 0.5  0.25 0.7  0.4  0.65 0.45 0.7  0.75 0.55 0.5  0.6  0.35 0.95
 0.85 0.9  0.35 0.6  0.2  0.75 0.75 0.45 0.6  0.   0.   0.5  0.   0.2
 0.8  0.1  0.4  0.85 0.55 0.75 0.5  0.1  0.3  0.95 0.9  0.95 0.3  0.
 0.25 0.5  0.7  0.2  0.6  0.8  1.   0.55 0.15 0.25 0.6  0.9  0.95 0.75
 0.55 0.65]
,[0.05       0.08       0.16216216 0.18181818 0.4        0.18181818
 0.5        0.65116279 0.         0.9        0.14285714 0.48648649
 0.60377358 0.28571429 0.         0.         0.81818182 0.34482759
 0.66666667 0.55172414 0.52631579 0.58064516 0.53333333 0.36363636
 0.33333333 0.64516129 0.59701493 0.82352941 0.19753086 0.17647059
 0.16       0.08333333 0.60869565 0.69565217 0.         0.9
 0.3943662  0.26666667 0.25       0.5        0.18181818 0.51428571
 0.57777778 0.37037037 0.18181818 0.63636364 0.35555556 0.76470588
 0.5625     0.65116279 0.83333333 0.66666667 0.45454545 0.57142857
 0.46666667 0.55882353 0.5862069  0.87804878 0.48275862 0.54545455
 0.24242424 0.76923077 0.83333333 0.45       0.54545455 0.
 0.         0.625      0.         0.30769231 0.84210526 0.14814815
 0.41025641 0.68       0.41509434 0.85714286 0.2739726  0.10810811
 0.32432432 0.76       0.69230769 0.95       0.29268293 0.
 0.19230769 0.55555556 0.53846154 0.22857143 0.63157895 0.7804878
 0.90909091 0.45833333 0.16666667 0.33333333 0.72727273 0.87804878
 0.9047619  0.69767442 0.66666667 0.49056604]
