mACC, mP, mR, mF1, ACC, P, R, F1
0.5895,0.655279494563092,0.5894999999999999,0.5870732223577146
,[ 5 15 17  4 11 12 12 17 17 19  7  8 12 12  5  5 17  5  8  3 13  8 10  1
  9 13 19 15 14 12 18  8 11 15 11 16  8  4 16 12 15 13 14  8  7 14  7 16
  8 18 12 12 15 13 16  3 12 17 15 13  9 20 17 12 10  2  1  9 10 11 18 12
  8 15 11 17  5 18  8 16 15 19 12  8  7 13 17 15  9 14 19 13  1  7 12 16
 18 16 12 15]
,[0.19230769 0.38461538 0.47222222 0.33333333 0.64705882 0.15189873
 0.75       0.5483871  0.65384615 0.76       0.63636364 0.53333333
 0.8        0.57142857 1.         0.23809524 0.85       0.83333333
 0.8        1.         0.92857143 0.66666667 0.90909091 0.5
 1.         0.8125     0.73076923 0.9375     0.7        0.8
 0.64285714 0.61538462 0.40740741 0.9375     0.6875     0.88888889
 0.88888889 0.22222222 0.59259259 0.70588235 0.68181818 0.35135135
 0.73684211 0.2962963  0.77777778 0.66666667 0.63636364 0.84210526
 0.88888889 0.66666667 0.85714286 0.85714286 0.5        0.65
 0.21052632 0.27272727 0.54545455 0.89473684 0.6        0.37142857
 0.64285714 0.45454545 0.85       0.42857143 0.66666667 0.66666667
 0.1        0.64285714 0.55555556 1.         0.9        0.66666667
 0.34782609 1.         0.45833333 0.85       0.5        0.51428571
 0.66666667 0.84210526 0.68181818 0.9047619  0.63157895 0.61538462
 0.28       0.56521739 0.68       0.71428571 1.         1.
 1.         0.5        0.5        0.58333333 1.         0.66666667
 0.66666667 0.59259259 0.32432432 0.83333333]
,[0.25 0.75 0.85 0.2  0.55 0.6  0.6  0.85 0.85 0.95 0.35 0.4  0.6  0.6
 0.25 0.25 0.85 0.25 0.4  0.15 0.65 0.4  0.5  0.05 0.45 0.65 0.95 0.75
 0.7  0.6  0.9  0.4  0.55 0.75 0.55 0.8  0.4  0.2  0.8  0.6  0.75 0.65
 0.7  0.4  0.35 0.7  0.35 0.8  0.4  0.9  0.6  0.6  0.75 0.65 0.8  0.15
 0.6  0.85 0.75 0.65 0.45 1.   0.85 0.6  0.5  0.1  0.05 0.45 0.5  0.55
 0.9  0.6  0.4  0.75 0.55 0.85 0.25 0.9  0.4  0.8  0.75 0.95 0.6  0.4
 0.35 0.65 0.85 0.75 0.45 0.7  0.95 0.65 0.05 0.35 0.6  0.8  0.9  0.8
 0.6  0.75]
,[0.2173913  0.50847458 0.60714286 0.25       0.59459459 0.24242424
 0.66666667 0.66666667 0.73913043 0.84444444 0.4516129  0.45714286
 0.68571429 0.58536585 0.4        0.24390244 0.85       0.38461538
 0.53333333 0.26086957 0.76470588 0.5        0.64516129 0.09090909
 0.62068966 0.72222222 0.82608696 0.83333333 0.7        0.68571429
 0.75       0.48484848 0.46808511 0.83333333 0.61111111 0.84210526
 0.55172414 0.21052632 0.68085106 0.64864865 0.71428571 0.45614035
 0.71794872 0.34042553 0.48275862 0.68292683 0.4516129  0.82051282
 0.55172414 0.76595745 0.70588235 0.70588235 0.6        0.65
 0.33333333 0.19354839 0.57142857 0.87179487 0.66666667 0.47272727
 0.52941176 0.625      0.85       0.5        0.57142857 0.17391304
 0.06666667 0.52941176 0.52631579 0.70967742 0.9        0.63157895
 0.37209302 0.85714286 0.5        0.85       0.33333333 0.65454545
 0.5        0.82051282 0.71428571 0.92682927 0.61538462 0.48484848
 0.31111111 0.60465116 0.75555556 0.73170732 0.62068966 0.82352941
 0.97435897 0.56521739 0.09090909 0.4375     0.75       0.72727273
 0.76595745 0.68085106 0.42105263 0.78947368]
