mACC, mP, mR, mF1, ACC, P, R, F1
0.639,0.674354843503566,0.6389999999999999,0.6299947909660745
,[ 2 12 16 17 12 10 16 13 10 19  3 10 14 13  5  9 15  1 13  9 16 10 10  3
 10 16 19 17 15 14 17 12 17 13 16 19  9  2 17 10 14 15 18  7  8 16 12 18
 14 18 13 18 19 15 15  8 16 16 14 10 12 16 18 13 10  2  1  6 13 14 19 11
 12 17 15 18  6 16  8 18 16 19 10  8  4 10 15 16 12 15 19 16  0 12 16 20
 15 16 18 11]
,[0.08333333 0.75       0.5        0.5483871  0.70588235 0.33333333
 0.61538462 0.76470588 0.83333333 0.73076923 0.6        0.66666667
 0.82352941 0.65       0.625      0.34615385 0.625      1.
 0.54166667 0.5625     0.8        0.90909091 0.90909091 0.33333333
 0.83333333 0.76190476 0.73076923 0.89473684 0.5        0.82352941
 0.94444444 0.42857143 0.56666667 0.8125     0.64       0.82608696
 0.81818182 0.22222222 0.51515152 1.         0.66666667 0.39473684
 0.58064516 0.77777778 0.88888889 0.84210526 0.92307692 0.51428571
 0.93333333 0.69230769 0.86666667 0.69230769 0.61290323 0.75
 0.25423729 0.57142857 0.66666667 0.94117647 0.66666667 0.58823529
 0.70588235 0.88888889 0.9        0.28888889 0.71428571 0.22222222
 0.2        0.75       0.68421053 0.58333333 0.9047619  0.73333333
 0.66666667 0.85       0.51724138 0.72       0.3        0.8
 0.47058824 0.85714286 0.84210526 1.         0.90909091 0.8
 0.16       0.76923077 0.71428571 0.66666667 0.8        0.53571429
 0.95       0.51612903 0.         0.32432432 0.84210526 0.68965517
 1.         0.94117647 0.81818182 1.        ]
,[0.1  0.6  0.8  0.85 0.6  0.5  0.8  0.65 0.5  0.95 0.15 0.5  0.7  0.65
 0.25 0.45 0.75 0.05 0.65 0.45 0.8  0.5  0.5  0.15 0.5  0.8  0.95 0.85
 0.75 0.7  0.85 0.6  0.85 0.65 0.8  0.95 0.45 0.1  0.85 0.5  0.7  0.75
 0.9  0.35 0.4  0.8  0.6  0.9  0.7  0.9  0.65 0.9  0.95 0.75 0.75 0.4
 0.8  0.8  0.7  0.5  0.6  0.8  0.9  0.65 0.5  0.1  0.05 0.3  0.65 0.7
 0.95 0.55 0.6  0.85 0.75 0.9  0.3  0.8  0.4  0.9  0.8  0.95 0.5  0.4
 0.2  0.5  0.75 0.8  0.6  0.75 0.95 0.8  0.   0.6  0.8  1.   0.75 0.8
 0.9  0.55]
,[0.09090909 0.66666667 0.61538462 0.66666667 0.64864865 0.4
 0.69565217 0.7027027  0.625      0.82608696 0.24       0.57142857
 0.75675676 0.65       0.35714286 0.39130435 0.68181818 0.0952381
 0.59090909 0.5        0.8        0.64516129 0.64516129 0.20689655
 0.625      0.7804878  0.82608696 0.87179487 0.6        0.75675676
 0.89473684 0.5        0.68       0.72222222 0.71111111 0.88372093
 0.58064516 0.13793103 0.64150943 0.66666667 0.68292683 0.51724138
 0.70588235 0.48275862 0.55172414 0.82051282 0.72727273 0.65454545
 0.8        0.7826087  0.74285714 0.7826087  0.74509804 0.75
 0.37974684 0.47058824 0.72727273 0.86486486 0.68292683 0.54054054
 0.64864865 0.84210526 0.9        0.4        0.58823529 0.13793103
 0.08       0.42857143 0.66666667 0.63636364 0.92682927 0.62857143
 0.63157895 0.85       0.6122449  0.8        0.3        0.8
 0.43243243 0.87804878 0.82051282 0.97435897 0.64516129 0.53333333
 0.17777778 0.60606061 0.73170732 0.72727273 0.68571429 0.625
 0.95       0.62745098 0.         0.42105263 0.82051282 0.81632653
 0.85714286 0.86486486 0.85714286 0.70967742]
