mACC, mP, mR, mF1, ACC, P, R, F1
0.39,0.41554853027716837,0.39,0.3677505226401653
,[ 1 10  7 10  3  0  8  4  1 18  0  0  7  1  0  0 10 11  6  6 10 13  3  6
  8 13 15 18  8  6  0 10  3  5  3 13  6  0  9 10  4  7  2 11  3 17  7  1
  2 12  4 13 16  7  6 13  1 13 13 10 10 14 14  1  7  9  2  0  0  0 12 10
  9 18  7 17  1  1  5 18  1 19  8  9  3  2 14 14 18 15 19 14  9  3  6 12
 17 10  8  0]
,[0.04761905 0.47619048 0.29166667 0.25       0.6        0.
 0.1509434  0.8        1.         0.7826087  0.         0.
 0.46666667 0.2        0.         0.         0.66666667 0.5
 0.23076923 0.33333333 0.3030303  0.2826087  0.6        0.26086957
 0.53333333 0.325      0.88235294 0.6        0.66666667 0.42857143
 0.         0.3125     0.17647059 0.15625    0.23076923 0.76470588
 0.12       0.         0.47368421 0.4        0.8        0.31818182
 0.2        0.39285714 0.13636364 0.38636364 0.7        0.25
 0.13333333 0.57142857 0.5        0.44827586 0.59259259 0.31818182
 0.375      0.38235294 0.05       0.5        0.5        0.55555556
 0.55555556 0.66666667 0.93333333 0.33333333 0.53846154 0.32142857
 0.5        0.         0.         0.         0.92307692 0.83333333
 0.47368421 0.51428571 0.35       0.89473684 0.14285714 0.16666667
 0.15151515 0.7826087  0.5        0.79166667 0.34782609 0.75
 1.         0.06896552 0.37837838 0.58333333 0.375      0.29411765
 1.         0.2745098  0.31034483 0.15789474 0.6        1.
 0.62962963 0.45454545 0.53333333 0.        ]
,[0.05 0.5  0.35 0.5  0.15 0.   0.4  0.2  0.05 0.9  0.   0.   0.35 0.05
 0.   0.   0.5  0.55 0.3  0.3  0.5  0.65 0.15 0.3  0.4  0.65 0.75 0.9
 0.4  0.3  0.   0.5  0.15 0.25 0.15 0.65 0.3  0.   0.45 0.5  0.2  0.35
 0.1  0.55 0.15 0.85 0.35 0.05 0.1  0.6  0.2  0.65 0.8  0.35 0.3  0.65
 0.05 0.65 0.65 0.5  0.5  0.7  0.7  0.05 0.35 0.45 0.1  0.   0.   0.
 0.6  0.5  0.45 0.9  0.35 0.85 0.05 0.05 0.25 0.9  0.05 0.95 0.4  0.45
 0.15 0.1  0.7  0.7  0.9  0.75 0.95 0.7  0.45 0.15 0.3  0.6  0.85 0.5
 0.4  0.  ]
,[0.04878049 0.48780488 0.31818182 0.33333333 0.24       0.
 0.21917808 0.32       0.0952381  0.8372093  0.         0.
 0.4        0.08       0.         0.         0.57142857 0.52380952
 0.26086957 0.31578947 0.37735849 0.39393939 0.24       0.27906977
 0.45714286 0.43333333 0.81081081 0.72       0.5        0.35294118
 0.         0.38461538 0.16216216 0.19230769 0.18181818 0.7027027
 0.17142857 0.         0.46153846 0.44444444 0.32       0.33333333
 0.13333333 0.45833333 0.14285714 0.53125    0.46666667 0.08333333
 0.11428571 0.58536585 0.28571429 0.53061224 0.68085106 0.33333333
 0.33333333 0.48148148 0.05       0.56521739 0.56521739 0.52631579
 0.52631579 0.68292683 0.8        0.08695652 0.42424242 0.375
 0.16666667 0.         0.         0.         0.72727273 0.625
 0.46153846 0.65454545 0.35       0.87179487 0.07407407 0.07692308
 0.18867925 0.8372093  0.09090909 0.86363636 0.37209302 0.5625
 0.26086957 0.08163265 0.49122807 0.63636364 0.52941176 0.42253521
 0.97435897 0.3943662  0.36734694 0.15384615 0.4        0.75
 0.72340426 0.47619048 0.45714286 0.        ]
