mACC, mP, mR, mF1, ACC, P, R, F1
0.6405,0.6864795137752802,0.6405000000000001,0.6340492285877626
,[ 7 10 11 15 10  6 17  8 12 16  9  6 15 15 13  2 16 16 11  7 16 14 14  6
  7 16 18 16 18 15 17 11 13 18  8 20  8  5 12 15 14  9 15  2 17 13 14 18
 13 18 14 10  9 14 11 18 16 19 11 14  7 16 16  6 14 14  2  5  8 14 19 14
 14 18 15 18 11 15 10 19 15 17  8 10  3  5 15 20  8 14 20 12 11 15 13 17
 17 19 19 10]
,[0.4375     0.38461538 0.84615385 0.5        0.83333333 0.35294118
 0.47222222 0.88888889 0.85714286 0.94117647 0.36       0.66666667
 1.         0.53571429 0.5        1.         0.61538462 0.59259259
 0.5        0.63636364 0.72727273 0.73684211 1.         0.25
 0.875      0.5        1.         1.         0.4        0.65217391
 0.94444444 0.73333333 0.59090909 0.7826087  0.57142857 0.51282051
 0.66666667 0.2        0.92307692 0.46875    0.73684211 0.69230769
 0.75       0.4        0.56666667 0.76470588 0.77777778 0.72
 0.76470588 0.66666667 0.82352941 0.83333333 0.9        0.60869565
 0.5        0.45       0.84210526 0.76       0.6875     0.46666667
 1.         0.94117647 0.88888889 0.66666667 0.63636364 0.4375
 0.28571429 0.71428571 0.72727273 0.77777778 0.95       0.93333333
 0.51851852 1.         0.51724138 0.66666667 0.47826087 0.78947368
 0.26315789 0.82608696 0.75       0.85       0.8        0.35714286
 0.6        0.5        0.68181818 0.64516129 0.88888889 0.73684211
 1.         0.42857143 0.37931034 0.42857143 1.         0.94444444
 0.94444444 0.82608696 0.79166667 0.90909091]
,[0.35 0.5  0.55 0.75 0.5  0.3  0.85 0.4  0.6  0.8  0.45 0.3  0.75 0.75
 0.65 0.1  0.8  0.8  0.55 0.35 0.8  0.7  0.7  0.3  0.35 0.8  0.9  0.8
 0.9  0.75 0.85 0.55 0.65 0.9  0.4  1.   0.4  0.25 0.6  0.75 0.7  0.45
 0.75 0.1  0.85 0.65 0.7  0.9  0.65 0.9  0.7  0.5  0.45 0.7  0.55 0.9
 0.8  0.95 0.55 0.7  0.35 0.8  0.8  0.3  0.7  0.7  0.1  0.25 0.4  0.7
 0.95 0.7  0.7  0.9  0.75 0.9  0.55 0.75 0.5  0.95 0.75 0.85 0.4  0.5
 0.15 0.25 0.75 1.   0.4  0.7  1.   0.6  0.55 0.75 0.65 0.85 0.85 0.95
 0.95 0.5 ]
,[0.38888889 0.43478261 0.66666667 0.6        0.625      0.32432432
 0.60714286 0.55172414 0.70588235 0.86486486 0.4        0.4137931
 0.85714286 0.625      0.56521739 0.18181818 0.69565217 0.68085106
 0.52380952 0.4516129  0.76190476 0.71794872 0.82352941 0.27272727
 0.5        0.61538462 0.94736842 0.88888889 0.55384615 0.69767442
 0.89473684 0.62857143 0.61904762 0.8372093  0.47058824 0.6779661
 0.5        0.22222222 0.72727273 0.57692308 0.71794872 0.54545455
 0.75       0.16       0.68       0.7027027  0.73684211 0.8
 0.7027027  0.76595745 0.75675676 0.625      0.6        0.65116279
 0.52380952 0.6        0.82051282 0.84444444 0.61111111 0.56
 0.51851852 0.86486486 0.84210526 0.4137931  0.66666667 0.53846154
 0.14814815 0.37037037 0.51612903 0.73684211 0.95       0.8
 0.59574468 0.94736842 0.6122449  0.76595745 0.51162791 0.76923077
 0.34482759 0.88372093 0.75       0.85       0.53333333 0.41666667
 0.24       0.33333333 0.71428571 0.78431373 0.55172414 0.71794872
 1.         0.5        0.44897959 0.54545455 0.78787879 0.89473684
 0.89473684 0.88372093 0.86363636 0.64516129]
