mACC, mP, mR, mF1, ACC, P, R, F1
0.646,0.6979705868208679,0.6459999999999999,0.6383742173423612
,[ 7 14 13 17 16 12 13 11 13 18 15  6  8 17 11  3 14  5 16  6 17 18  8  6
  6 20 20 13 18 10 15 13 11 18 12 17 13  4 15 14 19  8 13  8 14 18 14 12
 13 18 16 17 16 13  7 14 17 14 10 16 15 18 18 11 12  7  9  3  7 10 18 14
 10 17 11 18  4 19  9 16 13 20 15  5  4 12 16 18 14 15 20 11  2  6 10 18
 18 16 14 19]
,[0.21212121 0.82352941 0.86666667 0.5        0.84210526 0.4
 0.5        0.73333333 0.76470588 0.47368421 0.78947368 0.6
 0.8        0.70833333 0.64705882 0.25       0.58333333 0.71428571
 0.37209302 1.         0.77272727 0.46153846 0.88888889 0.4
 0.75       0.8        0.86956522 1.         0.6        1.
 0.75       0.59090909 0.78571429 1.         0.85714286 0.89473684
 0.61904762 0.66666667 0.75       0.73684211 0.57575758 0.66666667
 0.72222222 0.72727273 0.60869565 0.69230769 0.66666667 0.70588235
 0.48148148 0.58064516 0.94117647 0.68       0.51612903 0.8125
 0.77777778 0.35897436 0.45945946 0.93333333 0.90909091 0.27118644
 0.45454545 0.85714286 0.9        0.5        0.66666667 0.24137931
 0.47368421 1.         0.77777778 0.83333333 0.94736842 0.63636364
 0.5        0.80952381 0.6875     0.85714286 0.57142857 0.45238095
 0.47368421 0.84210526 0.68421053 0.90909091 0.9375     0.83333333
 0.8        0.70588235 0.61538462 0.64285714 0.5        0.83333333
 0.90909091 0.61111111 0.4        0.85714286 0.83333333 1.
 0.85714286 0.88888889 0.875      0.76      ]
,[0.35 0.7  0.65 0.85 0.8  0.6  0.65 0.55 0.65 0.9  0.75 0.3  0.4  0.85
 0.55 0.15 0.7  0.25 0.8  0.3  0.85 0.9  0.4  0.3  0.3  1.   1.   0.65
 0.9  0.5  0.75 0.65 0.55 0.9  0.6  0.85 0.65 0.2  0.75 0.7  0.95 0.4
 0.65 0.4  0.7  0.9  0.7  0.6  0.65 0.9  0.8  0.85 0.8  0.65 0.35 0.7
 0.85 0.7  0.5  0.8  0.75 0.9  0.9  0.55 0.6  0.35 0.45 0.15 0.35 0.5
 0.9  0.7  0.5  0.85 0.55 0.9  0.2  0.95 0.45 0.8  0.65 1.   0.75 0.25
 0.2  0.6  0.8  0.9  0.7  0.75 1.   0.55 0.1  0.3  0.5  0.9  0.9  0.8
 0.7  0.95]
,[0.26415094 0.75675676 0.74285714 0.62962963 0.82051282 0.48
 0.56521739 0.62857143 0.7027027  0.62068966 0.76923077 0.4
 0.53333333 0.77272727 0.59459459 0.1875     0.63636364 0.37037037
 0.50793651 0.46153846 0.80952381 0.61016949 0.55172414 0.34285714
 0.42857143 0.88888889 0.93023256 0.78787879 0.72       0.66666667
 0.75       0.61904762 0.64705882 0.94736842 0.70588235 0.87179487
 0.63414634 0.30769231 0.75       0.71794872 0.71698113 0.5
 0.68421053 0.51612903 0.65116279 0.7826087  0.68292683 0.64864865
 0.55319149 0.70588235 0.86486486 0.75555556 0.62745098 0.72222222
 0.48275862 0.47457627 0.59649123 0.8        0.64516129 0.40506329
 0.56603774 0.87804878 0.9        0.52380952 0.63157895 0.28571429
 0.46153846 0.26086957 0.48275862 0.625      0.92307692 0.66666667
 0.5        0.82926829 0.61111111 0.87804878 0.2962963  0.61290323
 0.46153846 0.82051282 0.66666667 0.95238095 0.83333333 0.38461538
 0.32       0.64864865 0.69565217 0.75       0.58333333 0.78947368
 0.95238095 0.57894737 0.16       0.44444444 0.625      0.94736842
 0.87804878 0.84210526 0.77777778 0.84444444]
