mACC, mP, mR, mF1, ACC, P, R, F1
0.6855,0.7004914509112347,0.6855,0.6726954015931653
,[ 6 15 14 17 15 12 19 17 12 18  9 13 18 15 10 10 16 16  9 11 16 17 15  9
  9 19 20 17 20 14 19 14 10 19  5 18 14  5 15 15 18  7 16 12 14 16  6 19
 11 12 17 18 19 14 16 11 19 20 10 14 15 18 19  6 12  8  1 11  5  7 16 12
  6 18 13 19  9 14 12 19 16 20 16  8  6 18 15 16 14 15 20  6  4 10 17 15
 16 18 15 15]
,[0.4        0.83333333 0.93333333 0.53125    0.6        0.48
 0.7037037  0.60714286 0.92307692 0.81818182 0.52941176 0.52
 0.81818182 0.6        0.58823529 0.5        0.76190476 0.72727273
 0.81818182 0.73333333 0.66666667 0.94444444 0.78947368 0.64285714
 0.9        0.63333333 0.86956522 0.70833333 0.625      0.66666667
 0.95       0.46666667 0.76923077 0.76       1.         0.85714286
 0.60869565 0.55555556 0.78947368 0.6        0.7826087  0.53846154
 0.76190476 0.57142857 0.4516129  0.55172414 1.         0.43181818
 0.5        0.8        0.94444444 0.85714286 0.82608696 0.58333333
 0.48484848 0.52380952 0.55882353 0.8        0.625      0.56
 0.51724138 0.81818182 0.86363636 0.6        0.75       0.47058824
 0.25       0.61111111 0.625      0.77777778 0.76190476 0.85714286
 0.5        0.94736842 0.61904762 0.82608696 0.5625     0.77777778
 0.48       0.82608696 0.66666667 0.76923077 0.64       0.66666667
 0.85714286 0.69230769 0.68181818 0.88888889 0.77777778 0.88235294
 0.95238095 0.66666667 0.26666667 0.76923077 0.89473684 0.88235294
 0.8        0.7826087  0.75       0.9375    ]
,[0.3  0.75 0.7  0.85 0.75 0.6  0.95 0.85 0.6  0.9  0.45 0.65 0.9  0.75
 0.5  0.5  0.8  0.8  0.45 0.55 0.8  0.85 0.75 0.45 0.45 0.95 1.   0.85
 1.   0.7  0.95 0.7  0.5  0.95 0.25 0.9  0.7  0.25 0.75 0.75 0.9  0.35
 0.8  0.6  0.7  0.8  0.3  0.95 0.55 0.6  0.85 0.9  0.95 0.7  0.8  0.55
 0.95 1.   0.5  0.7  0.75 0.9  0.95 0.3  0.6  0.4  0.05 0.55 0.25 0.35
 0.8  0.6  0.3  0.9  0.65 0.95 0.45 0.7  0.6  0.95 0.8  1.   0.8  0.4
 0.3  0.9  0.75 0.8  0.7  0.75 1.   0.3  0.2  0.5  0.85 0.75 0.8  0.9
 0.75 0.75]
,[0.34285714 0.78947368 0.8        0.65384615 0.66666667 0.53333333
 0.80851064 0.70833333 0.72727273 0.85714286 0.48648649 0.57777778
 0.85714286 0.66666667 0.54054054 0.5        0.7804878  0.76190476
 0.58064516 0.62857143 0.72727273 0.89473684 0.76923077 0.52941176
 0.6        0.76       0.93023256 0.77272727 0.76923077 0.68292683
 0.95       0.56       0.60606061 0.84444444 0.4        0.87804878
 0.65116279 0.34482759 0.76923077 0.66666667 0.8372093  0.42424242
 0.7804878  0.58536585 0.54901961 0.65306122 0.46153846 0.59375
 0.52380952 0.68571429 0.89473684 0.87804878 0.88372093 0.63636364
 0.60377358 0.53658537 0.7037037  0.88888889 0.55555556 0.62222222
 0.6122449  0.85714286 0.9047619  0.4        0.66666667 0.43243243
 0.08333333 0.57894737 0.35714286 0.48275862 0.7804878  0.70588235
 0.375      0.92307692 0.63414634 0.88372093 0.5        0.73684211
 0.53333333 0.88372093 0.72727273 0.86956522 0.71111111 0.5
 0.44444444 0.7826087  0.71428571 0.84210526 0.73684211 0.81081081
 0.97560976 0.4137931  0.22857143 0.60606061 0.87179487 0.81081081
 0.8        0.8372093  0.75       0.83333333]
