mACC, mP, mR, mF1, ACC, P, R, F1
0.5455,0.5634702406271733,0.5455,0.5363464187201054
,[ 3 14  8 18 12  6 11 11 15 17 14  7 10  9  3  4 16 17  9 10  7 13  7  2
 11 17 20 15 13 11 15 10  9 10  8 15  8  1 10 11 16  2 11  7 10 16  4 15
 12 14 12 15  8 14 10 13 14 17  7 12 11 16 14  0 12  6  3  4  1  9 14 13
  8 19  8 16  4 15 10 14 13 16 13  9  7 14 10 17 14 12 20  9  8  7  9 10
 15 13  9 13]
,[0.2        0.82352941 0.72727273 0.36       0.8        0.54545455
 0.5        0.6875     0.57692308 0.94444444 0.46666667 0.5
 0.35714286 0.69230769 0.33333333 0.22222222 0.55172414 0.47222222
 0.42857143 0.55555556 0.4375     0.54166667 0.4375     0.22222222
 0.45833333 0.48571429 0.95238095 0.78947368 0.37142857 0.55
 0.65217391 0.45454545 0.2195122  0.45454545 0.42105263 0.75
 0.47058824 0.09090909 0.71428571 0.47826087 0.94117647 0.25
 0.61111111 0.7        0.4        0.55172414 1.         0.65217391
 0.5        0.58333333 0.75       0.68181818 0.66666667 0.7
 0.45454545 0.34210526 0.60869565 0.44736842 0.38888889 0.52173913
 0.35483871 0.84210526 0.82352941 0.         0.6        0.33333333
 0.15       0.5        0.33333333 0.81818182 0.875      0.61904762
 0.57142857 0.95       0.57142857 0.94117647 0.5        0.625
 0.32258065 0.77777778 0.65       0.66666667 0.65       0.5625
 0.20588235 0.63636364 0.71428571 0.73913043 0.5        0.70588235
 0.95238095 0.36       0.2962963  0.5        0.64285714 0.71428571
 0.625      0.68421053 0.9        0.68421053]
,[0.15 0.7  0.4  0.9  0.6  0.3  0.55 0.55 0.75 0.85 0.7  0.35 0.5  0.45
 0.15 0.2  0.8  0.85 0.45 0.5  0.35 0.65 0.35 0.1  0.55 0.85 1.   0.75
 0.65 0.55 0.75 0.5  0.45 0.5  0.4  0.75 0.4  0.05 0.5  0.55 0.8  0.1
 0.55 0.35 0.5  0.8  0.2  0.75 0.6  0.7  0.6  0.75 0.4  0.7  0.5  0.65
 0.7  0.85 0.35 0.6  0.55 0.8  0.7  0.   0.6  0.3  0.15 0.2  0.05 0.45
 0.7  0.65 0.4  0.95 0.4  0.8  0.2  0.75 0.5  0.7  0.65 0.8  0.65 0.45
 0.35 0.7  0.5  0.85 0.7  0.6  1.   0.45 0.4  0.35 0.45 0.5  0.75 0.65
 0.45 0.65]
,[0.17142857 0.75675676 0.51612903 0.51428571 0.68571429 0.38709677
 0.52380952 0.61111111 0.65217391 0.89473684 0.56       0.41176471
 0.41666667 0.54545455 0.20689655 0.21052632 0.65306122 0.60714286
 0.43902439 0.52631579 0.38888889 0.59090909 0.38888889 0.13793103
 0.5        0.61818182 0.97560976 0.76923077 0.47272727 0.55
 0.69767442 0.47619048 0.29508197 0.47619048 0.41025641 0.75
 0.43243243 0.06451613 0.58823529 0.51162791 0.86486486 0.14285714
 0.57894737 0.46666667 0.44444444 0.65306122 0.33333333 0.69767442
 0.54545455 0.63636364 0.66666667 0.71428571 0.5        0.7
 0.47619048 0.44827586 0.65116279 0.5862069  0.36842105 0.55813953
 0.43137255 0.82051282 0.75675676 0.         0.6        0.31578947
 0.15       0.28571429 0.08695652 0.58064516 0.77777778 0.63414634
 0.47058824 0.95       0.47058824 0.86486486 0.28571429 0.68181818
 0.39215686 0.73684211 0.65       0.72727273 0.65       0.5
 0.25925926 0.66666667 0.58823529 0.79069767 0.58333333 0.64864865
 0.97560976 0.4        0.34042553 0.41176471 0.52941176 0.58823529
 0.68181818 0.66666667 0.6        0.66666667]
