mACC, mP, mR, mF1, ACC, P, R, F1
0.487,0.5367777652259462,0.48699999999999993,0.47627710131511547
,[ 1 14 15 17  2  0 14  9  3 18  4  0 12 10  8  2 12 13 12  3 11 11  7  7
  8 11 18 16  8 12 16  2  0  0 11 15  8  0 16  9 14  6 17  9  9 19  8 18
 15 16 15 14 16 13  5  7  2  4  3 13  3 19 13  2  8 11  1  1  7 11 19  9
  7 17  6 18  0 12  7 12 10 20 12  4  3  4 15 17 14 14 19  0  9  5 17 11
 13 15 11  0]
,[0.0625     0.7        0.25862069 0.47222222 0.16666667 0.
 0.3255814  0.6        0.5        0.9        0.5        0.
 0.8        0.52631579 0.36363636 0.05882353 1.         0.43333333
 0.0952381  0.5        0.91666667 0.57894737 0.33333333 0.4375
 0.8        0.6875     0.75       1.         1.         0.70588235
 0.23188406 1.         0.         0.         0.33333333 0.88235294
 0.72727273 0.         0.64       0.5625     0.82352941 0.27272727
 0.51515152 0.6        0.5        0.3220339  0.38095238 0.5625
 0.38461538 0.57142857 0.6        0.4375     0.53333333 0.72222222
 0.71428571 0.5        0.22222222 0.8        0.5        0.56521739
 0.25       0.7037037  0.92857143 0.10526316 0.72727273 0.24444444
 0.11111111 0.25       0.7        0.47826087 0.79166667 0.75
 0.58333333 1.         0.375      1.         0.         0.54545455
 0.33333333 0.92307692 0.625      0.83333333 0.85714286 0.66666667
 1.         0.21052632 0.625      0.77272727 0.58333333 0.82352941
 0.86363636 0.         0.375      0.55555556 0.73913043 0.91666667
 0.76470588 0.6        0.6875     0.        ]
,[0.05 0.7  0.75 0.85 0.1  0.   0.7  0.45 0.15 0.9  0.2  0.   0.6  0.5
 0.4  0.1  0.6  0.65 0.6  0.15 0.55 0.55 0.35 0.35 0.4  0.55 0.9  0.8
 0.4  0.6  0.8  0.1  0.   0.   0.55 0.75 0.4  0.   0.8  0.45 0.7  0.3
 0.85 0.45 0.45 0.95 0.4  0.9  0.75 0.8  0.75 0.7  0.8  0.65 0.25 0.35
 0.1  0.2  0.15 0.65 0.15 0.95 0.65 0.1  0.4  0.55 0.05 0.05 0.35 0.55
 0.95 0.45 0.35 0.85 0.3  0.9  0.   0.6  0.35 0.6  0.5  1.   0.6  0.2
 0.15 0.2  0.75 0.85 0.7  0.7  0.95 0.   0.45 0.25 0.85 0.55 0.65 0.75
 0.55 0.  ]
,[0.05555556 0.7        0.38461538 0.60714286 0.125      0.
 0.44444444 0.51428571 0.23076923 0.9        0.28571429 0.
 0.68571429 0.51282051 0.38095238 0.07407407 0.75       0.52
 0.16438356 0.23076923 0.6875     0.56410256 0.34146341 0.38888889
 0.53333333 0.61111111 0.81818182 0.88888889 0.57142857 0.64864865
 0.35955056 0.18181818 0.         0.         0.41509434 0.81081081
 0.51612903 0.         0.71111111 0.5        0.75675676 0.28571429
 0.64150943 0.51428571 0.47368421 0.48101266 0.3902439  0.69230769
 0.50847458 0.66666667 0.66666667 0.53846154 0.64       0.68421053
 0.37037037 0.41176471 0.13793103 0.32       0.23076923 0.60465116
 0.1875     0.80851064 0.76470588 0.1025641  0.51612903 0.33846154
 0.06896552 0.08333333 0.46666667 0.51162791 0.86363636 0.5625
 0.4375     0.91891892 0.33333333 0.94736842 0.         0.57142857
 0.34146341 0.72727273 0.55555556 0.90909091 0.70588235 0.30769231
 0.26086957 0.20512821 0.68181818 0.80952381 0.63636364 0.75675676
 0.9047619  0.         0.40909091 0.34482759 0.79069767 0.6875
 0.7027027  0.66666667 0.61111111 0.        ]
