mACC, mP, mR, mF1, ACC, P, R, F1
0.6385,0.6482880765800525,0.6385000000000001,0.6222764739660519
,[ 3 17 13 16 12  7 19 12 15 17  6 11 17 14  6  1 16 18 13 15 16 18 13  4
 10 20 19 17 14 10 17  9 12 17  9 17 12  0 11 16 18 13 15 11 15 11 10 18
  7 17 15 19 16 11 13 16 16 19 13 15 16 17 13  4 12  3  1  1  6 13 16  9
  8 19 11 19  8 18 12 18 16 19 14  8  7 13 13 17 14 12 20  0  3 12 14 15
 17 17 14 11]
,[0.11538462 0.80952381 0.76470588 0.47058824 0.6        0.58333333
 0.44186047 0.66666667 0.88235294 0.77272727 0.85714286 0.57894737
 0.77272727 0.73684211 0.75       0.14285714 0.47058824 0.51428571
 0.61904762 0.71428571 0.69565217 0.54545455 0.92857143 0.66666667
 0.76923077 0.58823529 1.         0.89473684 0.875      0.83333333
 0.94444444 0.39130435 0.57142857 0.70833333 0.36       0.80952381
 0.42857143 0.         0.84615385 0.69565217 0.72       0.38235294
 0.68181818 0.61111111 0.46875    0.5        1.         0.54545455
 0.7        0.5483871  0.65217391 0.73076923 0.59259259 0.91666667
 0.39393939 0.44444444 0.66666667 0.76       0.76470588 0.68181818
 0.48484848 0.60714286 0.92857143 0.33333333 0.57142857 0.5
 0.2        0.25       0.5        0.76470588 0.76190476 0.75
 0.47058824 0.95       0.84615385 0.86363636 0.57142857 0.52941176
 0.30769231 0.85714286 0.64       0.9047619  0.73684211 0.72727273
 0.58333333 0.8125     0.76470588 0.89473684 0.7        0.70588235
 1.         0.         0.15       0.70588235 0.93333333 0.88235294
 0.89473684 0.65384615 0.66666667 0.84615385]
,[0.15 0.85 0.65 0.8  0.6  0.35 0.95 0.6  0.75 0.85 0.3  0.55 0.85 0.7
 0.3  0.05 0.8  0.9  0.65 0.75 0.8  0.9  0.65 0.2  0.5  1.   0.95 0.85
 0.7  0.5  0.85 0.45 0.6  0.85 0.45 0.85 0.6  0.   0.55 0.8  0.9  0.65
 0.75 0.55 0.75 0.55 0.5  0.9  0.35 0.85 0.75 0.95 0.8  0.55 0.65 0.8
 0.8  0.95 0.65 0.75 0.8  0.85 0.65 0.2  0.6  0.15 0.05 0.05 0.3  0.65
 0.8  0.45 0.4  0.95 0.55 0.95 0.4  0.9  0.6  0.9  0.8  0.95 0.7  0.4
 0.35 0.65 0.65 0.85 0.7  0.6  1.   0.   0.15 0.6  0.7  0.75 0.85 0.85
 0.7  0.55]
,[0.13043478 0.82926829 0.7027027  0.59259259 0.6        0.4375
 0.6031746  0.63157895 0.81081081 0.80952381 0.44444444 0.56410256
 0.80952381 0.71794872 0.42857143 0.07407407 0.59259259 0.65454545
 0.63414634 0.73170732 0.74418605 0.67924528 0.76470588 0.30769231
 0.60606061 0.74074074 0.97435897 0.87179487 0.77777778 0.625
 0.89473684 0.41860465 0.58536585 0.77272727 0.4        0.82926829
 0.5        0.         0.66666667 0.74418605 0.8        0.48148148
 0.71428571 0.57894737 0.57692308 0.52380952 0.66666667 0.67924528
 0.46666667 0.66666667 0.69767442 0.82608696 0.68085106 0.6875
 0.49056604 0.57142857 0.72727273 0.84444444 0.7027027  0.71428571
 0.60377358 0.70833333 0.76470588 0.25       0.58536585 0.23076923
 0.08       0.08333333 0.375      0.7027027  0.7804878  0.5625
 0.43243243 0.95       0.66666667 0.9047619  0.47058824 0.66666667
 0.40677966 0.87804878 0.71111111 0.92682927 0.71794872 0.51612903
 0.4375     0.72222222 0.7027027  0.87179487 0.7        0.64864865
 1.         0.         0.15       0.64864865 0.8        0.81081081
 0.87179487 0.73913043 0.68292683 0.66666667]
