mACC, mP, mR, mF1, ACC, P, R, F1
0.2755,0.31045912071283627,0.2755,0.2615067470993315
,[ 1  6  3  8  2  6  3 10  3 12  3  1  0  1  0 14  9  9  2  3  1  9  1  0
  3 14 13  5  1  0  1  7  2  2  1 12  1  0 10  2  6  1  2  5  2  7  3  3
  2  3  3 10  3  7  2  4 11  8 13  9  6  9 14  0  7  0  0  0  0  0 13 10
  3 18  4 14  1  4  0 13  1  2  4  5  5 11  7 20 10  5 17 11  7  4  0  7
 11 11 10  2]
,[0.08333333 0.22222222 0.2        0.25806452 0.28571429 0.27272727
 0.06382979 0.58823529 0.23076923 0.8        0.1875     0.16666667
 0.         0.125      0.         0.11764706 0.15254237 0.39130435
 0.05714286 0.25       0.05       0.40909091 0.09090909 0.
 0.375      0.60869565 1.         0.55555556 0.25       0.
 0.33333333 0.36842105 0.04545455 0.18181818 0.2        0.75
 0.08333333 0.         0.52631579 0.4        0.33333333 0.09090909
 0.22222222 0.35714286 0.66666667 0.23333333 0.75       0.75
 0.33333333 0.14285714 0.27272727 0.33333333 0.16666667 0.35
 0.11764706 0.25       0.25581395 0.5        0.31707317 0.10344828
 0.26086957 0.9        0.93333333 0.         0.38888889 0.
 0.         0.         0.         0.         0.8125     0.43478261
 0.3        0.66666667 0.36363636 0.77777778 0.04545455 0.16
 0.         0.54166667 0.16666667 1.         0.13333333 0.45454545
 0.5        0.21568627 0.25925926 0.26315789 0.27777778 0.15625
 0.68       0.17741935 0.30434783 0.0754717  0.         0.58333333
 0.73333333 0.45833333 0.71428571 0.08      ]
,[0.05 0.3  0.15 0.4  0.1  0.3  0.15 0.5  0.15 0.6  0.15 0.05 0.   0.05
 0.   0.7  0.45 0.45 0.1  0.15 0.05 0.45 0.05 0.   0.15 0.7  0.65 0.25
 0.05 0.   0.05 0.35 0.1  0.1  0.05 0.6  0.05 0.   0.5  0.1  0.3  0.05
 0.1  0.25 0.1  0.35 0.15 0.15 0.1  0.15 0.15 0.5  0.15 0.35 0.1  0.2
 0.55 0.4  0.65 0.45 0.3  0.45 0.7  0.   0.35 0.   0.   0.   0.   0.
 0.65 0.5  0.15 0.9  0.2  0.7  0.05 0.2  0.   0.65 0.05 0.1  0.2  0.25
 0.25 0.55 0.35 1.   0.5  0.25 0.85 0.55 0.35 0.2  0.   0.35 0.55 0.55
 0.5  0.1 ]
,[0.0625     0.25531915 0.17142857 0.31372549 0.14814815 0.28571429
 0.08955224 0.54054054 0.18181818 0.68571429 0.16666667 0.07692308
 0.         0.07142857 0.         0.20143885 0.2278481  0.41860465
 0.07272727 0.1875     0.05       0.42857143 0.06451613 0.
 0.21428571 0.65116279 0.78787879 0.34482759 0.08333333 0.
 0.08695652 0.35897436 0.0625     0.12903226 0.08       0.66666667
 0.0625     0.         0.51282051 0.16       0.31578947 0.06451613
 0.13793103 0.29411765 0.17391304 0.28       0.25       0.25
 0.15384615 0.14634146 0.19354839 0.4        0.15789474 0.35
 0.10810811 0.22222222 0.34920635 0.44444444 0.42622951 0.1682243
 0.27906977 0.6        0.8        0.         0.36842105 0.
 0.         0.         0.         0.         0.72222222 0.46511628
 0.2        0.76595745 0.25806452 0.73684211 0.04761905 0.17777778
 0.         0.59090909 0.07692308 0.18181818 0.16       0.32258065
 0.33333333 0.30985915 0.29787234 0.41666667 0.35714286 0.19230769
 0.75555556 0.26829268 0.3255814  0.10958904 0.         0.4375
 0.62857143 0.5        0.58823529 0.08888889]
