mACC, mP, mR, mF1, ACC, P, R, F1
0.6295,0.6704635771076773,0.6294999999999998,0.6153368320439639
,[ 6 16 15 16  9  7 17 14 19 16 15 11 17 14 13  1 16 19 18 11 14 15 12  2
 15 19 19 15 12 12 18  6 13  0 12 15 12  0 14 12 14 13 13  7 12 17 12 12
 18 18 15 14 14 13  3 20  9 20 14 14 15 18 15  3 13  7  0  9  4 14 17 12
 10 15 11 17  8 17  5 19 17 19 16 10  5  6 18 16 15 14 20  0  2  7 10 20
 17 16 13 10]
,[0.1875     0.94117647 0.65217391 0.4        0.9        0.875
 0.51515152 0.93333333 0.48717949 0.94117647 0.48387097 0.61111111
 0.73913043 0.7        0.52       0.5        0.8        0.44186047
 0.24324324 0.61111111 0.66666667 0.68181818 0.75       0.5
 0.88235294 0.63333333 0.9047619  1.         1.         0.75
 0.69230769 0.85714286 0.65       0.         0.42857143 0.88235294
 0.66666667 0.         0.63636364 0.8        0.63636364 0.37142857
 0.8125     0.41176471 0.36363636 0.60714286 0.6        0.92307692
 0.75       0.72       0.625      0.77777778 0.93333333 0.8125
 0.6        0.38461538 0.81818182 0.76923077 0.66666667 0.4516129
 0.45454545 0.9        0.88235294 0.42857143 0.92857143 0.175
 0.         0.81818182 0.66666667 0.66666667 0.89473684 1.
 0.71428571 0.9375     0.6875     0.89473684 0.66666667 0.425
 0.83333333 0.76       0.51515152 1.         0.48484848 0.71428571
 0.35714286 1.         0.5625     0.69565217 0.625      0.77777778
 1.         0.         1.         0.30434783 0.90909091 0.95238095
 0.94444444 0.8        1.         0.76923077]
,[0.3  0.8  0.75 0.8  0.45 0.35 0.85 0.7  0.95 0.8  0.75 0.55 0.85 0.7
 0.65 0.05 0.8  0.95 0.9  0.55 0.7  0.75 0.6  0.1  0.75 0.95 0.95 0.75
 0.6  0.6  0.9  0.3  0.65 0.   0.6  0.75 0.6  0.   0.7  0.6  0.7  0.65
 0.65 0.35 0.6  0.85 0.6  0.6  0.9  0.9  0.75 0.7  0.7  0.65 0.15 1.
 0.45 1.   0.7  0.7  0.75 0.9  0.75 0.15 0.65 0.35 0.   0.45 0.2  0.7
 0.85 0.6  0.5  0.75 0.55 0.85 0.4  0.85 0.25 0.95 0.85 0.95 0.8  0.5
 0.25 0.3  0.9  0.8  0.75 0.7  1.   0.   0.1  0.35 0.5  1.   0.85 0.8
 0.65 0.5 ]
,[0.23076923 0.86486486 0.69767442 0.53333333 0.6        0.5
 0.64150943 0.8        0.6440678  0.86486486 0.58823529 0.57894737
 0.79069767 0.7        0.57777778 0.09090909 0.8        0.6031746
 0.38297872 0.57894737 0.68292683 0.71428571 0.66666667 0.16666667
 0.81081081 0.76       0.92682927 0.85714286 0.75       0.66666667
 0.7826087  0.44444444 0.65       0.         0.5        0.81081081
 0.63157895 0.         0.66666667 0.68571429 0.66666667 0.47272727
 0.72222222 0.37837838 0.45283019 0.70833333 0.6        0.72727273
 0.81818182 0.8        0.68181818 0.73684211 0.8        0.72222222
 0.24       0.55555556 0.58064516 0.86956522 0.68292683 0.54901961
 0.56603774 0.9        0.81081081 0.22222222 0.76470588 0.23333333
 0.         0.58064516 0.30769231 0.68292683 0.87179487 0.75
 0.58823529 0.83333333 0.61111111 0.87179487 0.5        0.56666667
 0.38461538 0.84444444 0.64150943 0.97435897 0.60377358 0.58823529
 0.29411765 0.46153846 0.69230769 0.74418605 0.68181818 0.73684211
 1.         0.         0.18181818 0.3255814  0.64516129 0.97560976
 0.89473684 0.8        0.78787879 0.60606061]
