mACC, mP, mR, mF1, ACC, P, R, F1
0.632,0.6467979320258226,0.632,0.6245229914677195
,[ 3 17 11 17 15  9 17 12 14 17 11 13 16 14  3  6 13 19 12  8  9 17  9 13
 10 17 20 13 16 11 19 10 12 15 10 17 15  3 15 15 18  6 14 10  9 18  5 12
 10 19 13 14 15 13 10 14 17 13  8 13  9 18 15  3 16  5  8 11 13 12 18 15
  9 16  9 18  5 14 16 13 15 16 14 11  5  5 16 16 11 15 19 14  9  7 11 15
 14 14 15 15]
,[0.3        0.65384615 0.78571429 0.56666667 0.83333333 0.42857143
 0.70833333 0.63157895 0.77777778 0.94444444 0.5        0.52
 0.76190476 0.875      0.3        0.5        0.86666667 0.5
 0.5        0.36363636 0.6        0.68       0.5625     0.54166667
 0.66666667 0.68       0.95238095 0.86666667 0.59259259 0.6875
 0.9047619  0.4        0.63157895 0.45454545 0.625      0.70833333
 0.48387097 0.2        0.625      0.625      0.72       0.35294118
 0.93333333 0.58823529 0.75       0.69230769 1.         0.85714286
 0.76923077 0.45238095 0.65       0.7        0.65217391 0.72222222
 0.55555556 0.41176471 0.65384615 0.56521739 0.66666667 0.56521739
 0.5625     0.72       0.9375     0.5        0.57142857 0.38461538
 0.44444444 0.39285714 0.52       0.70588235 0.85714286 0.625
 0.47368421 0.8        0.64285714 0.85714286 0.55555556 0.7
 0.3902439  0.68421053 0.78947368 0.76190476 0.875      0.57894737
 0.33333333 0.41666667 0.72727273 0.84210526 0.6875     0.88235294
 0.95       0.56       0.34615385 0.58333333 0.78571429 0.75
 0.60869565 0.875      0.9375     1.        ]
,[0.15 0.85 0.55 0.85 0.75 0.45 0.85 0.6  0.7  0.85 0.55 0.65 0.8  0.7
 0.15 0.3  0.65 0.95 0.6  0.4  0.45 0.85 0.45 0.65 0.5  0.85 1.   0.65
 0.8  0.55 0.95 0.5  0.6  0.75 0.5  0.85 0.75 0.15 0.75 0.75 0.9  0.3
 0.7  0.5  0.45 0.9  0.25 0.6  0.5  0.95 0.65 0.7  0.75 0.65 0.5  0.7
 0.85 0.65 0.4  0.65 0.45 0.9  0.75 0.15 0.8  0.25 0.4  0.55 0.65 0.6
 0.9  0.75 0.45 0.8  0.45 0.9  0.25 0.7  0.8  0.65 0.75 0.8  0.7  0.55
 0.25 0.25 0.8  0.8  0.55 0.75 0.95 0.7  0.45 0.35 0.55 0.75 0.7  0.7
 0.75 0.75]
,[0.2        0.73913043 0.64705882 0.68       0.78947368 0.43902439
 0.77272727 0.61538462 0.73684211 0.89473684 0.52380952 0.57777778
 0.7804878  0.77777778 0.2        0.375      0.74285714 0.65517241
 0.54545455 0.38095238 0.51428571 0.75555556 0.5        0.59090909
 0.57142857 0.75555556 0.97560976 0.74285714 0.68085106 0.61111111
 0.92682927 0.44444444 0.61538462 0.56603774 0.55555556 0.77272727
 0.58823529 0.17142857 0.68181818 0.68181818 0.8        0.32432432
 0.8        0.54054054 0.5625     0.7826087  0.4        0.70588235
 0.60606061 0.61290323 0.65       0.7        0.69767442 0.68421053
 0.52631579 0.51851852 0.73913043 0.60465116 0.5        0.60465116
 0.5        0.8        0.83333333 0.23076923 0.66666667 0.3030303
 0.42105263 0.45833333 0.57777778 0.64864865 0.87804878 0.68181818
 0.46153846 0.8        0.52941176 0.87804878 0.34482759 0.7
 0.52459016 0.66666667 0.76923077 0.7804878  0.77777778 0.56410256
 0.28571429 0.3125     0.76190476 0.82051282 0.61111111 0.81081081
 0.95       0.62222222 0.39130435 0.4375     0.64705882 0.75
 0.65116279 0.77777778 0.83333333 0.85714286]
