mACC, mP, mR, mF1, ACC, P, R, F1
0.6595,0.6877311377652319,0.6595,0.6499810690422088
,[ 5 16 15 16 14 12 19 14 12 17 12 17 16 11 11 10 14 10 19  4 16 12 15  5
  7 18 20 14 14 11 19 13 12 17  4 18 12  3 16 16 15  9 14 10 13 19 10 13
 16 13 16 17 18 16  8  2 15 16 17 14 15 16 17  5 11  5  2  7  6 10 16 13
 12 17 14 19  4 18 11 18 14 19 15  9 10  4 13 15 17 16 20 14  3 17 14 17
 19 16 19 15]
,[0.25       0.8        0.68181818 0.61538462 0.77777778 0.29268293
 0.51351351 0.93333333 0.66666667 0.85       0.70588235 0.48571429
 0.4        0.55       0.6875     0.38461538 0.63636364 0.47619048
 0.43181818 0.4        0.64       0.8        0.9375     0.625
 0.77777778 0.48648649 0.83333333 0.93333333 0.875      0.55
 0.79166667 0.61904762 0.70588235 0.60714286 0.8        0.85714286
 0.92307692 0.5        0.72727273 0.72727273 0.9375     0.75
 0.7        0.66666667 0.76470588 0.51351351 0.76923077 0.76470588
 0.76190476 0.61904762 0.66666667 0.5        0.54545455 0.64
 0.8        0.4        0.68181818 0.64       0.5862069  0.7
 0.48387097 0.88888889 0.73913043 0.625      0.64705882 0.33333333
 0.07142857 0.63636364 0.6        0.90909091 1.         0.65
 0.54545455 0.94444444 0.875      0.86363636 0.8        0.6
 0.55       0.85714286 0.82352941 1.         0.78947368 0.9
 0.66666667 0.44444444 0.86666667 0.65217391 0.60714286 1.
 1.         0.73684211 0.42857143 0.53125    0.93333333 0.94444444
 0.73076923 0.88888889 0.86363636 0.68181818]
,[0.25 0.8  0.75 0.8  0.7  0.6  0.95 0.7  0.6  0.85 0.6  0.85 0.8  0.55
 0.55 0.5  0.7  0.5  0.95 0.2  0.8  0.6  0.75 0.25 0.35 0.9  1.   0.7
 0.7  0.55 0.95 0.65 0.6  0.85 0.2  0.9  0.6  0.15 0.8  0.8  0.75 0.45
 0.7  0.5  0.65 0.95 0.5  0.65 0.8  0.65 0.8  0.85 0.9  0.8  0.4  0.1
 0.75 0.8  0.85 0.7  0.75 0.8  0.85 0.25 0.55 0.25 0.1  0.35 0.3  0.5
 0.8  0.65 0.6  0.85 0.7  0.95 0.2  0.9  0.55 0.9  0.7  0.95 0.75 0.45
 0.5  0.2  0.65 0.75 0.85 0.8  1.   0.7  0.15 0.85 0.7  0.85 0.95 0.8
 0.95 0.75]
,[0.25       0.8        0.71428571 0.69565217 0.73684211 0.39344262
 0.66666667 0.8        0.63157895 0.85       0.64864865 0.61818182
 0.53333333 0.55       0.61111111 0.43478261 0.66666667 0.48780488
 0.59375    0.26666667 0.71111111 0.68571429 0.83333333 0.35714286
 0.48275862 0.63157895 0.90909091 0.8        0.77777778 0.55
 0.86363636 0.63414634 0.64864865 0.70833333 0.32       0.87804878
 0.72727273 0.23076923 0.76190476 0.76190476 0.83333333 0.5625
 0.7        0.57142857 0.7027027  0.66666667 0.60606061 0.7027027
 0.7804878  0.63414634 0.72727273 0.62962963 0.67924528 0.71111111
 0.53333333 0.16       0.71428571 0.71111111 0.69387755 0.7
 0.58823529 0.84210526 0.79069767 0.35714286 0.59459459 0.28571429
 0.08333333 0.4516129  0.4        0.64516129 0.88888889 0.65
 0.57142857 0.89473684 0.77777778 0.9047619  0.32       0.72
 0.55       0.87804878 0.75675676 0.97435897 0.76923077 0.6
 0.57142857 0.27586207 0.74285714 0.69767442 0.70833333 0.88888889
 1.         0.71794872 0.22222222 0.65384615 0.8        0.89473684
 0.82608696 0.84210526 0.9047619  0.71428571]
