mACC, mP, mR, mF1, ACC, P, R, F1
0.624,0.6594913322407439,0.624,0.6155098483071874
,[ 2  9 12 14 14  9 14 10 16 17 14 13 11 18  7  7 14 17 14 11 15 17 13  1
 10 18 19 13 17 15 12  6 13 17  3 18  9  6 10 14 11 10 10 10 14 16  8 16
 11 15 16 14 13  9 12 14 14 17 11 13  9 18 15  2 16  2  8 13 12  9 19 14
  5 16  8 18  6 17 10 17  1 19 17 16  3 15 13 19 12 16 20  7 11  7 11 17
 18 18 14 17]
,[0.22222222 0.9        0.92307692 0.31111111 0.77777778 0.5625
 0.63636364 0.52631579 0.55172414 0.62962963 0.37837838 0.54166667
 0.91666667 0.5        0.5        0.41176471 0.60869565 0.51515152
 0.82352941 0.42307692 0.68181818 0.65384615 0.46428571 0.2
 0.90909091 0.75       0.9047619  0.92857143 0.68       0.75
 1.         0.75       0.59090909 0.60714286 0.42857143 0.9
 0.75       0.6        0.625      0.77777778 0.78571429 0.52631579
 0.55555556 0.66666667 0.36842105 0.55172414 0.61538462 0.66666667
 0.6875     0.78947368 0.72727273 0.60869565 0.68421053 1.
 0.34285714 0.58333333 0.56       0.73913043 0.64705882 0.72222222
 0.26470588 0.94736842 0.88235294 0.4        0.42105263 0.5
 0.21621622 0.59090909 0.85714286 1.         0.9047619  0.73684211
 0.35714286 1.         1.         0.85714286 0.3        0.77272727
 0.66666667 0.89473684 1.         0.95       0.65384615 0.37209302
 0.23076923 0.71428571 0.76470588 0.67857143 0.70588235 0.64
 1.         0.58333333 0.32352941 0.53846154 0.6875     0.73913043
 0.81818182 0.72       0.875      0.94444444]
,[0.1  0.45 0.6  0.7  0.7  0.45 0.7  0.5  0.8  0.85 0.7  0.65 0.55 0.9
 0.35 0.35 0.7  0.85 0.7  0.55 0.75 0.85 0.65 0.05 0.5  0.9  0.95 0.65
 0.85 0.75 0.6  0.3  0.65 0.85 0.15 0.9  0.45 0.3  0.5  0.7  0.55 0.5
 0.5  0.5  0.7  0.8  0.4  0.8  0.55 0.75 0.8  0.7  0.65 0.45 0.6  0.7
 0.7  0.85 0.55 0.65 0.45 0.9  0.75 0.1  0.8  0.1  0.4  0.65 0.6  0.45
 0.95 0.7  0.25 0.8  0.4  0.9  0.3  0.85 0.5  0.85 0.05 0.95 0.85 0.8
 0.15 0.75 0.65 0.95 0.6  0.8  1.   0.35 0.55 0.35 0.55 0.85 0.9  0.9
 0.7  0.85]
,[0.13793103 0.6        0.72727273 0.43076923 0.73684211 0.5
 0.66666667 0.51282051 0.65306122 0.72340426 0.49122807 0.59090909
 0.6875     0.64285714 0.41176471 0.37837838 0.65116279 0.64150943
 0.75675676 0.47826087 0.71428571 0.73913043 0.54166667 0.08
 0.64516129 0.81818182 0.92682927 0.76470588 0.75555556 0.75
 0.75       0.42857143 0.61904762 0.70833333 0.22222222 0.9
 0.5625     0.4        0.55555556 0.73684211 0.64705882 0.51282051
 0.52631579 0.57142857 0.48275862 0.65306122 0.48484848 0.72727273
 0.61111111 0.76923077 0.76190476 0.65116279 0.66666667 0.62068966
 0.43636364 0.63636364 0.62222222 0.79069767 0.59459459 0.68421053
 0.33333333 0.92307692 0.81081081 0.16       0.55172414 0.16666667
 0.28070175 0.61904762 0.70588235 0.62068966 0.92682927 0.71794872
 0.29411765 0.88888889 0.57142857 0.87804878 0.3        0.80952381
 0.57142857 0.87179487 0.0952381  0.95       0.73913043 0.50793651
 0.18181818 0.73170732 0.7027027  0.79166667 0.64864865 0.71111111
 1.         0.4375     0.40740741 0.42424242 0.61111111 0.79069767
 0.85714286 0.8        0.77777778 0.89473684]
