mACC, mP, mR, mF1, ACC, P, R, F1
0.603,0.6429088755721218,0.603,0.5924800332957552
,[ 4 15 13 11  7 11 12 15 12 17 14 14 16 17  3 10 16  2 16  8 15 10 15  2
  9 14 20 15 17  9 16 11 16 17  4 17  6  5  7 14 16 15 17 10 10 16 10 20
 17 17 18 18 12 14  5  2 11 19 11 11  5 13 17 15 10  1  7 12  0  3 18 14
  5 17 11 19  4  9  5 17 13 20 16 11  4 13 14 13 11 16 17  7  4 10 11 18
 14 18 18 15]
,[0.17391304 0.9375     0.8125     0.47826087 0.875      0.64705882
 0.52173913 0.53571429 0.8        0.73913043 0.58333333 0.56
 0.55172414 0.70833333 0.33333333 0.52631579 0.64       0.25
 0.64       0.42105263 0.75       0.45454545 0.65217391 1.
 0.64285714 1.         0.95238095 0.9375     0.89473684 0.6
 0.8        0.57894737 0.34782609 0.5862069  0.14814815 0.85
 0.54545455 0.71428571 0.53846154 0.77777778 0.43243243 0.42857143
 0.70833333 0.55555556 0.58823529 0.8        0.83333333 0.33333333
 0.73913043 0.80952381 0.9        0.39130435 0.8        0.77777778
 0.83333333 0.4        0.44       0.46341463 0.84615385 0.61111111
 0.3125     0.86666667 0.89473684 0.38461538 0.83333333 0.5
 0.11666667 0.52173913 0.         1.         0.94736842 0.77777778
 0.55555556 0.94444444 0.91666667 0.82608696 0.57142857 0.69230769
 0.71428571 0.60714286 0.86666667 0.95238095 0.76190476 0.5
 0.21052632 0.61904762 0.73684211 0.86666667 0.61111111 0.61538462
 0.94444444 0.4375     0.4        0.5        0.35483871 0.94736842
 0.82352941 0.66666667 0.58064516 0.71428571]
,[0.2  0.75 0.65 0.55 0.35 0.55 0.6  0.75 0.6  0.85 0.7  0.7  0.8  0.85
 0.15 0.5  0.8  0.1  0.8  0.4  0.75 0.5  0.75 0.1  0.45 0.7  1.   0.75
 0.85 0.45 0.8  0.55 0.8  0.85 0.2  0.85 0.3  0.25 0.35 0.7  0.8  0.75
 0.85 0.5  0.5  0.8  0.5  1.   0.85 0.85 0.9  0.9  0.6  0.7  0.25 0.1
 0.55 0.95 0.55 0.55 0.25 0.65 0.85 0.75 0.5  0.05 0.35 0.6  0.   0.15
 0.9  0.7  0.25 0.85 0.55 0.95 0.2  0.45 0.25 0.85 0.65 1.   0.8  0.55
 0.2  0.65 0.7  0.65 0.55 0.8  0.85 0.35 0.2  0.5  0.55 0.9  0.7  0.9
 0.9  0.75]
,[0.18604651 0.83333333 0.72222222 0.51162791 0.5        0.59459459
 0.55813953 0.625      0.68571429 0.79069767 0.63636364 0.62222222
 0.65306122 0.77272727 0.20689655 0.51282051 0.71111111 0.14285714
 0.71111111 0.41025641 0.75       0.47619048 0.69767442 0.18181818
 0.52941176 0.82352941 0.97560976 0.83333333 0.87179487 0.51428571
 0.8        0.56410256 0.48484848 0.69387755 0.17021277 0.85
 0.38709677 0.37037037 0.42424242 0.73684211 0.56140351 0.54545455
 0.77272727 0.52631579 0.54054054 0.8        0.625      0.5
 0.79069767 0.82926829 0.9        0.54545455 0.68571429 0.73684211
 0.38461538 0.16       0.48888889 0.62295082 0.66666667 0.57894737
 0.27777778 0.74285714 0.87179487 0.50847458 0.625      0.09090909
 0.175      0.55813953 0.         0.26086957 0.92307692 0.73684211
 0.34482759 0.89473684 0.6875     0.88372093 0.2962963  0.54545455
 0.37037037 0.70833333 0.74285714 0.97560976 0.7804878  0.52380952
 0.20512821 0.63414634 0.71794872 0.74285714 0.57894737 0.69565217
 0.89473684 0.38888889 0.26666667 0.5        0.43137255 0.92307692
 0.75675676 0.76595745 0.70588235 0.73170732]
