mACC, mP, mR, mF1, ACC, P, R, F1
0.491,0.5304763899764938,0.491,0.47742635252160553
,[ 2 15 13 16  1  1  2  6  7 19  6  0 15 13 11  1 17 13 15  3 18 10 13  3
 10  8 20 17  9  4 20  6  1  1 16 16  6  0 15  5 10  3 15  9  7 14  8 17
  3 15 14 17 18 12  6 12  0 11  8 10 13 18 18  3  4  5  2  2  6  1 16 14
  5 18 10 19  1 13  6 15 10 20 14  4  3  1 13 16 13 16 20  0  3 11 16 12
  8 17 13  0]
,[0.1        0.83333333 0.48148148 0.37209302 0.25       0.03846154
 0.15384615 0.66666667 0.36842105 0.95       0.75       0.
 0.53571429 0.5        0.44       0.01886792 0.51515152 0.46428571
 0.625      0.14285714 0.45       0.43478261 0.76470588 0.5
 0.90909091 0.38095238 0.95238095 1.         0.52941176 0.66666667
 0.33898305 0.85714286 0.06666667 0.09090909 0.23188406 0.94117647
 0.85714286 0.         0.40540541 0.41666667 0.90909091 0.15789474
 0.68181818 0.6        1.         0.66666667 0.88888889 0.30909091
 0.1        0.6        0.38888889 0.73913043 0.69230769 0.85714286
 0.31578947 0.38709677 0.         0.91666667 0.57142857 0.66666667
 0.54166667 1.         0.9        0.17647059 0.18181818 0.27777778
 0.14285714 0.28571429 0.3        0.33333333 0.94117647 0.77777778
 0.71428571 0.85714286 0.52631579 0.86363636 0.25       0.59090909
 0.5        0.78947368 0.76923077 0.45454545 0.56       1.
 0.5        0.125      0.76470588 0.8        0.36111111 0.8
 0.86956522 0.         0.1875     0.28947368 1.         1.
 1.         0.5483871  0.61904762 0.        ]
,[0.1  0.75 0.65 0.8  0.05 0.05 0.1  0.3  0.35 0.95 0.3  0.   0.75 0.65
 0.55 0.05 0.85 0.65 0.75 0.15 0.9  0.5  0.65 0.15 0.5  0.4  1.   0.85
 0.45 0.2  1.   0.3  0.05 0.05 0.8  0.8  0.3  0.   0.75 0.25 0.5  0.15
 0.75 0.45 0.35 0.7  0.4  0.85 0.15 0.75 0.7  0.85 0.9  0.6  0.3  0.6
 0.   0.55 0.4  0.5  0.65 0.9  0.9  0.15 0.2  0.25 0.1  0.1  0.3  0.05
 0.8  0.7  0.25 0.9  0.5  0.95 0.05 0.65 0.3  0.75 0.5  1.   0.7  0.2
 0.15 0.05 0.65 0.8  0.65 0.8  1.   0.   0.15 0.55 0.8  0.6  0.4  0.85
 0.65 0.  ]
,[0.1        0.78947368 0.55319149 0.50793651 0.08333333 0.04347826
 0.12121212 0.4137931  0.35897436 0.95       0.42857143 0.
 0.625      0.56521739 0.48888889 0.02739726 0.64150943 0.54166667
 0.68181818 0.14634146 0.6        0.46511628 0.7027027  0.23076923
 0.64516129 0.3902439  0.97560976 0.91891892 0.48648649 0.30769231
 0.50632911 0.44444444 0.05714286 0.06451613 0.35955056 0.86486486
 0.44444444 0.         0.52631579 0.3125     0.64516129 0.15384615
 0.71428571 0.51428571 0.51851852 0.68292683 0.55172414 0.45333333
 0.12       0.66666667 0.5        0.79069767 0.7826087  0.70588235
 0.30769231 0.47058824 0.         0.6875     0.47058824 0.57142857
 0.59090909 0.94736842 0.9        0.16216216 0.19047619 0.26315789
 0.11764706 0.14814815 0.3        0.08695652 0.86486486 0.73684211
 0.37037037 0.87804878 0.51282051 0.9047619  0.08333333 0.61904762
 0.375      0.76923077 0.60606061 0.625      0.62222222 0.33333333
 0.23076923 0.07142857 0.7027027  0.8        0.46428571 0.8
 0.93023256 0.         0.16666667 0.37931034 0.88888889 0.75
 0.57142857 0.66666667 0.63414634 0.        ]
