mACC, mP, mR, mF1, ACC, P, R, F1
0.654,0.6790542649229768,0.654,0.6460932199092168
,[ 3 17 13 18 15  8 19 16 10 17 14 16 13 14  6  6 14 18 15  9 13 14  9  6
 12 18 19 13 18 16 18 11  5 18 11 18  9  7 15 16 15  4 11 11 15 18 10 17
  9 17 17 16 18 13  9  8 17 18 11 10 13 16 17  3 10  8  7  8  6  9 18 14
  9 16 15 18 12 19 10 18 10 20 15 16  5  8 14 16  8 16 20  8  6 12 13 20
 17 13 18 16]
,[0.27272727 0.65384615 0.68421053 0.52941176 0.88235294 0.57142857
 0.59375    0.8        0.71428571 0.80952381 0.42424242 0.5
 0.92857143 0.66666667 0.75       0.35294118 0.7        0.45
 0.68181818 0.6        0.72222222 0.63636364 0.69230769 0.75
 0.85714286 0.48648649 0.95       0.86666667 0.6        0.61538462
 0.81818182 0.64705882 0.83333333 0.58064516 0.61111111 0.94736842
 0.5625     0.25925926 0.68181818 0.57142857 0.78947368 0.44444444
 0.84615385 0.57894737 0.51724138 0.46153846 0.83333333 0.73913043
 0.9        0.89473684 0.62962963 0.76190476 0.58064516 0.76470588
 0.81818182 0.36363636 0.53125    0.85714286 0.6875     0.58823529
 0.54166667 1.         0.85       0.5        0.66666667 0.47058824
 0.36842105 0.57142857 0.42857143 1.         0.72       0.77777778
 0.9        1.         0.75       0.94736842 0.4137931  0.54285714
 0.47619048 0.81818182 0.66666667 1.         0.9375     0.69565217
 0.625      0.61538462 0.63636364 0.76190476 0.66666667 0.66666667
 0.95238095 0.5        0.20689655 0.46153846 0.65       0.95238095
 0.85       0.92857143 0.81818182 0.72727273]
,[0.15 0.85 0.65 0.9  0.75 0.4  0.95 0.8  0.5  0.85 0.7  0.8  0.65 0.7
 0.3  0.3  0.7  0.9  0.75 0.45 0.65 0.7  0.45 0.3  0.6  0.9  0.95 0.65
 0.9  0.8  0.9  0.55 0.25 0.9  0.55 0.9  0.45 0.35 0.75 0.8  0.75 0.2
 0.55 0.55 0.75 0.9  0.5  0.85 0.45 0.85 0.85 0.8  0.9  0.65 0.45 0.4
 0.85 0.9  0.55 0.5  0.65 0.8  0.85 0.15 0.5  0.4  0.35 0.4  0.3  0.45
 0.9  0.7  0.45 0.8  0.75 0.9  0.6  0.95 0.5  0.9  0.5  1.   0.75 0.8
 0.25 0.4  0.7  0.8  0.4  0.8  1.   0.4  0.3  0.6  0.65 1.   0.85 0.65
 0.9  0.8 ]
,[0.19354839 0.73913043 0.66666667 0.66666667 0.81081081 0.47058824
 0.73076923 0.8        0.58823529 0.82926829 0.52830189 0.61538462
 0.76470588 0.68292683 0.42857143 0.32432432 0.7        0.6
 0.71428571 0.51428571 0.68421053 0.66666667 0.54545455 0.42857143
 0.70588235 0.63157895 0.95       0.74285714 0.72       0.69565217
 0.85714286 0.59459459 0.38461538 0.70588235 0.57894737 0.92307692
 0.5        0.29787234 0.71428571 0.66666667 0.76923077 0.27586207
 0.66666667 0.56410256 0.6122449  0.61016949 0.625      0.79069767
 0.6        0.87179487 0.72340426 0.7804878  0.70588235 0.7027027
 0.58064516 0.38095238 0.65384615 0.87804878 0.61111111 0.54054054
 0.59090909 0.88888889 0.85       0.23076923 0.57142857 0.43243243
 0.35897436 0.47058824 0.35294118 0.62068966 0.8        0.73684211
 0.6        0.88888889 0.75       0.92307692 0.48979592 0.69090909
 0.48780488 0.85714286 0.57142857 1.         0.83333333 0.74418605
 0.35714286 0.48484848 0.66666667 0.7804878  0.5        0.72727273
 0.97560976 0.44444444 0.24489796 0.52173913 0.65       0.97560976
 0.85       0.76470588 0.85714286 0.76190476]
