mACC, mP, mR, mF1, ACC, P, R, F1
0.4245,0.4437727724799273,0.42450000000000004,0.40003941873040527
,[ 6 14  2 12  3  0  1  5  0 16  2  0  5  6  3  0 11 15  8  8 14 11  7  2
 10 15 18 16 13  2  0 12  6  5  2 13  2  0 14 14  6 11  6  5  4 15  9  3
  7 14 10 17 17  9  9 13  6 11  8 11 13 13 16  1  5  9  1  0  1  0 13 11
  9 16 13 14  4  7  1 18  0 20 13  7  1  4  6 15 16 14 20 16  6  4  5 14
 12 17 10  0]
,[0.17142857 0.5        0.16666667 0.48       0.75       0.
 0.16666667 1.         0.         0.69565217 0.07142857 0.
 0.83333333 0.31578947 0.23076923 0.         0.84615385 0.48387097
 0.38095238 0.38095238 0.42424242 0.47826087 0.5        0.4
 0.90909091 0.31914894 0.85714286 0.44444444 0.43333333 0.07142857
 0.         0.4137931  0.14634146 0.5        0.15384615 0.86666667
 0.4        0.         0.34146341 0.53846154 0.75       0.26190476
 0.75       0.5        0.36363636 0.48387097 0.9        0.6
 0.29166667 0.35897436 0.66666667 0.31481481 0.51515152 0.69230769
 0.33333333 0.2826087  0.24       0.64705882 0.30769231 0.47826087
 0.27083333 0.86666667 0.88888889 0.11111111 0.55555556 0.2195122
 0.1        0.         0.5        0.         0.61904762 0.84615385
 0.45       0.8        0.41935484 0.875      0.30769231 0.17073171
 0.05555556 0.58064516 0.         0.83333333 0.59090909 0.58333333
 0.25       0.21052632 0.75       0.75       0.42105263 0.53846154
 0.8        0.32653061 0.31578947 0.4        0.71428571 0.82352941
 0.70588235 0.5483871  0.76923077 0.        ]
,[0.3  0.7  0.1  0.6  0.15 0.   0.05 0.25 0.   0.8  0.1  0.   0.25 0.3
 0.15 0.   0.55 0.75 0.4  0.4  0.7  0.55 0.35 0.1  0.5  0.75 0.9  0.8
 0.65 0.1  0.   0.6  0.3  0.25 0.1  0.65 0.1  0.   0.7  0.7  0.3  0.55
 0.3  0.25 0.2  0.75 0.45 0.15 0.35 0.7  0.5  0.85 0.85 0.45 0.45 0.65
 0.3  0.55 0.4  0.55 0.65 0.65 0.8  0.05 0.25 0.45 0.05 0.   0.05 0.
 0.65 0.55 0.45 0.8  0.65 0.7  0.2  0.35 0.05 0.9  0.   1.   0.65 0.35
 0.05 0.2  0.3  0.75 0.8  0.7  1.   0.8  0.3  0.2  0.25 0.7  0.6  0.85
 0.5  0.  ]
,[0.21818182 0.58333333 0.125      0.53333333 0.25       0.
 0.07692308 0.4        0.         0.74418605 0.08333333 0.
 0.38461538 0.30769231 0.18181818 0.         0.66666667 0.58823529
 0.3902439  0.3902439  0.52830189 0.51162791 0.41176471 0.16
 0.64516129 0.44776119 0.87804878 0.57142857 0.52       0.08333333
 0.         0.48979592 0.19672131 0.33333333 0.12121212 0.74285714
 0.16       0.         0.45901639 0.60869565 0.42857143 0.35483871
 0.42857143 0.33333333 0.25806452 0.58823529 0.6        0.24
 0.31818182 0.47457627 0.57142857 0.45945946 0.64150943 0.54545455
 0.38297872 0.39393939 0.26666667 0.59459459 0.34782609 0.51162791
 0.38235294 0.74285714 0.84210526 0.06896552 0.34482759 0.29508197
 0.06666667 0.         0.09090909 0.         0.63414634 0.66666667
 0.45       0.8        0.50980392 0.77777778 0.24242424 0.2295082
 0.05263158 0.70588235 0.         0.90909091 0.61904762 0.4375
 0.08333333 0.20512821 0.42857143 0.75       0.55172414 0.60869565
 0.88888889 0.46376812 0.30769231 0.26666667 0.37037037 0.75675676
 0.64864865 0.66666667 0.60606061 0.        ]
