mACC, mP, mR, mF1, ACC, P, R, F1
0.5428299492385786,0.4640068307548235,0.4328105383353855,0.42523936859771727
,[ 53   0  15  66  75  30  66  49  29   0  85   0  18   4  12  13  12   0
  16  28   1  12   6   2   0  17  17   0  18  25  37  27   0   0  88   1
  11 114   0  49   0 105   0  34   1  24  16   0  18   0  16  67  28   8
  67   0   5  23  13  88  48  21  15   0   0  80  38]
,[0.45689655 0.         0.46875    0.42857143 0.45180723 0.83333333
 0.40993789 0.58333333 0.93548387 0.         0.76576577 0.
 0.64285714 0.44444444 0.92307692 0.76470588 0.8        0.
 0.53333333 0.84848485 0.08333333 0.46153846 0.85714286 0.28571429
 0.         1.         0.65384615 0.         0.85714286 0.58139535
 0.60655738 0.65853659 0.         0.         0.66165414 0.2
 0.84615385 0.64044944 0.         0.90740741 0.         0.35958904
 0.         0.30088496 0.14285714 0.66666667 0.51612903 0.
 0.85714286 0.         0.3902439  0.79761905 0.96551724 0.88888889
 0.3964497  0.         0.55555556 0.85185185 0.27659574 0.48888889
 0.41025641 0.6        0.6        0.         0.         0.64
 0.79166667]
,[0.43442623 0.         0.41666667 0.81481481 0.61983471 0.75
 0.4962406  0.64473684 0.6744186  0.         0.82524272 0.
 0.5        0.17391304 0.5        0.48148148 0.54545455 0.
 0.76190476 0.4        0.01923077 0.44444444 0.10909091 0.0952381
 0.         0.80952381 0.65384615 0.         0.85714286 0.58139535
 0.78723404 0.5625     0.         0.         0.95652174 0.03125
 0.42307692 0.7755102  0.         0.875      0.         0.73943662
 0.         0.68       0.02777778 0.5106383  0.45714286 0.
 0.62068966 0.         0.59259259 0.87012987 0.8        0.38095238
 0.65048544 0.         0.20833333 0.74193548 0.59090909 0.81481481
 0.68571429 0.67741935 0.44117647 0.         0.         0.78431373
 0.7037037 ]
,[0.44537815 0.         0.44117647 0.56170213 0.52264808 0.78947368
 0.44897959 0.6125     0.78378378 0.         0.79439252 0.
 0.5625     0.25       0.64864865 0.59090909 0.64864865 0.
 0.62745098 0.54368932 0.03125    0.45283019 0.19354839 0.14285714
 0.         0.89473684 0.65384615 0.         0.85714286 0.58139535
 0.68518519 0.60674157 0.         0.         0.78222222 0.05405405
 0.56410256 0.70153846 0.         0.89090909 0.         0.48387097
 0.         0.41717791 0.04651163 0.57831325 0.48484848 0.
 0.72       0.         0.47058824 0.83229814 0.875      0.53333333
 0.49264706 0.         0.3030303  0.79310345 0.37681159 0.61111111
 0.51336898 0.63636364 0.50847458 0.         0.         0.70484581
 0.74509804]
