mACC, mP, mR, mF1, ACC, P, R, F1
0.5942258883248731,0.5740870866387956,0.4732136488362314,0.47898081763509537
,[ 81   0  17  62  82  26 108  51  38   6  93   0  27   2  10  21   0  17
   6  49   9   5  14   4   0  13  13   0  18  26  39  30   2  12  83   0
  17 126   1  46   0 108   2  16   3  35  17   0  19   0  17  73  30   7
  70   7   3  20  12  64  51   9  18   5   8  88  37]
,[0.48214286 0.         0.5        0.65263158 0.52229299 1.
 0.57754011 0.62962963 0.66666667 0.75       0.71538462 0.
 0.64285714 0.5        1.         0.6        0.         0.65384615
 0.75       0.6125     0.47368421 0.45454545 0.46666667 0.8
 0.         0.68421053 1.         0.         0.94736842 0.65
 0.67241379 0.66666667 1.         0.92307692 0.72173913 0.
 0.65384615 0.64948454 0.5        0.93877551 0.         0.37630662
 0.66666667 0.59259259 1.         0.58333333 0.56666667 0.
 0.86363636 0.         0.5862069  0.71568627 0.85714286 0.875
 0.43209877 0.7        0.75       0.71428571 0.6        0.47407407
 0.44347826 0.31034483 0.6        0.27777778 0.5        0.73333333
 0.78723404]
,[0.66393443 0.         0.47222222 0.7654321  0.67768595 0.65
 0.81203008 0.67105263 0.88372093 0.26086957 0.90291262 0.
 0.75       0.08695652 0.41666667 0.77777778 0.         0.73913043
 0.28571429 0.7        0.17307692 0.18518519 0.25454545 0.19047619
 0.         0.61904762 0.5        0.         0.85714286 0.60465116
 0.82978723 0.625      0.0952381  0.57142857 0.90217391 0.
 0.65384615 0.85714286 0.04       0.82142857 0.         0.76056338
 0.0952381  0.32       0.08333333 0.74468085 0.48571429 0.
 0.65517241 0.         0.62962963 0.94805195 0.85714286 0.33333333
 0.67961165 0.31818182 0.125      0.64516129 0.54545455 0.59259259
 0.72857143 0.29032258 0.52941176 0.22727273 0.26666667 0.8627451
 0.68518519]
,[0.55862069 0.         0.48571429 0.70454545 0.58992806 0.78787879
 0.675      0.64968153 0.76       0.38709677 0.79828326 0.
 0.69230769 0.14814815 0.58823529 0.67741935 0.         0.69387755
 0.4137931  0.65333333 0.25352113 0.26315789 0.32941176 0.30769231
 0.         0.65       0.66666667 0.         0.9        0.62650602
 0.74285714 0.64516129 0.17391304 0.70588235 0.80193237 0.
 0.65384615 0.73900293 0.07407407 0.87619048 0.         0.5034965
 0.16666667 0.41558442 0.15384615 0.65420561 0.52307692 0.
 0.74509804 0.         0.60714286 0.81564246 0.85714286 0.48275862
 0.52830189 0.4375     0.21428571 0.6779661  0.57142857 0.52674897
 0.55135135 0.3        0.5625     0.25       0.34782609 0.79279279
 0.73267327]
