mACC, mP, mR, mF1, ACC, P, R, F1
0.5599619289340102,0.5392670689246478,0.4596078783908068,0.45034300230886115
,[ 75   0  22  53  72  32  95  37  33  10  91   0  27   0  14  21   3  17
   8  32  17  24  12   3   0  14  15   0  18  17  39  15   0   5  88   0
  11 102   4  45   0  95   1  36   2  29  22   1  20   0   6  61  24   6
  75   5   7  30  11  58  57   7  23   0   0  78  40]
,[0.4601227  0.         0.51162791 0.62352941 0.51428571 0.76190476
 0.67375887 0.52112676 0.97058824 0.5        0.83486239 0.
 0.58695652 0.         0.875      0.7        0.6        0.80952381
 0.5        0.72727273 0.37777778 0.25531915 0.63157895 0.75
 0.         0.82352941 0.88235294 0.         0.94736842 0.43589744
 0.39393939 0.75       0.         1.         0.71544715 0.
 0.5        0.75555556 0.30769231 0.9375     0.         0.43981481
 0.5        0.23076923 0.66666667 0.44615385 0.55       1.
 0.76923077 0.         0.85714286 0.93846154 0.82758621 1.
 0.37688442 0.55555556 0.41176471 0.34482759 0.84615385 0.70731707
 0.40425532 0.77777778 0.53488372 0.         0.         0.609375
 0.70175439]
,[0.6147541  0.         0.61111111 0.65432099 0.59504132 0.8
 0.71428571 0.48684211 0.76744186 0.43478261 0.88349515 0.
 0.75       0.         0.58333333 0.77777778 0.13636364 0.73913043
 0.38095238 0.45714286 0.32692308 0.88888889 0.21818182 0.14285714
 0.         0.66666667 0.57692308 0.         0.85714286 0.39534884
 0.82978723 0.3125     0.         0.23809524 0.95652174 0.
 0.42307692 0.69387755 0.16       0.80357143 0.         0.66901408
 0.04761905 0.72       0.05555556 0.61702128 0.62857143 0.02941176
 0.68965517 0.         0.22222222 0.79220779 0.68571429 0.28571429
 0.72815534 0.22727273 0.29166667 0.96774194 0.5        0.53703704
 0.81428571 0.22580645 0.67647059 0.         0.         0.76470588
 0.74074074]
,[0.52631579 0.         0.55696203 0.63855422 0.55172414 0.7804878
 0.69343066 0.50340136 0.85714286 0.46511628 0.85849057 0.
 0.65853659 0.         0.7        0.73684211 0.22222222 0.77272727
 0.43243243 0.56140351 0.35051546 0.39669421 0.32432432 0.24
 0.         0.73684211 0.69767442 0.         0.9        0.41463415
 0.53424658 0.44117647 0.         0.38461538 0.81860465 0.
 0.45833333 0.72340426 0.21052632 0.86538462 0.         0.53072626
 0.08695652 0.34951456 0.1025641  0.51785714 0.58666667 0.05714286
 0.72727273 0.         0.35294118 0.85915493 0.75       0.44444444
 0.49668874 0.32258065 0.34146341 0.50847458 0.62857143 0.61052632
 0.54028436 0.35       0.5974026  0.         0.         0.67826087
 0.72072072]
