mACC, mP, mR, mF1, ACC, P, R, F1
0.6185,0.6216236123493868,0.6184999999999999,0.6027629056540226
,[ 7 14 15 14 13  4 14 16  9 16  6 12 18 16  7  6 15 18 12  5 15 16 15  5
 13 17 18 19 15 10 18  9 10 16  9 15 14  0 13 16 20  7 15 11 12 17  7 13
 11 14 15 14 18 14  9 13 12 17 13 13 11 14 15  0 10  3  1  9 11 14 14  9
  7 17 11 17  6 16  7 19 15 20 15 13  5  8 14 18  9 16 20  3  8  9 11 19
 16 17 11 14]
,[0.38888889 0.73684211 0.55555556 0.58333333 0.8125     0.5
 0.5        0.5        0.75       0.88888889 0.42857143 0.8
 0.72       0.66666667 0.63636364 0.4        0.65217391 0.52941176
 0.48       0.55555556 0.71428571 0.59259259 0.65217391 0.625
 0.8125     0.68       0.7826087  0.52777778 0.51724138 0.47619048
 0.94736842 0.39130435 0.71428571 0.72727273 0.6        0.88235294
 0.53846154 0.         0.59090909 0.59259259 0.51282051 0.31818182
 0.78947368 0.5        0.48       0.51515152 0.77777778 0.52
 0.57894737 0.73684211 0.83333333 0.77777778 0.66666667 0.58333333
 0.6        0.37142857 0.5        0.77272727 0.68421053 0.59090909
 0.5        0.93333333 0.55555556 0.         0.58823529 0.3
 0.25       0.39130435 0.55       0.63636364 0.875      0.75
 0.53846154 0.94444444 0.6875     0.89473684 0.4        0.44444444
 0.46666667 0.86363636 0.65217391 0.76923077 0.68181818 0.38235294
 0.71428571 0.44444444 0.82352941 0.7826087  0.45       0.8
 0.95238095 0.75       0.38095238 0.45       0.91666667 0.73076923
 0.8        0.77272727 0.84615385 0.93333333]
,[0.35 0.7  0.75 0.7  0.65 0.2  0.7  0.8  0.45 0.8  0.3  0.6  0.9  0.8
 0.35 0.3  0.75 0.9  0.6  0.25 0.75 0.8  0.75 0.25 0.65 0.85 0.9  0.95
 0.75 0.5  0.9  0.45 0.5  0.8  0.45 0.75 0.7  0.   0.65 0.8  1.   0.35
 0.75 0.55 0.6  0.85 0.35 0.65 0.55 0.7  0.75 0.7  0.9  0.7  0.45 0.65
 0.6  0.85 0.65 0.65 0.55 0.7  0.75 0.   0.5  0.15 0.05 0.45 0.55 0.7
 0.7  0.45 0.35 0.85 0.55 0.85 0.3  0.8  0.35 0.95 0.75 1.   0.75 0.65
 0.25 0.4  0.7  0.9  0.45 0.8  1.   0.15 0.4  0.45 0.55 0.95 0.8  0.85
 0.55 0.7 ]
,[0.36842105 0.71794872 0.63829787 0.63636364 0.72222222 0.28571429
 0.58333333 0.61538462 0.5625     0.84210526 0.35294118 0.68571429
 0.8        0.72727273 0.4516129  0.34285714 0.69767442 0.66666667
 0.53333333 0.34482759 0.73170732 0.68085106 0.69767442 0.35714286
 0.72222222 0.75555556 0.8372093  0.67857143 0.6122449  0.48780488
 0.92307692 0.41860465 0.58823529 0.76190476 0.51428571 0.81081081
 0.60869565 0.         0.61904762 0.68085106 0.6779661  0.33333333
 0.76923077 0.52380952 0.53333333 0.64150943 0.48275862 0.57777778
 0.56410256 0.71794872 0.78947368 0.73684211 0.76595745 0.63636364
 0.51428571 0.47272727 0.54545455 0.80952381 0.66666667 0.61904762
 0.52380952 0.8        0.63829787 0.         0.54054054 0.2
 0.08333333 0.41860465 0.55       0.66666667 0.77777778 0.5625
 0.42424242 0.89473684 0.61111111 0.87179487 0.34285714 0.57142857
 0.4        0.9047619  0.69767442 0.86956522 0.71428571 0.48148148
 0.37037037 0.42105263 0.75675676 0.8372093  0.45       0.8
 0.97560976 0.25       0.3902439  0.45       0.6875     0.82608696
 0.8        0.80952381 0.66666667 0.8       ]
