mACC, mP, mR, mF1, ACC, P, R, F1
0.533,0.5313366176795739,0.533,0.5012598641046604
,[ 5 15 14  6 10  0 11  6 10 17  5  9 16 11  0  0 14 17  9  5  6 15  8  1
 15 16 18 18 11  9 19 14  9 15  0 17  6  1  9 13 14  9 12 10 13 16  7 13
 14 15 14 14 16 11 11 14 13  1 15 12 14 15 15  0  9  2  3  2  3 12 14  7
  4 20  9 19  4 13  4 20 16 19 12 11  4 11 12 17  9  6 20  0  3 14 10 17
 16 14  7 15]
,[0.17857143 0.65217391 0.4516129  0.4        0.66666667 0.
 0.42307692 0.42857143 0.71428571 0.60714286 0.23809524 0.45
 0.64       0.6875     0.         0.         0.60869565 0.5
 0.31034483 0.71428571 0.6        0.41666667 0.8        0.5
 0.57692308 0.66666667 0.66666667 0.54545455 0.64705882 0.52941176
 0.63333333 0.31818182 0.6        0.55555556 0.         0.70833333
 0.75       1.         0.40909091 0.56521739 0.46666667 0.375
 0.92307692 0.43478261 0.30952381 0.69565217 0.63636364 0.38235294
 0.77777778 0.53571429 0.53846154 0.4516129  0.69565217 0.55
 0.37931034 0.4375     0.65       1.         0.45454545 0.5
 0.36842105 0.78947368 0.6        0.         0.5625     0.22222222
 0.21428571 0.33333333 0.25       0.27906977 1.         0.53846154
 0.26666667 0.74074074 0.39130435 0.79166667 0.66666667 0.52
 0.4        0.60606061 0.48484848 0.82608696 0.46153846 0.64705882
 0.33333333 0.61111111 0.8        0.77272727 0.47368421 0.66666667
 0.95238095 0.         0.17647059 0.7        0.76923077 0.85
 0.64       0.51851852 1.         0.55555556]
,[0.25 0.75 0.7  0.3  0.5  0.   0.55 0.3  0.5  0.85 0.25 0.45 0.8  0.55
 0.   0.   0.7  0.85 0.45 0.25 0.3  0.75 0.4  0.05 0.75 0.8  0.9  0.9
 0.55 0.45 0.95 0.7  0.45 0.75 0.   0.85 0.3  0.05 0.45 0.65 0.7  0.45
 0.6  0.5  0.65 0.8  0.35 0.65 0.7  0.75 0.7  0.7  0.8  0.55 0.55 0.7
 0.65 0.05 0.75 0.6  0.7  0.75 0.75 0.   0.45 0.1  0.15 0.1  0.15 0.6
 0.7  0.35 0.2  1.   0.45 0.95 0.2  0.65 0.2  1.   0.8  0.95 0.6  0.55
 0.2  0.55 0.6  0.85 0.45 0.3  1.   0.   0.15 0.7  0.5  0.85 0.8  0.7
 0.35 0.75]
,[0.20833333 0.69767442 0.54901961 0.34285714 0.57142857 0.
 0.47826087 0.35294118 0.58823529 0.70833333 0.24390244 0.45
 0.71111111 0.61111111 0.         0.         0.65116279 0.62962963
 0.36734694 0.37037037 0.4        0.53571429 0.53333333 0.09090909
 0.65217391 0.72727273 0.76595745 0.67924528 0.59459459 0.48648649
 0.76       0.4375     0.51428571 0.63829787 0.         0.77272727
 0.42857143 0.0952381  0.42857143 0.60465116 0.56       0.40909091
 0.72727273 0.46511628 0.41935484 0.74418605 0.4516129  0.48148148
 0.73684211 0.625      0.60869565 0.54901961 0.74418605 0.55
 0.44897959 0.53846154 0.65       0.0952381  0.56603774 0.54545455
 0.48275862 0.76923077 0.66666667 0.         0.5        0.13793103
 0.17647059 0.15384615 0.1875     0.38095238 0.82352941 0.42424242
 0.22857143 0.85106383 0.41860465 0.86363636 0.30769231 0.57777778
 0.26666667 0.75471698 0.60377358 0.88372093 0.52173913 0.59459459
 0.25       0.57894737 0.68571429 0.80952381 0.46153846 0.4137931
 0.97560976 0.         0.16216216 0.7        0.60606061 0.85
 0.71111111 0.59574468 0.51851852 0.63829787]
