mACC, mP, mR, mF1, ACC, P, R, F1
0.6275,0.6366063387304828,0.6275,0.6066187877465608
,[ 6 19 16 11 16  3 17 17 17 17  4 14 16  9  9  0 16 15 15 11 12 10 13  1
  9 18 20 14 17 14 17 10  9  3 15 16 15  0 14 12 17  9 17 10 10 15  9 14
 16 16 14 15 16 12  9 12 16 19 15 14 14 17 17  2 11  9  6  5  0  2 18 13
 10 18 13 19  6 18 10 20 18 20 17  8  8 16 15 15 13 11 20  9  0  6  7 19
 18 17 13 15]
,[0.25       0.79166667 0.69565217 0.64705882 0.8        0.6
 0.62962963 0.68       0.5483871  0.89473684 0.57142857 0.60869565
 0.69565217 0.64285714 0.52941176 0.         0.61538462 0.51724138
 0.6        0.5        0.6        0.76923077 0.59090909 1.
 1.         0.85714286 0.90909091 0.77777778 0.36170213 0.77777778
 0.70833333 0.625      0.52941176 0.75       0.38461538 0.72727273
 0.40540541 0.         0.56       0.85714286 0.60714286 0.33333333
 0.68       0.5        0.71428571 0.55555556 1.         0.63636364
 0.64       0.69565217 0.73684211 0.625      0.88888889 0.5
 0.45       0.44444444 0.61538462 0.76       0.83333333 0.77777778
 0.34146341 0.85       0.77272727 0.22222222 0.64705882 0.17307692
 0.3        0.45454545 0.         0.66666667 0.9        0.8125
 0.5        0.9        0.61904762 0.95       0.5        0.58064516
 0.37037037 0.55555556 0.72       0.95238095 0.65384615 0.66666667
 0.66666667 0.76190476 0.57692308 0.9375     0.68421053 0.91666667
 0.95238095 0.5625     0.         0.66666667 0.875      0.86363636
 0.9        0.62962963 0.72222222 0.83333333]
,[0.3  0.95 0.8  0.55 0.8  0.15 0.85 0.85 0.85 0.85 0.2  0.7  0.8  0.45
 0.45 0.   0.8  0.75 0.75 0.55 0.6  0.5  0.65 0.05 0.45 0.9  1.   0.7
 0.85 0.7  0.85 0.5  0.45 0.15 0.75 0.8  0.75 0.   0.7  0.6  0.85 0.45
 0.85 0.5  0.5  0.75 0.45 0.7  0.8  0.8  0.7  0.75 0.8  0.6  0.45 0.6
 0.8  0.95 0.75 0.7  0.7  0.85 0.85 0.1  0.55 0.45 0.3  0.25 0.   0.1
 0.9  0.65 0.5  0.9  0.65 0.95 0.3  0.9  0.5  1.   0.9  1.   0.85 0.4
 0.4  0.8  0.75 0.75 0.65 0.55 1.   0.45 0.   0.3  0.35 0.95 0.9  0.85
 0.65 0.75]
,[0.27272727 0.86363636 0.74418605 0.59459459 0.8        0.24
 0.72340426 0.75555556 0.66666667 0.87179487 0.2962963  0.65116279
 0.74418605 0.52941176 0.48648649 0.         0.69565217 0.6122449
 0.66666667 0.52380952 0.6        0.60606061 0.61904762 0.0952381
 0.62068966 0.87804878 0.95238095 0.73684211 0.50746269 0.73684211
 0.77272727 0.55555556 0.48648649 0.25       0.50847458 0.76190476
 0.52631579 0.         0.62222222 0.70588235 0.70833333 0.38297872
 0.75555556 0.5        0.58823529 0.63829787 0.62068966 0.66666667
 0.71111111 0.74418605 0.71794872 0.68181818 0.84210526 0.54545455
 0.45       0.5106383  0.69565217 0.84444444 0.78947368 0.73684211
 0.45901639 0.85       0.80952381 0.13793103 0.59459459 0.25
 0.3        0.32258065 0.         0.17391304 0.9        0.72222222
 0.5        0.9        0.63414634 0.95       0.375      0.70588235
 0.42553191 0.71428571 0.8        0.97560976 0.73913043 0.5
 0.5        0.7804878  0.65217391 0.83333333 0.66666667 0.6875
 0.97560976 0.5        0.         0.4137931  0.5        0.9047619
 0.9        0.72340426 0.68421053 0.78947368]
