mACC, mP, mR, mF1, ACC, P, R, F1
0.3805,0.4101127038786319,0.3804999999999999,0.37609486687796584
,[ 3  9  9  2  4  1  7  4  6 15  2  3 11  7  2  3  5 13  3  2  0  1  8  7
  4 10 18  9  8  4 14  6  6  9  5 14  8  3 14 12  8  3 11  6 11 12  5  9
 10 13 10 16  7 10  4  4 16  6  8 10  9  9  8  0  3  2  4  6  2  7 12  7
  4 19  7 13  3  8  1  9 13 15  5  6  6 13  3 14  9  3 19  5  2  6  7  8
 11 11 11 11]
,[0.17647059 0.64285714 0.5625     0.0952381  0.44444444 0.16666667
 0.41176471 0.23529412 0.54545455 0.65217391 0.10526316 0.3
 0.28947368 0.21875    0.18181818 0.11111111 0.16666667 0.46428571
 0.375      0.13333333 0.         0.2        0.42105263 0.21875
 0.22222222 0.66666667 0.69230769 0.64285714 0.47058824 0.44444444
 0.51851852 0.27272727 0.25       0.69230769 0.38461538 0.53846154
 0.30769231 0.07894737 0.4516129  0.5        0.8        0.09677419
 0.47826087 0.4        0.5        0.31578947 0.5        0.6
 0.52631579 0.36111111 0.52631579 0.64       0.41176471 0.43478261
 0.36363636 0.26666667 0.28070175 0.42857143 0.32       0.5
 0.225      1.         0.25       0.         0.6        0.33333333
 0.06557377 0.17142857 0.22222222 0.5        0.92307692 0.4375
 0.19047619 0.86363636 0.5        0.68421053 0.17647059 0.57142857
 0.05555556 0.5625     0.52       0.83333333 0.22727273 0.5
 0.25       0.38235294 0.33333333 0.73684211 0.39130435 0.5
 0.9047619  0.41666667 0.125      0.20689655 0.875      0.47058824
 0.32352941 0.57894737 0.36666667 0.73333333]
,[0.15 0.45 0.45 0.1  0.2  0.05 0.35 0.2  0.3  0.75 0.1  0.15 0.55 0.35
 0.1  0.15 0.25 0.65 0.15 0.1  0.   0.05 0.4  0.35 0.2  0.5  0.9  0.45
 0.4  0.2  0.7  0.3  0.3  0.45 0.25 0.7  0.4  0.15 0.7  0.6  0.4  0.15
 0.55 0.3  0.55 0.6  0.25 0.45 0.5  0.65 0.5  0.8  0.35 0.5  0.2  0.2
 0.8  0.3  0.4  0.5  0.45 0.45 0.4  0.   0.15 0.1  0.2  0.3  0.1  0.35
 0.6  0.35 0.2  0.95 0.35 0.65 0.15 0.4  0.05 0.45 0.65 0.75 0.25 0.3
 0.3  0.65 0.15 0.7  0.45 0.15 0.95 0.25 0.1  0.3  0.35 0.4  0.55 0.55
 0.55 0.55]
,[0.16216216 0.52941176 0.5        0.09756098 0.27586207 0.07692308
 0.37837838 0.21621622 0.38709677 0.69767442 0.1025641  0.2
 0.37931034 0.26923077 0.12903226 0.12765957 0.2        0.54166667
 0.21428571 0.11428571 0.         0.08       0.41025641 0.26923077
 0.21052632 0.57142857 0.7826087  0.52941176 0.43243243 0.27586207
 0.59574468 0.28571429 0.27272727 0.54545455 0.3030303  0.60869565
 0.34782609 0.10344828 0.54901961 0.54545455 0.53333333 0.11764706
 0.51162791 0.34285714 0.52380952 0.4137931  0.33333333 0.51428571
 0.51282051 0.46428571 0.51282051 0.71111111 0.37837838 0.46511628
 0.25806452 0.22857143 0.41558442 0.35294118 0.35555556 0.5
 0.3        0.62068966 0.30769231 0.         0.24       0.15384615
 0.09876543 0.21818182 0.13793103 0.41176471 0.72727273 0.38888889
 0.19512195 0.9047619  0.41176471 0.66666667 0.16216216 0.47058824
 0.05263158 0.5        0.57777778 0.78947368 0.23809524 0.375
 0.27272727 0.48148148 0.20689655 0.71794872 0.41860465 0.23076923
 0.92682927 0.3125     0.11111111 0.24489796 0.5        0.43243243
 0.40740741 0.56410256 0.44       0.62857143]
