mACC, mP, mR, mF1, ACC, P, R, F1
0.6555,0.6719524731237675,0.6555000000000001,0.6456770941244225
,[12 19 14 12 16  5 17 16 14 17 11 15 15 13  8  0 17 14 13  9 13 16 12  3
 11 18 20 15 13 13 17  7 16 12 15 15 15  6 10 15 17 11 17  9 12 18 12 12
 15 13 13 18 16 15 10 14 14 20 15 11 12 17 17  8 10 13  0  8 11  8 17 14
  7 17 16 18  4 20  3 20 18 19 13 13  7 13 15 14 15 17 20 11  0  9  7 16
 19 15 15 14]
,[0.20689655 0.76       0.93333333 0.75       0.84210526 0.5
 0.65384615 0.57142857 0.66666667 0.85       0.42307692 0.51724138
 0.625      0.65       0.57142857 0.         0.77272727 0.73684211
 0.61904762 0.5625     0.43333333 0.64       0.85714286 0.3
 0.73333333 0.72       0.90909091 0.71428571 0.40625    0.76470588
 0.89473684 1.         0.66666667 0.92307692 0.5        0.83333333
 0.51724138 0.66666667 0.52631579 0.68181818 0.80952381 0.42307692
 0.62962963 0.6        0.8        0.58064516 0.85714286 0.75
 0.9375     0.76470588 0.86666667 0.5625     0.88888889 0.65217391
 0.76923077 0.42424242 0.56       0.76923077 0.83333333 0.6875
 0.35294118 0.80952381 0.94444444 0.57142857 0.83333333 0.27083333
 0.         0.57142857 0.61111111 0.66666667 0.94444444 0.77777778
 0.7        0.94444444 0.51612903 0.94736842 0.57142857 0.42553191
 0.42857143 0.83333333 0.66666667 0.95       0.72222222 0.52
 0.875      0.86666667 0.75       0.7        0.625      0.89473684
 0.95238095 0.64705882 0.         0.52941176 0.53846154 0.94117647
 0.82608696 0.83333333 0.83333333 0.73684211]
,[0.6  0.95 0.7  0.6  0.8  0.25 0.85 0.8  0.7  0.85 0.55 0.75 0.75 0.65
 0.4  0.   0.85 0.7  0.65 0.45 0.65 0.8  0.6  0.15 0.55 0.9  1.   0.75
 0.65 0.65 0.85 0.35 0.8  0.6  0.75 0.75 0.75 0.3  0.5  0.75 0.85 0.55
 0.85 0.45 0.6  0.9  0.6  0.6  0.75 0.65 0.65 0.9  0.8  0.75 0.5  0.7
 0.7  1.   0.75 0.55 0.6  0.85 0.85 0.4  0.5  0.65 0.   0.4  0.55 0.4
 0.85 0.7  0.35 0.85 0.8  0.9  0.2  1.   0.15 1.   0.9  0.95 0.65 0.65
 0.35 0.65 0.75 0.7  0.75 0.85 1.   0.55 0.   0.45 0.35 0.8  0.95 0.75
 0.75 0.7 ]
,[0.30769231 0.84444444 0.8        0.66666667 0.82051282 0.33333333
 0.73913043 0.66666667 0.68292683 0.85       0.47826087 0.6122449
 0.68181818 0.65       0.47058824 0.         0.80952381 0.71794872
 0.63414634 0.5        0.52       0.71111111 0.70588235 0.2
 0.62857143 0.8        0.95238095 0.73170732 0.5        0.7027027
 0.87179487 0.51851852 0.72727273 0.72727273 0.6        0.78947368
 0.6122449  0.4137931  0.51282051 0.71428571 0.82926829 0.47826087
 0.72340426 0.51428571 0.68571429 0.70588235 0.70588235 0.66666667
 0.83333333 0.7027027  0.74285714 0.69230769 0.84210526 0.69767442
 0.60606061 0.52830189 0.62222222 0.86956522 0.78947368 0.61111111
 0.44444444 0.82926829 0.89473684 0.47058824 0.625      0.38235294
 0.         0.47058824 0.57894737 0.5        0.89473684 0.73684211
 0.46666667 0.89473684 0.62745098 0.92307692 0.2962963  0.59701493
 0.22222222 0.90909091 0.76595745 0.95       0.68421053 0.57777778
 0.5        0.74285714 0.75       0.7        0.68181818 0.87179487
 0.97560976 0.59459459 0.         0.48648649 0.42424242 0.86486486
 0.88372093 0.78947368 0.78947368 0.71794872]
