mACC, mP, mR, mF1, ACC, P, R, F1
0.08,0.1448826271979568,0.08,0.07619377624959109
,[ 0  0  1  0  4  0  0  2  0  4  0  1  1  0  0  0  0  2  0  2  0  0  0  1
  0  2  5  0  0  1  0  0  0  0  2  2  1  0  2  6  1  0  1  2  2  0  0  1
  0  1  0  2  3  1  0  2  0  3  2  5  3  0  2  1  0  0  1  1  0  0  3  0
  0  8  2 11  0  0  1  0  0  0  2  1  0  0  0  3  3  2  0  8  2  0  1  2
  6  9 14  9]
,[0.         0.         0.5        0.         0.04938272 0.
 0.         0.5        0.         0.8        0.         0.03030303
 0.08333333 0.         0.         0.         0.         0.66666667
 0.         0.15384615 0.         0.         0.         0.08333333
 0.         0.4        0.83333333 0.         0.         0.04347826
 0.         0.         0.         0.         0.01492537 0.22222222
 0.03125    0.         0.05128205 0.25       0.5        0.
 0.03333333 0.66666667 0.125      0.         0.         0.16666667
 0.         0.33333333 0.         0.08333333 0.33333333 1.
 0.         0.125      0.         0.21428571 0.05714286 0.25
 0.08333333 0.         1.         0.05       0.         0.
 0.01754386 0.06666667 0.         0.         0.16666667 0.
 0.         0.5        0.13333333 0.33333333 0.         0.
 0.02941176 0.         0.         0.         0.14285714 0.33333333
 0.         0.         0.         0.75       0.1875     0.14285714
 0.         0.15384615 0.10526316 0.         0.125      0.5
 0.75       0.225      0.07407407 0.01679104]
,[0.   0.   0.05 0.   0.2  0.   0.   0.1  0.   0.2  0.   0.05 0.05 0.
 0.   0.   0.   0.1  0.   0.1  0.   0.   0.   0.05 0.   0.1  0.25 0.
 0.   0.05 0.   0.   0.   0.   0.1  0.1  0.05 0.   0.1  0.3  0.05 0.
 0.05 0.1  0.1  0.   0.   0.05 0.   0.05 0.   0.1  0.15 0.05 0.   0.1
 0.   0.15 0.1  0.25 0.15 0.   0.1  0.05 0.   0.   0.05 0.05 0.   0.
 0.15 0.   0.   0.4  0.1  0.55 0.   0.   0.05 0.   0.   0.   0.1  0.05
 0.   0.   0.   0.15 0.15 0.1  0.   0.4  0.1  0.   0.05 0.1  0.3  0.45
 0.7  0.45]
,[0.         0.         0.09090909 0.         0.07920792 0.
 0.         0.16666667 0.         0.32       0.         0.03773585
 0.0625     0.         0.         0.         0.         0.17391304
 0.         0.12121212 0.         0.         0.         0.0625
 0.         0.16       0.38461538 0.         0.         0.04651163
 0.         0.         0.         0.         0.02597403 0.13793103
 0.03846154 0.         0.06779661 0.27272727 0.09090909 0.
 0.04       0.17391304 0.11111111 0.         0.         0.07692308
 0.         0.08695652 0.         0.09090909 0.20689655 0.0952381
 0.         0.11111111 0.         0.17647059 0.07272727 0.25
 0.10714286 0.         0.18181818 0.05       0.         0.
 0.02597403 0.05714286 0.         0.         0.15789474 0.
 0.         0.44444444 0.11428571 0.41509434 0.         0.
 0.03703704 0.         0.         0.         0.11764706 0.08695652
 0.         0.         0.         0.25       0.16666667 0.11764706
 0.         0.22222222 0.1025641  0.         0.07142857 0.16666667
 0.42857143 0.3        0.13397129 0.0323741 ]
