mACC, mP, mR, mF1, ACC, P, R, F1
0.46,0.4910499964530043,0.46,0.43890510897809115
,[ 2 17  1  4  4  1  0  9  1 13  0  0  0  1  6  0 17 13  3 10 12  0 15  6
 10 18 19 17 10  0  8 10  1  1 16 14  5  0  9  8 16 10 17  9 11  2 11 19
 18 14 16 17 15 13  9 11  1 17  9 13  4 15 16  0 10 10  1  8  7  0 19 14
  5 19 12 15  1 13  2 14 12 20 12  8  2  4 12 14 11 16 20  7  2  0 10 19
 10 15 11  1]
,[0.11111111 0.27868852 0.33333333 0.30769231 0.30769231 0.04347826
 0.         1.         1.         0.8125     0.         0.
 0.         0.2        0.5        0.         0.5862069  0.54166667
 0.5        0.3125     0.54545455 0.         0.44117647 0.14634146
 1.         0.41860465 0.95       0.80952381 0.27027027 0.
 0.23529412 0.32258065 0.14285714 0.06666667 0.17391304 0.875
 0.625      0.         0.5625     0.88888889 0.37209302 0.34482759
 0.62962963 0.5        0.6875     0.5        1.         0.475
 0.23376623 0.82352941 0.36363636 0.5483871  0.75       0.8125
 0.34615385 0.37931034 0.06666667 0.94444444 0.69230769 0.65
 0.14814815 1.         0.88888889 0.         0.625      0.20833333
 0.09090909 0.21621622 1.         0.         0.76       0.38888889
 0.71428571 0.95       0.75       0.68181818 0.16666667 0.56521739
 0.10526316 0.73684211 0.66666667 0.68965517 0.66666667 0.8
 1.         0.14285714 0.8        0.77777778 0.47826087 0.88888889
 0.95238095 0.63636364 0.22222222 0.         0.47619048 0.95
 0.90909091 0.78947368 0.78571429 0.04761905]
,[0.1  0.85 0.05 0.2  0.2  0.05 0.   0.45 0.05 0.65 0.   0.   0.   0.05
 0.3  0.   0.85 0.65 0.15 0.5  0.6  0.   0.75 0.3  0.5  0.9  0.95 0.85
 0.5  0.   0.4  0.5  0.05 0.05 0.8  0.7  0.25 0.   0.45 0.4  0.8  0.5
 0.85 0.45 0.55 0.1  0.55 0.95 0.9  0.7  0.8  0.85 0.75 0.65 0.45 0.55
 0.05 0.85 0.45 0.65 0.2  0.75 0.8  0.   0.5  0.5  0.05 0.4  0.35 0.
 0.95 0.7  0.25 0.95 0.6  0.75 0.05 0.65 0.1  0.7  0.6  1.   0.6  0.4
 0.1  0.2  0.6  0.7  0.55 0.8  1.   0.35 0.1  0.   0.5  0.95 0.5  0.75
 0.55 0.05]
,[0.10526316 0.41975309 0.08695652 0.24242424 0.24242424 0.04651163
 0.         0.62068966 0.0952381  0.72222222 0.         0.
 0.         0.08       0.375      0.         0.69387755 0.59090909
 0.23076923 0.38461538 0.57142857 0.         0.55555556 0.19672131
 0.66666667 0.57142857 0.95       0.82926829 0.35087719 0.
 0.2962963  0.39215686 0.07407407 0.05714286 0.28571429 0.77777778
 0.35714286 0.         0.5        0.55172414 0.50793651 0.40816327
 0.72340426 0.47368421 0.61111111 0.16666667 0.70967742 0.63333333
 0.37113402 0.75675676 0.5        0.66666667 0.75       0.72222222
 0.39130435 0.44897959 0.05714286 0.89473684 0.54545455 0.65
 0.17021277 0.85714286 0.84210526 0.         0.55555556 0.29411765
 0.06451613 0.28070175 0.51851852 0.         0.84444444 0.5
 0.37037037 0.95       0.66666667 0.71428571 0.07692308 0.60465116
 0.1025641  0.71794872 0.63157895 0.81632653 0.63157895 0.53333333
 0.18181818 0.16666667 0.68571429 0.73684211 0.51162791 0.84210526
 0.97560976 0.4516129  0.13793103 0.         0.48780488 0.95
 0.64516129 0.76923077 0.64705882 0.04878049]
