mACC, mP, mR, mF1, ACC, P, R, F1
0.544,0.5523921141292825,0.544,0.5376505021376217
,[ 4 12 11 11  8  6  7  8  8 17  9 11 18 11  7  6 14 12  9  4  9 11 13  8
  7 17 19 14 15  7 15  6  7 14  9 13 12  3 16 15 15  5 14  9 10 14  4 13
 11 15 11 13 13 12  7 12 11 15 12 10 11 13 12  2  7  3  5  5  5  9 16 12
  8 20 10 18  5 15  2 14 18 17 12 11  7 14  8 16 12  9 19 11  6  7 13 13
 13 14 14 13]
,[0.25       0.75       0.57894737 0.40740741 0.61538462 0.31578947
 0.5        0.33333333 0.66666667 0.85       0.29032258 0.45833333
 0.75       0.5        0.36842105 0.31578947 0.36842105 0.48
 0.69230769 0.33333333 0.45       0.55       0.54166667 0.36363636
 0.77777778 0.5862069  0.86363636 0.63636364 0.53571429 0.53846154
 0.65217391 0.4        0.53846154 0.56       0.45       0.65
 0.48       0.23076923 0.47058824 0.6        0.78947368 0.35714286
 0.66666667 0.5        0.66666667 0.5        0.4        0.68421053
 0.6875     0.65217391 0.73333333 0.76470588 0.65       0.57142857
 0.38888889 0.35294118 0.55       0.65217391 0.6        0.45454545
 0.40740741 0.86666667 0.57142857 0.15384615 0.7        0.1875
 0.23809524 0.27777778 0.33333333 0.64285714 0.88888889 0.6
 0.44444444 0.95238095 0.76923077 0.81818182 0.3125     0.44117647
 0.18181818 0.875      0.7826087  0.85       0.6        0.44
 0.4375     0.41176471 0.88888889 0.76190476 0.48       0.69230769
 0.82608696 0.61111111 0.20689655 0.46666667 0.68421053 0.56521739
 0.52       0.73684211 0.60869565 0.68421053]
,[0.2  0.6  0.55 0.55 0.4  0.3  0.35 0.4  0.4  0.85 0.45 0.55 0.9  0.55
 0.35 0.3  0.7  0.6  0.45 0.2  0.45 0.55 0.65 0.4  0.35 0.85 0.95 0.7
 0.75 0.35 0.75 0.3  0.35 0.7  0.45 0.65 0.6  0.15 0.8  0.75 0.75 0.25
 0.7  0.45 0.5  0.7  0.2  0.65 0.55 0.75 0.55 0.65 0.65 0.6  0.35 0.6
 0.55 0.75 0.6  0.5  0.55 0.65 0.6  0.1  0.35 0.15 0.25 0.25 0.25 0.45
 0.8  0.6  0.4  1.   0.5  0.9  0.25 0.75 0.1  0.7  0.9  0.85 0.6  0.55
 0.35 0.7  0.4  0.8  0.6  0.45 0.95 0.55 0.3  0.35 0.65 0.65 0.65 0.7
 0.7  0.65]
,[0.22222222 0.66666667 0.56410256 0.46808511 0.48484848 0.30769231
 0.41176471 0.36363636 0.5        0.85       0.35294118 0.5
 0.81818182 0.52380952 0.35897436 0.30769231 0.48275862 0.53333333
 0.54545455 0.25       0.45       0.55       0.59090909 0.38095238
 0.48275862 0.69387755 0.9047619  0.66666667 0.625      0.42424242
 0.69767442 0.34285714 0.42424242 0.62222222 0.45       0.65
 0.53333333 0.18181818 0.59259259 0.66666667 0.76923077 0.29411765
 0.68292683 0.47368421 0.57142857 0.58333333 0.26666667 0.66666667
 0.61111111 0.69767442 0.62857143 0.7027027  0.65       0.58536585
 0.36842105 0.44444444 0.55       0.69767442 0.6        0.47619048
 0.46808511 0.74285714 0.58536585 0.12121212 0.46666667 0.16666667
 0.24390244 0.26315789 0.28571429 0.52941176 0.84210526 0.6
 0.42105263 0.97560976 0.60606061 0.85714286 0.27777778 0.55555556
 0.12903226 0.77777778 0.8372093  0.85       0.6        0.48888889
 0.38888889 0.51851852 0.55172414 0.7804878  0.53333333 0.54545455
 0.88372093 0.57894737 0.24489796 0.4        0.66666667 0.60465116
 0.57777778 0.71794872 0.65116279 0.66666667]
