mACC, mP, mR, mF1, ACC, P, R, F1
0.6018401015228426,0.5898524540933284,0.4857856999412964,0.48325683721364593
,[ 81   0  24  64  86  29 113  67  33   4  87   0  28   0  11  21   8   9
   8  35   1  20  27   5   0  18  16   0  19  17  41  34   2  11  90   0
  14 114   2  49   0  99   2  23  10  28  13   0  23   1  11  71  28   9
  57   1   6  24  14  87  50   3  21   2   3  85  38]
,[0.46022727 0.         0.40677966 0.49612403 0.51190476 0.82857143
 0.60106383 0.45890411 0.97058824 0.44444444 0.94565217 0.
 0.66666667 0.         0.6875     0.77777778 1.         0.6
 0.88888889 0.60344828 0.25       0.5        0.62790698 0.5
 0.         0.66666667 0.94117647 0.         1.         0.73913043
 0.6119403  0.73913043 1.         0.84615385 0.69767442 0.
 0.4375     0.61956522 1.         0.90740741 0.         0.52380952
 0.4        0.46938776 0.90909091 0.4375     0.44827586 0.
 0.85185185 1.         0.45833333 0.89873418 0.96551724 0.75
 0.54285714 0.5        0.6        0.82758621 0.36842105 0.6350365
 0.30864198 1.         0.525      0.22222222 1.         0.71428571
 0.73076923]
,[0.66393443 0.         0.66666667 0.79012346 0.7107438  0.725
 0.84962406 0.88157895 0.76744186 0.17391304 0.84466019 0.
 0.77777778 0.         0.45833333 0.77777778 0.36363636 0.39130435
 0.38095238 0.5        0.01923077 0.74074074 0.49090909 0.23809524
 0.         0.85714286 0.61538462 0.         0.9047619  0.39534884
 0.87234043 0.70833333 0.0952381  0.52380952 0.97826087 0.
 0.53846154 0.7755102  0.08       0.875      0.         0.6971831
 0.0952381  0.46       0.27777778 0.59574468 0.37142857 0.
 0.79310345 0.04545455 0.40740741 0.92207792 0.8        0.42857143
 0.55339806 0.04545455 0.25       0.77419355 0.63636364 0.80555556
 0.71428571 0.09677419 0.61764706 0.09090909 0.1        0.83333333
 0.7037037 ]
,[0.54362416 0.         0.50526316 0.60952381 0.59515571 0.77333333
 0.70404984 0.6036036  0.85714286 0.25       0.89230769 0.
 0.71794872 0.         0.55       0.77777778 0.53333333 0.47368421
 0.53333333 0.546875   0.03571429 0.59701493 0.55102041 0.32258065
 0.         0.75       0.74418605 0.         0.95       0.51515152
 0.71929825 0.72340426 0.17391304 0.64705882 0.81447964 0.
 0.48275862 0.68882175 0.14814815 0.89090909 0.         0.59818731
 0.15384615 0.46464646 0.42553191 0.5045045  0.40625    0.
 0.82142857 0.08695652 0.43137255 0.91025641 0.875      0.54545455
 0.54807692 0.08333333 0.35294118 0.8        0.46666667 0.71020408
 0.43103448 0.17647059 0.56756757 0.12903226 0.18181818 0.76923077
 0.71698113]
