mACC, mP, mR, mF1, ACC, P, R, F1
0.4831852791878173,0.4822355338965689,0.36893167717208836,0.37332704570759806
,[ 48   0  25  61  62  24  24  63  27   2  86   0  28   0   9  19   4   0
   9  42   0   6  10   2   0   3  17   0  19  18  38  34   0   0  88   0
   0 103   1  40   0 109   0  18   2  14   7   0  20   0   2  68  31   8
  61   0   2  18  15  63  54   2  10   0   0  73  34]
,[0.22641509 0.         0.40322581 0.488      0.61386139 0.88888889
 0.55813953 0.51639344 1.         0.5        0.81132075 0.
 0.75675676 0.         0.69230769 0.79166667 0.8        0.
 0.64285714 0.53846154 0.         0.6        0.37037037 0.28571429
 0.         0.75       0.85       0.         0.95       0.81818182
 0.62295082 0.82926829 0.         0.         0.51461988 0.
 0.         0.68666667 1.         0.97560976 0.         0.31686047
 0.         0.54545455 0.14285714 0.60869565 0.28       0.
 0.90909091 0.         1.         0.90666667 0.96875    0.61538462
 0.44852941 0.         0.66666667 0.85714286 0.34883721 0.46323529
 0.10609037 1.         0.83333333 0.         0.         0.83908046
 0.97142857]
,[0.39344262 0.         0.69444444 0.75308642 0.51239669 0.6
 0.18045113 0.82894737 0.62790698 0.08695652 0.83495146 0.
 0.77777778 0.         0.375      0.7037037  0.18181818 0.
 0.42857143 0.6        0.         0.22222222 0.18181818 0.0952381
 0.         0.14285714 0.65384615 0.         0.9047619  0.41860465
 0.80851064 0.70833333 0.         0.         0.95652174 0.
 0.         0.70068027 0.04       0.71428571 0.         0.76760563
 0.         0.36       0.05555556 0.29787234 0.2        0.
 0.68965517 0.         0.07407407 0.88311688 0.88571429 0.38095238
 0.59223301 0.         0.08333333 0.58064516 0.68181818 0.58333333
 0.77142857 0.06451613 0.29411765 0.         0.         0.71568627
 0.62962963]
,[0.28742515 0.         0.51020408 0.59223301 0.55855856 0.71641791
 0.27272727 0.63636364 0.77142857 0.14814815 0.82296651 0.
 0.76712329 0.         0.48648649 0.74509804 0.2962963  0.
 0.51428571 0.56756757 0.         0.32432432 0.24390244 0.14285714
 0.         0.24       0.73913043 0.         0.92682927 0.55384615
 0.7037037  0.76404494 0.         0.         0.66920152 0.
 0.         0.69360269 0.07692308 0.82474227 0.         0.44855967
 0.         0.43373494 0.08       0.4        0.23333333 0.
 0.78431373 0.         0.13793103 0.89473684 0.92537313 0.47058824
 0.51046025 0.         0.14814815 0.69230769 0.46153846 0.51639344
 0.1865285  0.12121212 0.43478261 0.         0.         0.77248677
 0.76404494]
