mACC, mP, mR, mF1, ACC, P, R, F1
0.6123096446700508,0.6230942367953145,0.48506336781449955,0.4945846022407733
,[ 79   0  17  74  96  28  96  62  29   1  95   0  29   1  14  19   2  15
   6  53   5  13  22   5   0  19  15   3  16  21  45  36   1   7  87   1
  13 130   2  42   4 111   1  18   4  33  20   0  16   0  17  69  28   9
  56   1   8  23   7  88  41   8  19   4  10  91  45]
,[0.48466258 0.         0.47222222 0.41111111 0.49484536 0.90322581
 0.54237288 0.57407407 0.87878788 0.5        0.78512397 0.
 0.76315789 0.5        0.875      0.55882353 1.         0.6
 1.         0.73611111 0.35714286 0.68421053 0.61111111 1.
 0.         0.52777778 0.88235294 0.42857143 1.         0.65625
 0.76271186 0.76595745 1.         0.875      0.66923077 0.25
 0.54166667 0.60747664 1.         0.97674419 0.66666667 0.4141791
 0.33333333 0.72       1.         0.67346939 0.55555556 0.
 0.94117647 0.         0.56666667 0.88461538 0.90322581 0.69230769
 0.63636364 0.25       0.72727273 0.92       0.7        0.58278146
 0.5125     0.53333333 0.65517241 0.28571429 0.45454545 0.7
 0.76271186]
,[0.64754098 0.         0.47222222 0.91358025 0.79338843 0.7
 0.72180451 0.81578947 0.6744186  0.04347826 0.9223301  0.
 0.80555556 0.04347826 0.58333333 0.7037037  0.09090909 0.65217391
 0.28571429 0.75714286 0.09615385 0.48148148 0.4        0.23809524
 0.         0.9047619  0.57692308 0.14285714 0.76190476 0.48837209
 0.95744681 0.75       0.04761905 0.33333333 0.94565217 0.03125
 0.5        0.88435374 0.08       0.75       0.18181818 0.78169014
 0.04761905 0.36       0.11111111 0.70212766 0.57142857 0.
 0.55172414 0.         0.62962963 0.8961039  0.8        0.42857143
 0.54368932 0.04545455 0.33333333 0.74193548 0.31818182 0.81481481
 0.58571429 0.25806452 0.55882353 0.18181818 0.33333333 0.89215686
 0.83333333]
,[0.55438596 0.         0.47222222 0.56704981 0.60952381 0.78873239
 0.61935484 0.67391304 0.76315789 0.08       0.84821429 0.
 0.78378378 0.08       0.7        0.62295082 0.16666667 0.625
 0.44444444 0.74647887 0.15151515 0.56521739 0.48351648 0.38461538
 0.         0.66666667 0.69767442 0.21428571 0.86486486 0.56
 0.8490566  0.75789474 0.09090909 0.48275862 0.78378378 0.05555556
 0.52       0.72022161 0.14814815 0.84848485 0.28571429 0.54146341
 0.08333333 0.48       0.2        0.6875     0.56338028 0.
 0.69565217 0.         0.59649123 0.89032258 0.84848485 0.52941176
 0.58638743 0.07692308 0.45714286 0.82142857 0.4375     0.67953668
 0.54666667 0.34782609 0.6031746  0.22222222 0.38461538 0.78448276
 0.79646018]
