mACC, mP, mR, mF1, ACC, P, R, F1
0.720112285336856,0.7681996410718612,0.688051092937058,0.6984107376811846
,[ 17  15  21  16  26   7  14  37  10  14  51  42  15  13  25  16  11  12
  16  16  25  19  20  17   8  10  19  13  14   6   9  18  13  17  15  18
  21  10   7  19  16   6  20  18   7  22  12  10  20  10  19   3  16  17
   9  10  18  12   1   4   7  16  20  25  16  16  14  13   8   6  11  22
  13   5   7  14  17   6  10   3  13  11  14  16  10  12  15  12  16  42
  15  39  17  20  10  46  14  13  14  18  27   5  22  17  42   8  16   2
  23  16  13  11  20  22   5  19  15  16   9  17  14   9  22  16  10  31
  25  13  38  15  15  37  25  17   2   8  30  33   9  13  19  18  21   8
 159   7  27  25  14  16  20  19  14   7   8   8  21  22  12  14  18   8
   6  20   7  12   8  27  10  17  11  18   7  13  12  15  18  19  16   8
  17  22  18  15   3  15  16   9  18  17   6  18  24  15   4  14  12  18
  12  12  16  15   9  14  10  18  18  18   6  16   8  25  16  27  11  16
  18  10   2  16  18  13   8  15  17  10  23  16   4  19  15  68   6  19
  17  16  15  16  11  37  16  15   7  10   8  12  11  16   3  20 154  24
  84  16  14  20]
,[0.70833333 0.88235294 0.77777778 0.69565217 0.92857143 1.
 0.875      0.86046512 0.83333333 0.60869565 0.796875   0.82352941
 0.68181818 1.         0.78125    0.72727273 0.64705882 0.75
 0.94117647 0.55172414 0.625      0.76       0.90909091 0.89473684
 0.8        0.58823529 0.73076923 0.86666667 0.93333333 0.66666667
 0.81818182 1.         0.61904762 0.89473684 0.71428571 0.69230769
 0.55263158 0.76923077 0.77777778 0.86363636 0.72727273 0.66666667
 0.68965517 0.64285714 0.77777778 0.91666667 0.63157895 0.83333333
 0.90909091 1.         0.73076923 1.         0.88888889 0.89473684
 1.         0.71428571 0.85714286 0.66666667 1.         0.8
 0.63636364 0.84210526 0.55555556 0.96153846 0.76190476 0.76190476
 0.4516129  0.72222222 0.61538462 0.85714286 0.73333333 0.81481481
 0.92857143 0.71428571 0.4375     0.93333333 0.94444444 0.85714286
 0.43478261 0.75       0.72222222 0.52380952 0.77777778 0.88888889
 0.66666667 1.         0.88235294 0.92307692 0.66666667 0.75
 1.         0.84782609 0.77272727 1.         1.         0.36507937
 0.875      1.         0.77777778 0.64285714 0.61363636 1.
 0.84615385 0.47222222 0.47191011 0.88888889 1.         1.
 0.88461538 0.94117647 0.86666667 1.         1.         0.84615385
 0.71428571 0.95       0.71428571 0.72727273 0.9        0.89473684
 0.77777778 0.69230769 0.88       0.72727273 0.29411765 0.29245283
 0.58139535 0.65       1.         0.6        0.88235294 0.51388889
 0.64102564 0.73913043 1.         0.88888889 1.         0.62264151
 0.81818182 0.86666667 0.73076923 0.85714286 0.72413793 0.72727273
 0.88333333 0.5        0.64285714 0.49019608 0.58333333 0.55172414
 1.         0.95       0.875      0.875      0.8        0.66666667
 0.84       0.91666667 0.19354839 0.93333333 0.72       0.66666667
 0.66666667 0.86956522 0.58333333 0.44444444 0.8        0.77142857
 0.58823529 0.89473684 0.78571429 0.9        0.58333333 0.76470588
 0.92307692 0.6        0.62068966 0.9047619  0.69565217 0.44444444
 0.80952381 1.         0.72       0.78947368 0.42857143 1.
 0.72727273 0.64285714 0.81818182 0.53125    0.42857143 0.75
 0.85714286 0.83333333 0.66666667 0.875      0.57142857 0.75
 0.44444444 0.75       1.         0.9375     0.42857143 1.
 0.76923077 0.31034483 0.75       1.         0.33333333 0.66666667
 0.61538462 0.96153846 0.88888889 0.93103448 1.         0.84210526
 0.9        0.90909091 1.         0.84210526 0.94736842 0.86666667
 0.72727273 0.6        0.94444444 1.         0.82142857 0.72727273
 0.8        0.9047619  0.75       0.51908397 0.31578947 0.67857143
 0.85       0.84210526 0.68181818 0.94117647 0.91666667 0.82222222
 0.57142857 1.         0.875      0.83333333 0.88888889 0.85714286
 0.73333333 0.8        0.6        0.90909091 0.80208333 0.82758621
 0.65116279 0.45714286 0.41176471 0.64516129]
,[0.85       0.75       0.67741935 0.61538462 0.86666667 0.38888889
 0.63636364 0.78723404 0.47619048 0.73684211 0.91071429 0.95454545
 0.75       0.72222222 1.         0.84210526 0.52380952 0.57142857
 0.64       0.94117647 0.86206897 0.95       0.90909091 0.73913043
 0.34782609 0.45454545 0.95       0.59090909 0.66666667 0.28571429
 0.5        0.85714286 0.61904762 0.85       0.83333333 0.81818182
 0.875      0.45454545 0.41176471 0.76       0.88888889 0.33333333
 0.8        0.72       0.41176471 0.81481481 0.63157895 0.47619048
 0.90909091 0.5        0.82608696 0.17647059 0.94117647 0.70833333
 0.45       0.47619048 0.81818182 0.63157895 0.05882353 0.22222222
 0.33333333 0.94117647 0.8        0.92592593 0.76190476 0.94117647
 0.82352941 0.59090909 0.4        0.35294118 0.55       0.91666667
 0.65       0.2173913  0.41176471 0.82352941 0.89473684 0.33333333
 0.5        0.125      0.68421053 0.64705882 0.73684211 0.94117647
 0.43478261 0.75       0.78947368 0.6        0.72727273 0.97674419
 0.78947368 0.95121951 0.73913043 0.95238095 0.55555556 0.80701754
 0.77777778 0.65       0.875      0.94736842 0.96428571 0.27777778
 0.95652174 0.85       0.77777778 0.44444444 0.88888889 0.11764706
 0.71875    0.94117647 0.76470588 0.64705882 0.83333333 0.91666667
 0.27777778 0.86363636 0.6        0.72727273 0.5        0.65384615
 0.82352941 0.42857143 0.95652174 0.84210526 0.47619048 0.63265306
 0.96153846 0.61904762 1.         0.78947368 0.78947368 0.97368421
 0.89285714 0.70833333 0.10526316 0.42105263 0.9375     0.84615385
 0.5        0.72222222 0.79166667 0.81818182 0.80769231 0.47058824
 0.99375    0.41176471 0.65853659 0.71428571 0.66666667 0.69565217
 0.90909091 0.79166667 0.73684211 0.33333333 0.42105263 0.4
 1.         0.73333333 0.28571429 0.82352941 0.85714286 0.42105263
 0.33333333 0.95238095 0.38888889 0.63157895 0.44444444 0.96428571
 0.52631579 0.80952381 0.64705882 0.9        0.31818182 0.76470588
 0.70588235 0.68181818 0.9        0.95       1.         0.38095238
 0.85       0.91666667 0.9        0.88235294 0.14285714 0.88235294
 0.84210526 0.5        0.75       0.73913043 0.26086957 0.7826087
 0.68571429 0.65217391 0.22222222 0.66666667 0.6        0.81818182
 0.57142857 0.6        0.94117647 0.75       0.47368421 0.875
 0.55555556 0.9        0.7826087  0.81818182 0.28571429 0.69565217
 0.42105263 0.89285714 0.76190476 0.96428571 0.64705882 0.8
 0.85714286 0.58823529 0.11764706 0.84210526 0.85714286 0.68421053
 0.5        0.68181818 0.94444444 0.5        0.76666667 0.84210526
 0.21052632 1.         0.65217391 0.94444444 0.3        0.76
 0.73913043 0.8        0.83333333 0.8        0.64705882 0.90243902
 0.84210526 0.78947368 0.38888889 0.52631579 0.42105263 0.57142857
 0.57894737 0.94117647 0.15       1.         0.9625     1.
 0.96551724 0.84210526 0.66666667 0.90909091]
,[0.77272727 0.81081081 0.72413793 0.65306122 0.89655172 0.56
 0.73684211 0.82222222 0.60606061 0.66666667 0.85       0.88421053
 0.71428571 0.83870968 0.87719298 0.7804878  0.57894737 0.64864865
 0.76190476 0.69565217 0.72463768 0.84444444 0.90909091 0.80952381
 0.48484848 0.51282051 0.82608696 0.7027027  0.77777778 0.4
 0.62068966 0.92307692 0.61904762 0.87179487 0.76923077 0.75
 0.67741935 0.57142857 0.53846154 0.80851064 0.8        0.44444444
 0.74074074 0.67924528 0.53846154 0.8627451  0.63157895 0.60606061
 0.90909091 0.66666667 0.7755102  0.3        0.91428571 0.79069767
 0.62068966 0.57142857 0.8372093  0.64864865 0.11111111 0.34782609
 0.4375     0.88888889 0.6557377  0.94339623 0.76190476 0.84210526
 0.58333333 0.65       0.48484848 0.5        0.62857143 0.8627451
 0.76470588 0.33333333 0.42424242 0.875      0.91891892 0.48
 0.46511628 0.21428571 0.7027027  0.57894737 0.75675676 0.91428571
 0.52631579 0.85714286 0.83333333 0.72727273 0.69565217 0.84848485
 0.88235294 0.89655172 0.75555556 0.97560976 0.71428571 0.50273224
 0.82352941 0.78787879 0.82352941 0.76595745 0.75       0.43478261
 0.89795918 0.60714286 0.58741259 0.59259259 0.94117647 0.21052632
 0.79310345 0.94117647 0.8125     0.78571429 0.90909091 0.88
 0.4        0.9047619  0.65217391 0.72727273 0.64285714 0.75555556
 0.8        0.52941176 0.91666667 0.7804878  0.36363636 0.4
 0.72463768 0.63414634 1.         0.68181818 0.83333333 0.67272727
 0.74626866 0.72340426 0.19047619 0.57142857 0.96774194 0.7173913
 0.62068966 0.78787879 0.76       0.8372093  0.76363636 0.57142857
 0.93529412 0.4516129  0.65060241 0.58139535 0.62222222 0.61538462
 0.95238095 0.86363636 0.8        0.48275862 0.55172414 0.5
 0.91304348 0.81481481 0.23076923 0.875      0.7826087  0.51612903
 0.44444444 0.90909091 0.46666667 0.52173913 0.57142857 0.85714286
 0.55555556 0.85       0.70967742 0.9        0.41176471 0.76470588
 0.8        0.63829787 0.73469388 0.92682927 0.82051282 0.41025641
 0.82926829 0.95652174 0.8        0.83333333 0.21428571 0.9375
 0.7804878  0.5625     0.7826087  0.61818182 0.32432432 0.76595745
 0.76190476 0.73170732 0.33333333 0.75675676 0.58536585 0.7826087
 0.5        0.66666667 0.96969697 0.83333333 0.45       0.93333333
 0.64516129 0.46153846 0.76595745 0.9        0.30769231 0.68085106
 0.5        0.92592593 0.82051282 0.94736842 0.78571429 0.82051282
 0.87804878 0.71428571 0.21052632 0.84210526 0.9        0.76470588
 0.59259259 0.63829787 0.94444444 0.66666667 0.79310345 0.7804878
 0.33333333 0.95       0.69767442 0.66995074 0.30769231 0.71698113
 0.79069767 0.82051282 0.75       0.86486486 0.75862069 0.86046512
 0.68085106 0.88235294 0.53846154 0.64516129 0.57142857 0.68571429
 0.64705882 0.86486486 0.24       0.95238095 0.875      0.90566038
 0.77777778 0.59259259 0.50909091 0.75471698]
