mACC, mP, mR, mF1, ACC, P, R, F1
0.7064068692206077,0.7209051206480082,0.6762194138142588,0.6781252949885571
,[ 17   9  21  16  27   9  11  38  12  12  53  36  11  15  23  14  13  15
  16  10  24  19  19  16  13   9  18  10  16   8   9  19  14  19  14  15
  21  12   5  16  14   8  17  20  11  17  15   9  17  10  13   3  16  21
  11  13  15   9   2   3  13  13  17  24  20  16  11  16  10   6  10  23
  13  10   6  14  18  10  15  16   6  13   9  14   8  14  14  10  17  38
  18  39  18  20  13  42  13  17   8  19  19  12  20  14  44   7  15   3
  23  15  14  15  17  23   7  13  13  17   8  23  15  14  22  17   1  20
  24  16  37  16  14  33  26  19   8   7  32  26  11  14  12  18  22   2
 160   9  23  21  15  16  20  17  14  20  11   6  16  24   7  15  19   9
   4  19   8   9   9  27   8  16   8  19   6  14  14  16  11  18  12  12
  16  23  18  12   4  15  12   8  18  19  11  13  23  14   3  18   9  16
   7  10  16   9   2  16   9  14  17  19  14  16   7  21  14  24  14   9
  19  11   4  14  20  17  11  20  17   9  21  13   7  19  14  66   4  17
  18   8  16  16  12  37  17  17   9   7  15  13  11  13   9  20 158  24
  87  11   7  11]
,[0.89473684 0.9        0.72413793 0.55172414 0.71052632 0.9
 0.91666667 0.88372093 0.85714286 0.70588235 0.70666667 0.85714286
 0.78571429 0.9375     0.88461538 0.73684211 0.76470588 0.68181818
 0.55172414 1.         0.77419355 0.67857143 0.73076923 0.88888889
 0.59090909 0.64285714 0.66666667 0.52631579 0.84210526 0.2962963
 0.69230769 0.65517241 0.7        0.9047619  0.53846154 0.75
 0.58333333 0.85714286 0.71428571 0.94117647 0.77777778 0.5
 0.65384615 0.83333333 0.52380952 0.89473684 0.57692308 0.5625
 0.85       0.52631579 0.8125     0.42857143 0.94117647 0.67741935
 0.73333333 0.76470588 1.         0.75       1.         1.
 0.59090909 0.92857143 0.62962963 0.82758621 0.64516129 0.64
 0.73333333 0.76190476 0.76923077 0.35294118 0.83333333 0.79310345
 0.86666667 0.4        0.23076923 0.77777778 0.81818182 0.58823529
 0.5        0.53333333 0.75       0.68421053 0.75       0.93333333
 0.8        1.         1.         0.625      0.5862069  0.80851064
 0.81818182 0.68421053 0.52941176 0.95238095 0.76470588 0.75
 0.30232558 0.89473684 0.53333333 0.82608696 0.65517241 0.66666667
 0.95238095 0.63636364 0.42718447 1.         1.         0.1875
 0.92       1.         0.5        0.51724138 0.94444444 0.85185185
 0.7        0.8125     1.         0.89473684 0.38095238 0.76666667
 0.78947368 0.66666667 1.         0.85       0.09090909 0.35714286
 0.8        0.26229508 0.94871795 0.84210526 0.63636364 0.825
 0.7027027  0.76       0.27586207 0.7        0.8        0.76470588
 0.78571429 0.82352941 0.54545455 0.5625     0.73333333 0.5
 0.94117647 0.81818182 0.74193548 0.63636364 0.55555556 0.64
 1.         1.         1.         0.86956522 0.28947368 0.85714286
 0.84210526 0.92307692 0.30434783 0.88235294 0.51351351 0.64285714
 0.36363636 0.82608696 0.61538462 0.5        0.9        0.81818182
 0.72727273 0.94117647 0.8        0.9047619  0.42857143 0.93333333
 0.7        0.5        0.78571429 0.94736842 0.6        0.31578947
 0.76190476 0.95833333 0.5        0.92307692 0.23529412 0.9375
 0.85714286 0.47058824 0.9        0.475      0.47826087 0.86666667
 0.65714286 0.875      0.75       0.45       0.75       0.57142857
 0.35       0.83333333 1.         0.6        0.33333333 0.84210526
 0.40909091 0.56       0.89473684 1.         0.4375     0.48484848
 0.53846154 0.95454545 0.875      0.92307692 0.93333333 0.9
 0.7037037  0.91666667 0.4        0.82352941 0.90909091 0.60714286
 0.55       0.64516129 0.89473684 0.81818182 0.91304348 0.65
 0.875      1.         0.73684211 0.72527473 0.22222222 0.68
 0.81818182 0.53333333 0.76190476 0.88888889 0.75       0.82222222
 0.62962963 0.70833333 0.9        0.77777778 0.41666667 0.86666667
 0.52380952 0.76470588 0.25714286 0.95238095 0.91860465 0.96
 0.94565217 0.91666667 0.38888889 0.84615385]
,[0.85       0.45       0.67741935 0.61538462 0.9        0.5
 0.5        0.80851064 0.57142857 0.63157895 0.94642857 0.81818182
 0.55       0.83333333 0.92       0.73684211 0.61904762 0.71428571
 0.64       0.58823529 0.82758621 0.95       0.86363636 0.69565217
 0.56521739 0.40909091 0.9        0.45454545 0.76190476 0.38095238
 0.5        0.9047619  0.66666667 0.95       0.77777778 0.68181818
 0.875      0.54545455 0.29411765 0.64       0.77777778 0.44444444
 0.68       0.8        0.64705882 0.62962963 0.78947368 0.42857143
 0.77272727 0.5        0.56521739 0.17647059 0.94117647 0.875
 0.55       0.61904762 0.68181818 0.47368421 0.11764706 0.16666667
 0.61904762 0.76470588 0.68       0.88888889 0.95238095 0.94117647
 0.64705882 0.72727273 0.5        0.35294118 0.5        0.95833333
 0.65       0.43478261 0.35294118 0.82352941 0.94736842 0.55555556
 0.75       0.66666667 0.31578947 0.76470588 0.47368421 0.82352941
 0.34782609 0.875      0.73684211 0.5        0.77272727 0.88372093
 0.94736842 0.95121951 0.7826087  0.95238095 0.72222222 0.73684211
 0.72222222 0.85       0.5        1.         0.67857143 0.66666667
 0.86956522 0.7        0.81481481 0.38888889 0.83333333 0.17647059
 0.71875    0.88235294 0.82352941 0.88235294 0.70833333 0.95833333
 0.38888889 0.59090909 0.52       0.77272727 0.44444444 0.88461538
 0.88235294 0.66666667 0.95652174 0.89473684 0.04761905 0.40816327
 0.92307692 0.76190476 0.97368421 0.84210526 0.73684211 0.86842105
 0.92857143 0.79166667 0.42105263 0.36842105 1.         0.66666667
 0.61111111 0.77777778 0.5        0.81818182 0.84615385 0.11764706
 1.         0.52941176 0.56097561 0.6        0.71428571 0.69565217
 0.90909091 0.70833333 0.73684211 0.95238095 0.57894737 0.3
 0.76190476 0.8        0.16666667 0.88235294 0.9047619  0.47368421
 0.22222222 0.9047619  0.44444444 0.47368421 0.5        0.96428571
 0.42105263 0.76190476 0.47058824 0.95       0.27272727 0.82352941
 0.82352941 0.72727273 0.55       0.9        0.75       0.57142857
 0.8        0.95833333 0.9        0.70588235 0.19047619 0.88235294
 0.63157895 0.44444444 0.75       0.82608696 0.47826087 0.56521739
 0.65714286 0.60869565 0.16666667 0.85714286 0.45       0.72727273
 0.33333333 0.5        0.94117647 0.45       0.10526316 1.
 0.5        0.7        0.73913043 0.86363636 0.66666667 0.69565217
 0.36842105 0.75       0.66666667 0.85714286 0.82352941 0.45
 0.9047619  0.64705882 0.23529412 0.73684211 0.95238095 0.89473684
 0.6875     0.90909091 0.94444444 0.45       0.7        0.68421053
 0.36842105 1.         0.60869565 0.91666667 0.2        0.68
 0.7826087  0.4        0.88888889 0.8        0.70588235 0.90243902
 0.89473684 0.89473684 0.5        0.36842105 0.78947368 0.61904762
 0.57894737 0.76470588 0.45       1.         0.9875     1.
 1.         0.57894737 0.33333333 0.5       ]
,[0.87179487 0.6        0.7        0.58181818 0.79411765 0.64285714
 0.64705882 0.84444444 0.68571429 0.66666667 0.80916031 0.8372093
 0.64705882 0.88235294 0.90196078 0.73684211 0.68421053 0.69767442
 0.59259259 0.74074074 0.8        0.79166667 0.79166667 0.7804878
 0.57777778 0.5        0.76595745 0.48780488 0.8        0.33333333
 0.58064516 0.76       0.68292683 0.92682927 0.63636364 0.71428571
 0.7        0.66666667 0.41666667 0.76190476 0.77777778 0.47058824
 0.66666667 0.81632653 0.57894737 0.73913043 0.66666667 0.48648649
 0.80952381 0.51282051 0.66666667 0.25       0.94117647 0.76363636
 0.62857143 0.68421053 0.81081081 0.58064516 0.21052632 0.28571429
 0.60465116 0.83870968 0.65384615 0.85714286 0.76923077 0.76190476
 0.6875     0.74418605 0.60606061 0.35294118 0.625      0.86792453
 0.74285714 0.41666667 0.27906977 0.8        0.87804878 0.57142857
 0.6        0.59259259 0.44444444 0.72222222 0.58064516 0.875
 0.48484848 0.93333333 0.84848485 0.55555556 0.66666667 0.84444444
 0.87804878 0.79591837 0.63157895 0.95238095 0.74285714 0.74336283
 0.42622951 0.87179487 0.51612903 0.9047619  0.66666667 0.66666667
 0.90909091 0.66666667 0.56050955 0.56       0.90909091 0.18181818
 0.80701754 0.9375     0.62222222 0.65217391 0.80952381 0.90196078
 0.5        0.68421053 0.68421053 0.82926829 0.41025641 0.82142857
 0.83333333 0.66666667 0.97777778 0.87179487 0.0625     0.38095238
 0.85714286 0.3902439  0.96103896 0.84210526 0.68292683 0.84615385
 0.8        0.7755102  0.33333333 0.48275862 0.88888889 0.71232877
 0.6875     0.8        0.52173913 0.66666667 0.78571429 0.19047619
 0.96969697 0.64285714 0.63888889 0.61764706 0.625      0.66666667
 0.95238095 0.82926829 0.84848485 0.90909091 0.38596491 0.44444444
 0.8        0.85714286 0.21538462 0.88235294 0.65517241 0.54545455
 0.27586207 0.86363636 0.51612903 0.48648649 0.64285714 0.8852459
 0.53333333 0.84210526 0.59259259 0.92682927 0.33333333 0.875
 0.75675676 0.59259259 0.64705882 0.92307692 0.66666667 0.40677966
 0.7804878  0.95833333 0.64285714 0.8        0.21052632 0.90909091
 0.72727273 0.45714286 0.81818182 0.6031746  0.47826087 0.68421053
 0.65714286 0.71794872 0.27272727 0.59016393 0.5625     0.64
 0.34146341 0.625      0.96969697 0.51428571 0.16       0.91428571
 0.45       0.62222222 0.80952381 0.92682927 0.52830189 0.57142857
 0.4375     0.84       0.75675676 0.88888889 0.875      0.6
 0.79166667 0.75862069 0.2962963  0.77777778 0.93023256 0.72340426
 0.61111111 0.75471698 0.91891892 0.58064516 0.79245283 0.66666667
 0.51851852 1.         0.66666667 0.80981595 0.21052632 0.68
 0.8        0.45714286 0.82051282 0.84210526 0.72727273 0.86046512
 0.73913043 0.79069767 0.64285714 0.5        0.54545455 0.72222222
 0.55       0.76470588 0.32727273 0.97560976 0.95180723 0.97959184
 0.97206704 0.70967742 0.35897436 0.62857143]
