mACC, mP, mR, mF1, ACC, P, R, F1
0.48761558784676357,0.4595865424144441,0.4311881391431974,0.40397498912609753
,[ 17  11  20   0  22   1   2  42   4   6  52  34   4   7  10  13   0   4
   4  10  20  18   0   2   4   1   1  10  10   9   3  18   0  18  15   9
   8   8   1   5  17   2  10  20   0  17   2   2   0  12  11   0  17  11
   6   2  12   0   0   5   7  17  18  23   0   4   4   3   0   5   0  20
   8   5   1  11  17   8   0   4  13   7   2   7   5  11   0  12   2  36
  15  31  16  20   5  27  13  16   1  16  25   0   5  17  32   2  14   0
   5  15  12   0  17  21   2   1   2   2   2  21  14   1  22   5   0   5
  24   1  38  12   8  34  21  14   0   4  27  31   8   9  17   9  17   1
 158   8  22   2   4   3   9  12   8  15   4   0  20  22  18   1  16   4
  10  13   1   3   0  25   8   2   1  16   2  13  11   0   6  16  12   3
  15  23   0  12   0  13   5   2   8   8   1  10  17   6   2  14   6   5
   0   9  16  11   4  13   2  13  12  18   1  13   0  23  14  28  12  12
   0  11   0  11  13   4   5   6  16   7  18  10   4  19   9  68   0   1
   8   7   9  15   0  38  10   0   0   9   1   5   9   1   0  20 159  24
  79  11  14  20]
,[0.28333333 0.52380952 0.86956522 0.         0.51162791 0.5
 0.25       0.38181818 0.17391304 0.75       0.53061224 0.82926829
 0.57142857 0.63636364 0.625      0.86666667 0.         0.4
 0.44444444 0.76923077 0.55555556 0.54545455 0.         1.
 0.07272727 0.14285714 0.33333333 0.41666667 0.66666667 0.36
 0.42857143 0.46153846 0.         0.85714286 0.6        0.69230769
 0.5        0.88888889 0.025      0.55555556 0.47222222 0.25
 0.66666667 0.64516129 0.         0.94444444 0.07142857 0.25
 0.         0.33333333 0.61111111 0.         0.53125    0.78571429
 0.4        1.         0.375      0.         0.         0.2173913
 0.38888889 0.60714286 0.62068966 0.76666667 0.         0.33333333
 0.8        0.42857143 0.         0.27777778 0.         0.71428571
 0.47058824 0.3125     0.5        0.64705882 0.4047619  0.17391304
 0.         0.8        0.40625    1.         0.22222222 0.35
 0.5        0.34375    0.         0.75       0.28571429 0.81818182
 0.65217391 0.47692308 0.61538462 0.54054054 0.35714286 0.35526316
 0.38235294 0.84210526 1.         0.84210526 0.390625   0.
 0.5        0.5        0.52459016 0.28571429 0.875      0.
 0.83333333 0.5        0.92307692 0.         0.73913043 0.3559322
 0.10526316 0.14285714 0.66666667 0.66666667 0.08695652 0.27631579
 0.30434783 0.07142857 0.48888889 0.625      0.         0.13157895
 0.32       0.33333333 0.69090909 0.75       0.8        0.53125
 0.38888889 0.63636364 0.         0.8        0.6        0.51666667
 0.72727273 0.69230769 0.265625   0.5625     0.53125    0.14285714
 0.76328502 0.38095238 0.4        0.06896552 0.66666667 1.
 1.         0.8        0.53333333 0.75       0.13333333 0.
 0.57142857 0.73333333 0.15789474 0.2        0.51612903 0.4
 0.25       0.72222222 0.14285714 0.6        0.         0.37878788
 0.32       0.18181818 0.1        0.69565217 0.4        0.61904762
 0.6875     0.         0.75       0.94117647 0.5        0.25
 0.375      0.45098039 0.         0.66666667 0.         0.92857143
 0.5        0.04878049 0.5        0.32       0.33333333 0.90909091
 0.5        0.375      0.1        0.66666667 0.54545455 0.55555556
 0.         0.5625     0.57142857 0.78571429 1.         0.8125
 0.22222222 0.26530612 0.57142857 0.58064516 0.2        0.35135135
 0.         0.53488372 0.34146341 0.66666667 0.92307692 0.92307692
 0.         0.84615385 0.         0.84615385 0.76470588 0.8
 0.19230769 0.75       0.64       0.31818182 0.69230769 0.3125
 0.44444444 0.79166667 0.69230769 0.53125    0.         0.14285714
 0.61538462 0.29166667 0.9        0.75       0.         0.86363636
 0.90909091 0.         0.         0.9        0.08333333 0.22727273
 0.375      0.11111111 0.         0.5        0.67948718 0.75
 0.92941176 0.64705882 0.37837838 0.43478261]
,[0.85       0.55       0.64516129 0.         0.73333333 0.05555556
 0.09090909 0.89361702 0.19047619 0.31578947 0.92857143 0.77272727
 0.2        0.38888889 0.4        0.68421053 0.         0.19047619
 0.16       0.58823529 0.68965517 0.9        0.         0.08695652
 0.17391304 0.04545455 0.05       0.45454545 0.47619048 0.42857143
 0.16666667 0.85714286 0.         0.9        0.83333333 0.40909091
 0.33333333 0.36363636 0.05882353 0.2        0.94444444 0.11111111
 0.4        0.8        0.         0.62962963 0.10526316 0.0952381
 0.         0.6        0.47826087 0.         1.         0.45833333
 0.3        0.0952381  0.54545455 0.         0.         0.27777778
 0.33333333 1.         0.72       0.85185185 0.         0.23529412
 0.23529412 0.13636364 0.         0.29411765 0.         0.83333333
 0.4        0.2173913  0.05882353 0.64705882 0.89473684 0.44444444
 0.         0.16666667 0.68421053 0.41176471 0.10526316 0.41176471
 0.2173913  0.6875     0.         0.6        0.09090909 0.8372093
 0.78947368 0.75609756 0.69565217 0.95238095 0.27777778 0.47368421
 0.72222222 0.8        0.0625     0.84210526 0.89285714 0.
 0.2173913  0.85       0.59259259 0.11111111 0.77777778 0.
 0.15625    0.88235294 0.70588235 0.         0.70833333 0.875
 0.11111111 0.04545455 0.08       0.09090909 0.11111111 0.80769231
 0.82352941 0.04761905 0.95652174 0.26315789 0.         0.10204082
 0.92307692 0.04761905 1.         0.63157895 0.42105263 0.89473684
 0.75       0.58333333 0.         0.21052632 0.84375    0.79487179
 0.44444444 0.5        0.70833333 0.40909091 0.65384615 0.05882353
 0.9875     0.47058824 0.53658537 0.05714286 0.19047619 0.13043478
 0.40909091 0.5        0.42105263 0.71428571 0.21052632 0.
 0.95238095 0.73333333 0.42857143 0.05882353 0.76190476 0.21052632
 0.55555556 0.61904762 0.05555556 0.15789474 0.         0.89285714
 0.42105263 0.0952381  0.05882353 0.8        0.09090909 0.76470588
 0.64705882 0.         0.3        0.8        0.75       0.14285714
 0.75       0.95833333 0.         0.70588235 0.         0.76470588
 0.26315789 0.11111111 0.33333333 0.34782609 0.04347826 0.43478261
 0.48571429 0.26086957 0.11111111 0.66666667 0.3        0.22727273
 0.         0.45       0.94117647 0.55       0.21052632 0.8125
 0.11111111 0.65       0.52173913 0.81818182 0.04761905 0.56521739
 0.         0.82142857 0.66666667 1.         0.70588235 0.6
 0.         0.64705882 0.         0.57894737 0.61904762 0.21052632
 0.3125     0.27272727 0.88888889 0.35       0.6        0.52631579
 0.21052632 1.         0.39130435 0.94444444 0.         0.04
 0.34782609 0.35       0.5        0.75       0.         0.92682927
 0.52631579 0.         0.         0.47368421 0.05263158 0.23809524
 0.47368421 0.05882353 0.         1.         0.99375    1.
 0.90804598 0.57894737 0.66666667 0.90909091]
,[0.425      0.53658537 0.74074074 0.         0.60273973 0.1
 0.13333333 0.53503185 0.18181818 0.44444444 0.67532468 0.8
 0.2962963  0.48275862 0.48780488 0.76470588 0.         0.25806452
 0.23529412 0.66666667 0.61538462 0.67924528 0.         0.16
 0.1025641  0.06896552 0.08695652 0.43478261 0.55555556 0.39130435
 0.24       0.6        0.         0.87804878 0.69767442 0.51428571
 0.4        0.51612903 0.03508772 0.29411765 0.62962963 0.15384615
 0.5        0.71428571 0.         0.75555556 0.08510638 0.13793103
 0.         0.42857143 0.53658537 0.         0.69387755 0.57894737
 0.34285714 0.17391304 0.44444444 0.         0.         0.24390244
 0.35897436 0.75555556 0.66666667 0.80701754 0.         0.27586207
 0.36363636 0.20689655 0.         0.28571429 0.         0.76923077
 0.43243243 0.25641026 0.10526316 0.64705882 0.55737705 0.25
 0.         0.27586207 0.50980392 0.58333333 0.14285714 0.37837838
 0.3030303  0.45833333 0.         0.66666667 0.13793103 0.82758621
 0.71428571 0.58490566 0.65306122 0.68965517 0.3125     0.40601504
 0.5        0.82051282 0.11764706 0.84210526 0.54347826 0.
 0.3030303  0.62962963 0.55652174 0.16       0.82352941 0.
 0.26315789 0.63829787 0.8        0.         0.72340426 0.5060241
 0.10810811 0.06896552 0.14285714 0.16       0.09756098 0.41176471
 0.44444444 0.05714286 0.64705882 0.37037037 0.         0.11494253
 0.47524752 0.08333333 0.8172043  0.68571429 0.55172414 0.66666667
 0.51219512 0.60869565 0.         0.33333333 0.7012987  0.62626263
 0.55172414 0.58064516 0.38636364 0.47368421 0.5862069  0.08333333
 0.86103542 0.42105263 0.45833333 0.0625     0.2962963  0.23076923
 0.58064516 0.61538462 0.47058824 0.73170732 0.16326531 0.
 0.71428571 0.73333333 0.23076923 0.09090909 0.61538462 0.27586207
 0.34482759 0.66666667 0.08       0.25       0.         0.53191489
 0.36363636 0.125      0.07407407 0.74418605 0.14814815 0.68421053
 0.66666667 0.         0.42857143 0.86486486 0.6        0.18181818
 0.5        0.61333333 0.         0.68571429 0.         0.83870968
 0.34482759 0.06779661 0.4        0.33333333 0.07692308 0.58823529
 0.49275362 0.30769231 0.10526316 0.66666667 0.38709677 0.32258065
 0.         0.5        0.71111111 0.64705882 0.34782609 0.8125
 0.14814815 0.37681159 0.54545455 0.67924528 0.07692308 0.43333333
 0.         0.64788732 0.4516129  0.8        0.8        0.72727273
 0.         0.73333333 0.         0.6875     0.68421053 0.33333333
 0.23809524 0.4        0.74418605 0.33333333 0.64285714 0.39215686
 0.28571429 0.88372093 0.5        0.68       0.         0.0625
 0.44444444 0.31818182 0.64285714 0.75       0.         0.89411765
 0.66666667 0.         0.         0.62068966 0.06451613 0.23255814
 0.41860465 0.07692308 0.         0.66666667 0.8071066  0.85714286
 0.91860465 0.61111111 0.48275862 0.58823529]
