mACC, mP, mR, mF1, ACC, P, R, F1
0.5553170409511229,0.5640255512754344,0.5096804320260552,0.4998667865389661
,[ 17  14  22   1  26  14   3  37   4   9  45  43  12  13   4  13   5   8
   0  16  18  12   0  18   6   0  16  10  16   5   5  14   0  18  13  11
  20   4   2   4   0   4  10   6  13  22  11   2   0   9  19   0  17   7
  12   1   1   3   0  13   8  17  16  23  14  16   8   2   0   5   0  22
  16   4   1  12  16   5   0   3  12  14  13  14  14  11  14   9   0  40
  15  28  10  18  12  49  10  16   0  15  22   0   7  14  37  12  13   0
  21  15   8   0  19   9   8   3   1  20   4  14  14   1  20  18   0   7
  23  13  38  14  13  33  27  15   0   8  28  31  10  15  17  10  19   2
 156   4  20  11   2  13   7  17  14  11   0   0  19  24   3   0  17   9
   2  19   0   7   1  26   7  17   3  15   4  12  13   0   4  16  10   2
  11  22   0  15   9  15  16   0  13  17  18  11  21  11   3  17   9  13
   6  10  17  17   6  15   1  11   6  17   3  20   0  23  18  25  14  14
   0  11   4  13  13  14   0   6  17  11  18  11   6  16  13  62   2   0
  18   9  13  14   0  37  10  12   0   8   3  10  10   7   0  20 154  24
  87  12   0  16]
,[0.5        0.42424242 0.73333333 0.03225806 0.78787879 0.29787234
 0.75       0.59677419 0.36363636 0.9        0.77586207 0.52439024
 0.23076923 1.         1.         0.59090909 0.04545455 0.61538462
 0.         0.88888889 0.85714286 0.92307692 0.         0.52941176
 0.1875     0.         0.72727273 0.58823529 0.8        0.3125
 1.         0.93333333 0.         0.81818182 0.48148148 0.91666667
 0.66666667 1.         0.16666667 0.44444444 0.         0.8
 0.90909091 0.66666667 0.65       0.73333333 0.57894737 1.
 0.         0.81818182 0.42222222 0.         0.80952381 0.63636364
 0.46153846 0.33333333 0.2        0.2        0.         0.25
 0.61538462 0.89473684 0.55172414 0.82142857 0.77777778 0.94117647
 1.         0.66666667 0.         1.         0.         0.84615385
 0.61538462 0.8        0.5        0.70588235 0.94117647 0.625
 0.         0.6        0.48       0.56       0.54166667 0.93333333
 0.5        0.73333333 0.24561404 0.9        0.         0.6779661
 0.68181818 0.52830189 0.55555556 0.94736842 0.70588235 0.34265734
 0.83333333 0.94117647 0.         0.9375     0.70967742 0.
 1.         0.60869565 0.54411765 0.27272727 0.92857143 0.
 0.63636364 0.9375     1.         0.         0.76       0.9
 0.2962963  0.16666667 0.02857143 0.35087719 0.26666667 0.73684211
 0.73684211 1.         0.90909091 0.54545455 0.         0.26923077
 0.76666667 0.41935484 0.67857143 0.66666667 0.72222222 0.55932203
 0.57446809 0.83333333 0.         0.8        0.82352941 0.37349398
 1.         0.5        0.60714286 1.         0.7037037  0.10526316
 0.82539683 0.8        0.5        0.42307692 0.2        0.34210526
 1.         0.65384615 0.93333333 0.35483871 0.         0.
 0.9047619  0.85714286 0.11111111 0.         0.89473684 0.64285714
 0.4        0.76       0.         0.7        0.33333333 0.31707317
 0.63636364 0.5        0.33333333 0.9375     0.11111111 0.8
 0.59090909 0.         1.         1.         0.625      0.16666667
 0.73333333 1.         0.         0.83333333 0.04326923 0.68181818
 0.3902439  0.         0.56521739 0.39534884 0.38297872 1.
 0.7        0.5        0.42857143 0.73913043 0.75       0.56521739
 0.28571429 0.58823529 0.85       1.         0.375      1.
 0.5        0.36666667 0.75       1.         0.21428571 0.5
 0.         0.67647059 0.58064516 0.86206897 0.7        1.
 0.         0.91666667 0.26666667 0.86666667 0.86666667 0.38888889
 0.         0.75       0.85       0.84615385 0.81818182 0.84615385
 0.25       1.         0.61904762 0.60194175 0.08333333 0.
 0.7826087  0.75       0.86666667 0.875      0.         0.74
 0.83333333 0.92307692 0.         1.         0.3        1.
 0.35714286 0.4375     0.         1.         0.83695652 0.85714286
 0.48333333 0.66666667 0.         0.53333333]
,[0.85       0.7        0.70967742 0.03846154 0.86666667 0.77777778
 0.13636364 0.78723404 0.19047619 0.47368421 0.80357143 0.97727273
 0.6        0.72222222 0.16       0.68421053 0.23809524 0.38095238
 0.         0.94117647 0.62068966 0.6        0.         0.7826087
 0.26086957 0.         0.8        0.45454545 0.76190476 0.23809524
 0.27777778 0.66666667 0.         0.9        0.72222222 0.5
 0.83333333 0.18181818 0.11764706 0.16       0.         0.22222222
 0.4        0.24       0.76470588 0.81481481 0.57894737 0.0952381
 0.         0.45       0.82608696 0.         1.         0.29166667
 0.6        0.04761905 0.04545455 0.15789474 0.         0.72222222
 0.38095238 1.         0.64       0.85185185 0.66666667 0.94117647
 0.47058824 0.09090909 0.         0.29411765 0.         0.91666667
 0.8        0.17391304 0.05882353 0.70588235 0.84210526 0.27777778
 0.         0.125      0.63157895 0.82352941 0.68421053 0.82352941
 0.60869565 0.6875     0.73684211 0.45       0.         0.93023256
 0.78947368 0.68292683 0.43478261 0.85714286 0.66666667 0.85964912
 0.55555556 0.8        0.         0.78947368 0.78571429 0.
 0.30434783 0.7        0.68518519 0.66666667 0.72222222 0.
 0.65625    0.88235294 0.47058824 0.         0.79166667 0.375
 0.44444444 0.13636364 0.04       0.90909091 0.22222222 0.53846154
 0.82352941 0.04761905 0.86956522 0.94736842 0.         0.14285714
 0.88461538 0.61904762 1.         0.73684211 0.68421053 0.86842105
 0.96428571 0.625      0.         0.42105263 0.875      0.79487179
 0.55555556 0.83333333 0.70833333 0.45454545 0.73076923 0.11764706
 0.975      0.23529412 0.48780488 0.31428571 0.0952381  0.56521739
 0.31818182 0.70833333 0.73684211 0.52380952 0.         0.
 0.9047619  0.8        0.07142857 0.         0.80952381 0.47368421
 0.11111111 0.9047619  0.         0.36842105 0.05555556 0.92857143
 0.36842105 0.80952381 0.17647059 0.75       0.18181818 0.70588235
 0.76470588 0.         0.2        0.8        0.625      0.0952381
 0.55       0.91666667 0.         0.88235294 0.42857143 0.88235294
 0.84210526 0.         0.54166667 0.73913043 0.7826087  0.47826087
 0.6        0.47826087 0.16666667 0.80952381 0.45       0.59090909
 0.28571429 0.5        1.         0.85       0.31578947 0.9375
 0.05555556 0.55       0.26086957 0.77272727 0.14285714 0.86956522
 0.         0.82142857 0.85714286 0.89285714 0.82352941 0.7
 0.         0.64705882 0.23529412 0.68421053 0.61904762 0.73684211
 0.         0.27272727 0.94444444 0.55       0.6        0.57894737
 0.31578947 0.84210526 0.56521739 0.86111111 0.1        0.
 0.7826087  0.45       0.72222222 0.7        0.         0.90243902
 0.52631579 0.63157895 0.         0.42105263 0.15789474 0.47619048
 0.52631579 0.41176471 0.         1.         0.9625     1.
 1.         0.63157895 0.         0.72727273]
,[0.62962963 0.52830189 0.72131148 0.03508772 0.82539683 0.43076923
 0.23076923 0.67889908 0.25       0.62068966 0.78947368 0.68253968
 0.33333333 0.83870968 0.27586207 0.63414634 0.07633588 0.47058824
 0.         0.91428571 0.72       0.72727273 0.         0.63157895
 0.21818182 0.         0.76190476 0.51282051 0.7804878  0.27027027
 0.43478261 0.77777778 0.         0.85714286 0.57777778 0.64705882
 0.74074074 0.30769231 0.13793103 0.23529412 0.         0.34782609
 0.55555556 0.35294118 0.7027027  0.77192982 0.57894737 0.17391304
 0.         0.58064516 0.55882353 0.         0.89473684 0.4
 0.52173913 0.08333333 0.07407407 0.17647059 0.         0.37142857
 0.47058824 0.94444444 0.59259259 0.83636364 0.71794872 0.94117647
 0.64       0.16       0.         0.45454545 0.         0.88
 0.69565217 0.28571429 0.10526316 0.70588235 0.88888889 0.38461538
 0.         0.20689655 0.54545455 0.66666667 0.60465116 0.875
 0.54901961 0.70967742 0.36842105 0.6        0.         0.78431373
 0.73170732 0.59574468 0.48780488 0.9        0.68571429 0.49
 0.66666667 0.86486486 0.         0.85714286 0.74576271 0.
 0.46666667 0.65116279 0.60655738 0.38709677 0.8125     0.
 0.64615385 0.90909091 0.64       0.         0.7755102  0.52941176
 0.35555556 0.15       0.03333333 0.50632911 0.24242424 0.62222222
 0.77777778 0.09090909 0.88888889 0.69230769 0.         0.18666667
 0.82142857 0.5        0.80851064 0.7        0.7027027  0.68041237
 0.72       0.71428571 0.         0.55172414 0.84848485 0.50819672
 0.71428571 0.625      0.65384615 0.625      0.71698113 0.11111111
 0.89398281 0.36363636 0.49382716 0.36065574 0.12903226 0.42622951
 0.48275862 0.68       0.82352941 0.42307692 0.         0.
 0.9047619  0.82758621 0.08695652 0.         0.85       0.54545455
 0.17391304 0.82608696 0.         0.48275862 0.0952381  0.47272727
 0.46666667 0.61818182 0.23076923 0.83333333 0.13793103 0.75
 0.66666667 0.         0.33333333 0.88888889 0.625      0.12121212
 0.62857143 0.95652174 0.         0.85714286 0.07860262 0.76923077
 0.53333333 0.         0.55319149 0.51515152 0.51428571 0.64705882
 0.64615385 0.48888889 0.24       0.77272727 0.5625     0.57777778
 0.28571429 0.54054054 0.91891892 0.91891892 0.34285714 0.96774194
 0.1        0.44       0.38709677 0.87179487 0.17142857 0.63492063
 0.         0.74193548 0.69230769 0.87719298 0.75675676 0.82352941
 0.         0.75862069 0.25       0.76470588 0.72222222 0.50909091
 0.         0.4        0.89473684 0.66666667 0.69230769 0.6875
 0.27906977 0.91428571 0.59090909 0.70857143 0.09090909 0.
 0.7826087  0.5625     0.78787879 0.77777778 0.         0.81318681
 0.64516129 0.75       0.         0.59259259 0.20689655 0.64516129
 0.42553191 0.42424242 0.         1.         0.89534884 0.92307692
 0.65168539 0.64864865 0.         0.61538462]
