mACC, mP, mR, mF1, ACC, P, R, F1
0.6941875825627477,0.7224421996464983,0.661933672723614,0.6633846739225291
,[ 19  10  23  14  25   8  11  40  11  12  52  41  15  13  22  15  11  12
  17  15  26  16  19  17   0   5  19  15  13   6   9  18  16  18  10  20
  22   8   4  18  16   6  16  12   9  23  12  12  20  13  14   6  17  20
  12  12  19   7   2   6   8  17  21  24  14  17  12  16   0   7  11  24
  15   7   7  14  15   5  12   5  12  13  13  15  17  10  14  10  16  42
  16  39  15  20  16  47  13  16   8  17  26   1  18  15  43  13  14   4
  19  15  14  10  18  19   6  18  16  12  10  16  15   7  23  15   6  14
  25  11  38  17  12  19  25  21   3   5  17  31  11  13  18  16  24   2
 160   1  28  22  14  16  22  20  12  21   6   4  20  23  17  15  17   9
   5  20   7  12  10  28  10  16   6  19   0  14  16  18  10  19  14   6
  17  21  17  16   1  15  13   8  20  17   0  15  23  17   4  19   9  17
   6  10  17  11   5  15   8  15  19  18  12  16   8  24  16  19  15  18
  20  11   3  13  18  16   1  20  17  11  21  18   4  19  12  68   6   7
  18   9  17  15   8  40  13   9  11   9   7  10  10  17   3  20 159  24
  77  15  17  19]
,[0.51351351 0.76923077 0.65714286 0.63636364 0.92592593 0.88888889
 0.91666667 0.81632653 0.78571429 0.92307692 0.8125     0.69491525
 0.71428571 0.86666667 0.6875     0.75       0.6875     0.66666667
 0.80952381 0.83333333 0.61904762 0.76190476 0.95       0.80952381
 0.         0.83333333 0.9047619  0.75       0.76470588 0.75
 0.69230769 0.72       0.59259259 0.9        0.625      0.68965517
 0.28947368 0.88888889 1.         1.         0.8        0.6
 0.69565217 0.54545455 0.64285714 0.88461538 0.8        0.85714286
 0.76923077 0.76470588 0.63636364 1.         0.70833333 0.71428571
 1.         0.6        0.82608696 0.4375     0.33333333 0.66666667
 0.42105263 0.89473684 0.51219512 1.         0.77777778 0.62962963
 0.48       0.8        0.         0.4375     0.73333333 0.70588235
 0.88235294 0.58333333 0.35       1.         0.9375     1.
 0.5        1.         0.75       0.41935484 0.92857143 1.
 0.77272727 1.         1.         0.90909091 0.8        0.71186441
 0.66666667 0.65       0.75       1.         1.         0.43925234
 0.92857143 0.84210526 0.72727273 0.85       0.56521739 0.5
 0.62068966 0.5        0.50588235 0.61904762 1.         0.5
 1.         1.         0.93333333 0.58823529 1.         0.95
 0.85714286 0.94736842 0.72727273 0.44444444 0.66666667 0.72727273
 0.88235294 0.63636364 0.79310345 0.75       0.375      0.38888889
 0.53191489 0.57894737 0.92682927 0.35416667 0.57142857 0.59375
 0.73529412 0.75       0.75       0.71428571 0.85       0.68888889
 0.55       0.65       0.43902439 0.88888889 0.38095238 0.18181818
 0.72727273 0.33333333 0.63636364 0.70967742 0.4375     0.76190476
 0.88       0.90909091 1.         0.75       0.42857143 0.66666667
 0.71428571 0.92       0.29824561 1.         0.80952381 0.69230769
 0.38461538 0.8        1.         0.5        0.58823529 0.75675676
 0.76923077 1.         0.35294118 0.9047619  0.         0.82352941
 0.94117647 0.66666667 0.47619048 0.95       0.875      0.46153846
 0.38636364 1.         0.60714286 0.66666667 0.07142857 0.88235294
 0.72222222 0.8        0.95238095 0.65384615 0.         0.88235294
 0.88461538 0.89473684 0.4        0.86363636 0.64285714 0.70833333
 0.54545455 0.52631579 0.89473684 0.78571429 1.         1.
 0.88888889 0.68181818 0.9047619  0.94736842 0.35294118 0.8
 0.2962963  0.85714286 0.84210526 0.9047619  0.83333333 0.85714286
 0.71428571 0.91666667 1.         0.92857143 0.64285714 0.64
 1.         0.54054054 0.65384615 0.84615385 0.875      0.75
 1.         1.         0.8        0.74725275 0.375      0.58333333
 0.75       0.9        0.68       1.         0.8        0.83333333
 0.76470588 0.9        0.78571429 0.9        0.77777778 0.90909091
 0.71428571 0.77272727 0.25       0.95238095 0.69130435 0.88888889
 0.616      0.625      0.45945946 0.51351351]
,[0.95       0.5        0.74193548 0.53846154 0.83333333 0.44444444
 0.5        0.85106383 0.52380952 0.63157895 0.92857143 0.93181818
 0.75       0.72222222 0.88       0.78947368 0.52380952 0.57142857
 0.68       0.88235294 0.89655172 0.8        0.86363636 0.73913043
 0.         0.22727273 0.95       0.68181818 0.61904762 0.28571429
 0.5        0.85714286 0.76190476 0.9        0.55555556 0.90909091
 0.91666667 0.36363636 0.23529412 0.72       0.88888889 0.33333333
 0.64       0.48       0.52941176 0.85185185 0.63157895 0.57142857
 0.90909091 0.65       0.60869565 0.35294118 1.         0.83333333
 0.6        0.57142857 0.86363636 0.36842105 0.11764706 0.33333333
 0.38095238 1.         0.84       0.88888889 0.66666667 1.
 0.70588235 0.72727273 0.         0.41176471 0.55       1.
 0.75       0.30434783 0.41176471 0.82352941 0.78947368 0.27777778
 0.6        0.20833333 0.63157895 0.76470588 0.68421053 0.88235294
 0.73913043 0.625      0.73684211 0.5        0.72727273 0.97674419
 0.84210526 0.95121951 0.65217391 0.95238095 0.88888889 0.8245614
 0.72222222 0.8        0.5        0.89473684 0.92857143 0.05555556
 0.7826087  0.75       0.7962963  0.72222222 0.77777778 0.23529412
 0.59375    0.88235294 0.82352941 0.58823529 0.75       0.79166667
 0.33333333 0.81818182 0.64       0.54545455 0.55555556 0.61538462
 0.88235294 0.33333333 1.         0.78947368 0.28571429 0.28571429
 0.96153846 0.52380952 1.         0.89473684 0.63157895 0.5
 0.89285714 0.875      0.15789474 0.26315789 0.53125    0.79487179
 0.61111111 0.72222222 0.75       0.72727273 0.92307692 0.11764706
 1.         0.05882353 0.68292683 0.62857143 0.66666667 0.69565217
 1.         0.83333333 0.63157895 1.         0.31578947 0.2
 0.95238095 0.76666667 0.4047619  0.88235294 0.80952381 0.47368421
 0.27777778 0.95238095 0.38888889 0.63157895 0.55555556 1.
 0.52631579 0.76190476 0.35294118 0.95       0.         0.82352941
 0.94117647 0.81818182 0.5        0.95       0.875      0.28571429
 0.85       0.875      0.85       0.94117647 0.04761905 0.88235294
 0.68421053 0.44444444 0.83333333 0.73913043 0.         0.65217391
 0.65714286 0.73913043 0.22222222 0.9047619  0.45       0.77272727
 0.28571429 0.5        1.         0.55       0.26315789 0.9375
 0.44444444 0.75       0.82608696 0.81818182 0.57142857 0.69565217
 0.42105263 0.85714286 0.76190476 0.67857143 0.88235294 0.9
 0.95238095 0.64705882 0.17647059 0.68421053 0.85714286 0.84210526
 0.0625     0.90909091 0.94444444 0.55       0.7        0.94736842
 0.21052632 1.         0.52173913 0.94444444 0.3        0.28
 0.7826087  0.45       0.94444444 0.75       0.47058824 0.97560976
 0.68421053 0.47368421 0.61111111 0.47368421 0.36842105 0.47619048
 0.52631579 1.         0.15       1.         0.99375    1.
 0.88505747 0.78947368 0.80952381 0.86363636]
,[0.66666667 0.60606061 0.6969697  0.58333333 0.87719298 0.59259259
 0.64705882 0.83333333 0.62857143 0.75       0.86666667 0.7961165
 0.73170732 0.78787879 0.77192982 0.76923077 0.59459459 0.61538462
 0.73913043 0.85714286 0.73239437 0.7804878  0.9047619  0.77272727
 0.         0.35714286 0.92682927 0.71428571 0.68421053 0.4137931
 0.58064516 0.7826087  0.66666667 0.9        0.58823529 0.78431373
 0.44       0.51612903 0.38095238 0.8372093  0.84210526 0.42857143
 0.66666667 0.5106383  0.58064516 0.86792453 0.70588235 0.68571429
 0.83333333 0.7027027  0.62222222 0.52173913 0.82926829 0.76923077
 0.75       0.58536585 0.84444444 0.4        0.17391304 0.44444444
 0.4        0.94444444 0.63636364 0.94117647 0.71794872 0.77272727
 0.57142857 0.76190476 0.         0.42424242 0.62857143 0.82758621
 0.81081081 0.4        0.37837838 0.90322581 0.85714286 0.43478261
 0.54545455 0.34482759 0.68571429 0.54166667 0.78787879 0.9375
 0.75555556 0.76923077 0.84848485 0.64516129 0.76190476 0.82352941
 0.74418605 0.77227723 0.69767442 0.97560976 0.94117647 0.57317073
 0.8125     0.82051282 0.59259259 0.87179487 0.7027027  0.1
 0.69230769 0.6        0.61870504 0.66666667 0.875      0.32
 0.74509804 0.9375     0.875      0.58823529 0.85714286 0.86363636
 0.48       0.87804878 0.68085106 0.48979592 0.60606061 0.66666667
 0.88235294 0.4375     0.88461538 0.76923077 0.32432432 0.32941176
 0.68493151 0.55       0.96202532 0.50746269 0.6        0.54285714
 0.80645161 0.80769231 0.26086957 0.38461538 0.65384615 0.73809524
 0.57894737 0.68421053 0.55384615 0.8        0.53932584 0.14285714
 0.84210526 0.1        0.65882353 0.66666667 0.52830189 0.72727273
 0.93617021 0.86956522 0.77419355 0.85714286 0.36363636 0.30769231
 0.81632653 0.83636364 0.34343434 0.9375     0.80952381 0.5625
 0.32258065 0.86956522 0.56       0.55813953 0.57142857 0.86153846
 0.625      0.86486486 0.35294118 0.92682927 0.         0.82352941
 0.94117647 0.73469388 0.48780488 0.95       0.875      0.35294118
 0.53125    0.93333333 0.70833333 0.7804878  0.05714286 0.88235294
 0.7027027  0.57142857 0.88888889 0.69387755 0.         0.75
 0.75409836 0.80952381 0.28571429 0.88372093 0.52941176 0.73913043
 0.375      0.51282051 0.94444444 0.64705882 0.41666667 0.96774194
 0.59259259 0.71428571 0.86363636 0.87804878 0.43636364 0.74418605
 0.34782609 0.85714286 0.8        0.7755102  0.85714286 0.87804878
 0.81632653 0.75862069 0.3        0.78787879 0.73469388 0.72727273
 0.11764706 0.6779661  0.77272727 0.66666667 0.77777778 0.8372093
 0.34782609 1.         0.63157895 0.83435583 0.33333333 0.37837838
 0.76595745 0.6        0.79069767 0.85714286 0.59259259 0.8988764
 0.72222222 0.62068966 0.6875     0.62068966 0.5        0.625
 0.60606061 0.87179487 0.1875     0.97560976 0.81538462 0.94117647
 0.72641509 0.69767442 0.5862069  0.6440678 ]
