mACC, mP, mR, mF1, ACC, P, R, F1
0.6689233817701453,0.6753121641920989,0.6305256180705914,0.6282088552509225
,[ 18  10  25  14  26  12  11  37  10  10  47  39  13  16  22  13   8  14
  18   8  23  20  18  19   4  11  17  14  13   5   4  16  15  19   6  16
  19  17   6  20  16   9  19  20  12  21   8  10  16   8  20   3  16  18
   8   9  19   4   1   1   7  16  23  25  17  15  13  13  12   6   8  21
  17   8   3  11  16  10  13   6  10   6  13  14  11  11  11  10  13  40
  14  38  18  21  13  42  13  14   6  15  22   8  23  10  37  10  15   4
  26  14  12  11  16  21   5  17  14   7   7  15  14   9  23   4   3  14
  24  12  36  18  12  33  28  20   5  10  31  24  13  11  16  17  22   2
 160   4  25  22  12  13  19  19  15  17   7  15  20  25  19  12  15   7
   6  17   9  16  10  28   7  17   2  18   1  10  16  13  12  19  16   5
  16  23  15  15   2  15   9   0  13  16   7  17  22  13   5  17  14  17
   7  10  16   5   1  14   5  12  19  19  10  18   7  23  16  23  15   0
  20  12   4  10  19   6   4  21  16   9  22  12   5  19  10  68   4  16
  15   5   7  16  11  35  13   7   6  11   3  12  12  12   1  20 154  24
  86  11  14  16]
,[0.75       0.71428571 0.37878788 0.77777778 0.78787879 0.8
 0.28205128 0.71153846 0.58823529 0.90909091 0.68115942 0.73584906
 0.72222222 0.84210526 0.75862069 0.54166667 0.72727273 0.66666667
 0.62068966 0.61538462 0.92       0.66666667 0.7826087  0.73076923
 0.44444444 0.61111111 0.5862069  0.77777778 0.8125     0.41666667
 0.66666667 0.72727273 0.33333333 0.95       0.66666667 0.72727273
 0.44186047 0.80952381 0.6        0.8        0.59259259 0.5
 0.76       0.60606061 0.85714286 0.84       0.66666667 0.45454545
 0.8        0.53333333 0.68965517 0.5        0.61538462 0.75
 0.72727273 0.45       0.51351351 0.66666667 0.16666667 0.33333333
 0.28       0.72727273 0.60526316 0.86206897 0.65384615 0.75
 0.72222222 0.65       0.6        0.24       0.61538462 0.77777778
 0.77272727 0.36363636 0.14285714 1.         0.88888889 0.76923077
 0.43333333 0.66666667 0.90909091 0.42857143 0.86666667 1.
 0.6875     0.84615385 1.         0.71428571 0.46428571 0.85106383
 0.73684211 0.55072464 0.85714286 0.91304348 0.92857143 0.4
 0.8125     1.         0.42857143 0.9375     0.53658537 0.72727273
 0.58974359 0.90909091 0.52112676 0.58823529 0.9375     0.33333333
 0.72222222 1.         0.85714286 0.78571429 1.         0.95454545
 0.45454545 0.94444444 0.875      0.63636364 0.77777778 0.83333333
 0.82352941 0.75       0.88461538 0.66666667 0.16666667 0.53846154
 0.77419355 0.52173913 0.97297297 0.52941176 0.6        0.84615385
 0.62222222 0.60606061 0.35714286 0.83333333 0.83783784 0.63157895
 0.41935484 0.84615385 0.61538462 0.425      0.52380952 1.
 0.98159509 0.8        0.58139535 0.29333333 0.57142857 0.5
 0.82608696 0.76       1.         0.73913043 0.4375     0.39473684
 0.625      0.83333333 0.28358209 0.8        0.88235294 0.63636364
 0.46153846 0.89473684 0.75       0.84210526 0.71428571 0.59574468
 0.875      1.         0.5        0.94736842 0.2        1.
 0.84210526 0.35135135 0.57142857 0.73076923 0.36363636 0.83333333
 0.34782609 0.85185185 0.71428571 0.75       0.22222222 0.9375
 0.69230769 0.         0.76470588 0.66666667 0.46666667 0.77272727
 0.75862069 0.76470588 0.55555556 0.80952381 0.58333333 0.48571429
 0.58333333 0.47619048 0.84210526 0.45454545 0.33333333 1.
 0.625      0.70588235 0.82608696 0.86363636 0.625      0.64285714
 0.875      0.76666667 0.8        0.79310345 1.         0.
 0.54054054 0.63157895 0.66666667 0.83333333 0.55882353 0.75
 0.33333333 0.63636364 0.84210526 0.81818182 0.91666667 0.75
 0.625      0.79166667 0.76923077 0.60176991 0.23529412 0.55172414
 0.68181818 0.71428571 0.875      0.84210526 0.6875     0.8974359
 0.56521739 0.7        1.         0.73333333 0.25       0.63157895
 0.66666667 0.375      0.11111111 0.95238095 0.94478528 1.
 0.96629213 0.84615385 0.48275862 0.59259259]
,[0.9        0.5        0.80645161 0.53846154 0.86666667 0.66666667
 0.5        0.78723404 0.47619048 0.52631579 0.83928571 0.88636364
 0.65       0.88888889 0.88       0.68421053 0.38095238 0.66666667
 0.72       0.47058824 0.79310345 1.         0.81818182 0.82608696
 0.17391304 0.5        0.85       0.63636364 0.61904762 0.23809524
 0.22222222 0.76190476 0.71428571 0.95       0.33333333 0.72727273
 0.79166667 0.77272727 0.35294118 0.8        0.88888889 0.5
 0.76       0.8        0.70588235 0.77777778 0.42105263 0.47619048
 0.72727273 0.4        0.86956522 0.17647059 0.94117647 0.75
 0.4        0.42857143 0.86363636 0.21052632 0.05882353 0.05555556
 0.33333333 0.94117647 0.92       0.92592593 0.80952381 0.88235294
 0.76470588 0.59090909 0.6        0.35294118 0.4        0.875
 0.85       0.34782609 0.17647059 0.64705882 0.84210526 0.55555556
 0.65       0.25       0.52631579 0.35294118 0.68421053 0.82352941
 0.47826087 0.6875     0.57894737 0.5        0.59090909 0.93023256
 0.73684211 0.92682927 0.7826087  1.         0.72222222 0.73684211
 0.72222222 0.7        0.375      0.78947368 0.78571429 0.44444444
 1.         0.5        0.68518519 0.55555556 0.83333333 0.23529412
 0.8125     0.82352941 0.70588235 0.64705882 0.66666667 0.875
 0.27777778 0.77272727 0.56       0.31818182 0.38888889 0.57692308
 0.82352941 0.42857143 1.         0.21052632 0.14285714 0.28571429
 0.92307692 0.57142857 0.94736842 0.94736842 0.63157895 0.86842105
 1.         0.83333333 0.26315789 0.52631579 0.96875    0.61538462
 0.72222222 0.61111111 0.66666667 0.77272727 0.84615385 0.11764706
 1.         0.23529412 0.6097561  0.62857143 0.57142857 0.56521739
 0.86363636 0.79166667 0.78947368 0.80952381 0.36842105 0.75
 0.95238095 0.83333333 0.45238095 0.70588235 0.71428571 0.36842105
 0.33333333 0.80952381 0.5        0.84210526 0.55555556 1.
 0.36842105 0.80952381 0.11764706 0.9        0.04545455 0.58823529
 0.94117647 0.59090909 0.6        0.95       1.         0.23809524
 0.8        0.95833333 0.75       0.88235294 0.0952381  0.88235294
 0.47368421 0.         0.54166667 0.69565217 0.30434783 0.73913043
 0.62857143 0.56521739 0.27777778 0.80952381 0.7        0.77272727
 0.33333333 0.5        0.94117647 0.25       0.05263158 0.875
 0.27777778 0.6        0.82608696 0.86363636 0.47619048 0.7826087
 0.36842105 0.82142857 0.76190476 0.82142857 0.88235294 0.
 0.95238095 0.70588235 0.23529412 0.52631579 0.9047619  0.31578947
 0.25       0.95454545 0.88888889 0.45       0.73333333 0.63157895
 0.26315789 1.         0.43478261 0.94444444 0.2        0.64
 0.65217391 0.25       0.38888889 0.8        0.64705882 0.85365854
 0.68421053 0.36842105 0.33333333 0.57894737 0.15789474 0.57142857
 0.63157895 0.70588235 0.05       1.         0.9625     1.
 0.98850575 0.57894737 0.66666667 0.72727273]
,[0.81818182 0.58823529 0.51546392 0.63636364 0.82539683 0.72727273
 0.36065574 0.74747475 0.52631579 0.66666667 0.752      0.80412371
 0.68421053 0.86486486 0.81481481 0.60465116 0.5        0.66666667
 0.66666667 0.53333333 0.85185185 0.8        0.8        0.7755102
 0.25       0.55       0.69387755 0.7        0.7027027  0.3030303
 0.33333333 0.74418605 0.45454545 0.95       0.44444444 0.72727273
 0.56716418 0.79069767 0.44444444 0.8        0.71111111 0.5
 0.76       0.68965517 0.77419355 0.80769231 0.51612903 0.46511628
 0.76190476 0.45714286 0.76923077 0.26086957 0.74418605 0.75
 0.51612903 0.43902439 0.6440678  0.32       0.08695652 0.0952381
 0.30434783 0.82051282 0.73015873 0.89285714 0.72340426 0.81081081
 0.74285714 0.61904762 0.6        0.28571429 0.48484848 0.82352941
 0.80952381 0.35555556 0.15789474 0.78571429 0.86486486 0.64516129
 0.52       0.36363636 0.66666667 0.38709677 0.76470588 0.90322581
 0.56410256 0.75862069 0.73333333 0.58823529 0.52       0.88888889
 0.73684211 0.69090909 0.81818182 0.95454545 0.8125     0.51851852
 0.76470588 0.82352941 0.4        0.85714286 0.63768116 0.55172414
 0.74193548 0.64516129 0.592      0.57142857 0.88235294 0.27586207
 0.76470588 0.90322581 0.77419355 0.70967742 0.8        0.91304348
 0.34482759 0.85       0.68292683 0.42424242 0.51851852 0.68181818
 0.82352941 0.54545455 0.93877551 0.32       0.15384615 0.37333333
 0.84210526 0.54545455 0.96       0.67924528 0.61538462 0.85714286
 0.76712329 0.70175439 0.3030303  0.64516129 0.89855072 0.62337662
 0.53061224 0.70967742 0.64       0.5483871  0.64705882 0.21052632
 0.99071207 0.36363636 0.5952381  0.4        0.57142857 0.53061224
 0.84444444 0.7755102  0.88235294 0.77272727 0.4        0.51724138
 0.75471698 0.83333333 0.34862385 0.75       0.78947368 0.46666667
 0.38709677 0.85       0.6        0.84210526 0.625      0.74666667
 0.51851852 0.89473684 0.19047619 0.92307692 0.07407407 0.74074074
 0.88888889 0.44067797 0.58536585 0.82608696 0.53333333 0.37037037
 0.48484848 0.90196078 0.73170732 0.81081081 0.13333333 0.90909091
 0.5625     0.         0.63414634 0.68085106 0.36842105 0.75555556
 0.6875     0.65       0.37037037 0.80952381 0.63636364 0.59649123
 0.42424242 0.48780488 0.88888889 0.32258065 0.09090909 0.93333333
 0.38461538 0.64864865 0.82608696 0.86363636 0.54054054 0.70588235
 0.51851852 0.79310345 0.7804878  0.80701754 0.9375     0.
 0.68965517 0.66666667 0.34782609 0.64516129 0.69090909 0.44444444
 0.28571429 0.76363636 0.86486486 0.58064516 0.81481481 0.68571429
 0.37037037 0.88372093 0.55555556 0.73513514 0.21621622 0.59259259
 0.66666667 0.37037037 0.53846154 0.82051282 0.66666667 0.875
 0.61904762 0.48275862 0.5        0.64705882 0.19354839 0.6
 0.64864865 0.48979592 0.06896552 0.97560976 0.95356037 1.
 0.97727273 0.6875     0.56       0.65306122]
