mACC, mP, mR, mF1, ACC, P, R, F1
0.642,0.6580975758326815,0.642,0.6396164319739923
,[ 5 16 14 16 11 11 14 14 11 18 14 15 16 15  8  5 15  8 15 12 13 13  9 11
 10 17 20 18 18 13 17  8 11 14 10 17 11  6 16 15 15  7 13 12 10 13  6 18
  9 11 12 16 15 15 10 13 16 19 11 11 13 16 18 11  9  5  6  7 10 13 15 16
  9 19  9 18  6 17  5 16 17 19 14 13  9 12 15 15 13 15 20 17  5  7  9 16
 14 15 13 16]
,[0.38461538 0.59259259 0.82352941 0.72727273 0.64705882 0.47826087
 0.60869565 0.66666667 0.78571429 0.94736842 0.4375     0.68181818
 0.84210526 0.68181818 0.32       0.41666667 0.65217391 0.61538462
 0.71428571 0.5        0.56521739 0.61904762 0.45       0.44
 0.90909091 0.60714286 1.         0.85714286 0.7826087  0.59090909
 0.80952381 0.66666667 0.64705882 0.60869565 0.58823529 0.73913043
 0.5        0.27272727 0.69565217 0.78947368 0.75       0.53846154
 0.68421053 0.63157895 0.52631579 0.56521739 0.66666667 0.64285714
 0.81818182 0.55       0.8        0.8        0.88235294 0.68181818
 0.45454545 0.37142857 0.64       0.76       0.6875     0.78571429
 0.5        0.88888889 0.75       0.39285714 0.69230769 0.20833333
 0.25       0.5        0.43478261 0.86666667 0.88235294 0.61538462
 0.6        0.9047619  0.64285714 1.         0.54545455 0.65384615
 0.41666667 0.72727273 0.73913043 0.95       0.66666667 0.68421053
 0.6        0.375      0.78947368 0.83333333 0.56521739 0.88235294
 1.         0.5        0.23809524 0.58333333 1.         0.84210526
 0.875      0.75       0.76470588 0.8       ]
,[0.25 0.8  0.7  0.8  0.55 0.55 0.7  0.7  0.55 0.9  0.7  0.75 0.8  0.75
 0.4  0.25 0.75 0.4  0.75 0.6  0.65 0.65 0.45 0.55 0.5  0.85 1.   0.9
 0.9  0.65 0.85 0.4  0.55 0.7  0.5  0.85 0.55 0.3  0.8  0.75 0.75 0.35
 0.65 0.6  0.5  0.65 0.3  0.9  0.45 0.55 0.6  0.8  0.75 0.75 0.5  0.65
 0.8  0.95 0.55 0.55 0.65 0.8  0.9  0.55 0.45 0.25 0.3  0.35 0.5  0.65
 0.75 0.8  0.45 0.95 0.45 0.9  0.3  0.85 0.25 0.8  0.85 0.95 0.7  0.65
 0.45 0.6  0.75 0.75 0.65 0.75 1.   0.85 0.25 0.35 0.45 0.8  0.7  0.75
 0.65 0.8 ]
,[0.3030303  0.68085106 0.75675676 0.76190476 0.59459459 0.51162791
 0.65116279 0.68292683 0.64705882 0.92307692 0.53846154 0.71428571
 0.82051282 0.71428571 0.35555556 0.3125     0.69767442 0.48484848
 0.73170732 0.54545455 0.60465116 0.63414634 0.45       0.48888889
 0.64516129 0.70833333 1.         0.87804878 0.8372093  0.61904762
 0.82926829 0.5        0.59459459 0.65116279 0.54054054 0.79069767
 0.52380952 0.28571429 0.74418605 0.76923077 0.75       0.42424242
 0.66666667 0.61538462 0.51282051 0.60465116 0.4137931  0.75
 0.58064516 0.55       0.68571429 0.8        0.81081081 0.71428571
 0.47619048 0.47272727 0.71111111 0.84444444 0.61111111 0.64705882
 0.56521739 0.84210526 0.81818182 0.45833333 0.54545455 0.22727273
 0.27272727 0.41176471 0.46511628 0.74285714 0.81081081 0.69565217
 0.51428571 0.92682927 0.52941176 0.94736842 0.38709677 0.73913043
 0.3125     0.76190476 0.79069767 0.95       0.68292683 0.66666667
 0.51428571 0.46153846 0.76923077 0.78947368 0.60465116 0.81081081
 1.         0.62962963 0.24390244 0.4375     0.62068966 0.82051282
 0.77777778 0.75       0.7027027  0.8       ]
