mACC, mP, mR, mF1, ACC, P, R, F1
0.5215,0.5410593937798434,0.5215000000000001,0.5081455521207452
,[ 7 14 12 13 14  7  5  6 10 18 10 14 14 14  2  1  6 15 11  8  9 10  8  4
  9 15 18 16 15 18 17  8  9 14  7 16 11  1  9 10 10  9 16  9  8 11  3 16
 14  9 11 11  7 14 11 16 15 18  6 10 13 11 16  1  6  2  1  6  1 10 15 15
  7 19  5 17  3  9  4 16 16 19 10  9  7 16  7 16  6 14 20 14  3  3  8  9
 13 14  4  9]
,[0.31818182 0.82352941 0.70588235 0.56521739 0.58333333 0.7
 0.625      0.66666667 0.47619048 0.94736842 0.52631579 0.51851852
 0.46666667 0.4516129  0.0952381  0.14285714 0.27272727 0.6
 0.57894737 0.53333333 0.40909091 0.5        0.47058824 0.16
 0.5625     0.6        0.85714286 0.88888889 0.65217391 0.46153846
 0.68       0.47058824 0.32142857 0.60869565 0.38888889 0.8
 0.36666667 0.16666667 0.64285714 0.625      0.76923077 0.28125
 0.61538462 0.69230769 0.53333333 0.36666667 1.         0.5
 0.48275862 0.75       0.61111111 0.78571429 0.7        0.51851852
 0.22916667 0.34042553 0.48387097 0.66666667 0.46153846 0.625
 0.23636364 0.91666667 0.72727273 0.14285714 0.5        0.25
 0.09090909 0.3        0.2        0.38461538 0.83333333 0.57692308
 0.53846154 0.79166667 0.55555556 0.89473684 0.42857143 0.31034483
 0.25       0.64       0.36363636 0.86363636 0.47619048 0.52941176
 0.36842105 0.55172414 0.58333333 0.8        0.6        0.77777778
 0.95238095 0.4516129  0.25       0.33333333 0.8        0.69230769
 0.65       0.63636364 0.57142857 0.64285714]
,[0.35 0.7  0.6  0.65 0.7  0.35 0.25 0.3  0.5  0.9  0.5  0.7  0.7  0.7
 0.1  0.05 0.3  0.75 0.55 0.4  0.45 0.5  0.4  0.2  0.45 0.75 0.9  0.8
 0.75 0.9  0.85 0.4  0.45 0.7  0.35 0.8  0.55 0.05 0.45 0.5  0.5  0.45
 0.8  0.45 0.4  0.55 0.15 0.8  0.7  0.45 0.55 0.55 0.35 0.7  0.55 0.8
 0.75 0.9  0.3  0.5  0.65 0.55 0.8  0.05 0.3  0.1  0.05 0.3  0.05 0.5
 0.75 0.75 0.35 0.95 0.25 0.85 0.15 0.45 0.2  0.8  0.8  0.95 0.5  0.45
 0.35 0.8  0.35 0.8  0.3  0.7  1.   0.7  0.15 0.15 0.4  0.45 0.65 0.7
 0.2  0.45]
,[0.33333333 0.75675676 0.64864865 0.60465116 0.63636364 0.46666667
 0.35714286 0.4137931  0.48780488 0.92307692 0.51282051 0.59574468
 0.56       0.54901961 0.09756098 0.07407407 0.28571429 0.66666667
 0.56410256 0.45714286 0.42857143 0.5        0.43243243 0.17777778
 0.5        0.66666667 0.87804878 0.84210526 0.69767442 0.61016949
 0.75555556 0.43243243 0.375      0.65116279 0.36842105 0.8
 0.44       0.07692308 0.52941176 0.55555556 0.60606061 0.34615385
 0.69565217 0.54545455 0.45714286 0.44       0.26086957 0.61538462
 0.57142857 0.5625     0.57894737 0.64705882 0.46666667 0.59574468
 0.32352941 0.47761194 0.58823529 0.76595745 0.36363636 0.55555556
 0.34666667 0.6875     0.76190476 0.07407407 0.375      0.14285714
 0.06451613 0.3        0.08       0.43478261 0.78947368 0.65217391
 0.42424242 0.86363636 0.34482759 0.87179487 0.22222222 0.36734694
 0.22222222 0.71111111 0.5        0.9047619  0.48780488 0.48648649
 0.35897436 0.65306122 0.4375     0.8        0.4        0.73684211
 0.97560976 0.54901961 0.1875     0.20689655 0.53333333 0.54545455
 0.65       0.66666667 0.2962963  0.52941176]
