mACC, mP, mR, mF1, ACC, P, R, F1
0.652,0.6956518282694363,0.6520000000000001,0.651227926941185
,[ 3 13 15 11 14 11 16 15 10 17 10 10 11 15 10  5 12 14 16 12 17 11 17 10
 14 15 19 17 20 14 17 12 12  9 12 20  8  3 16 12 18 11 18 10  8 17 10 17
 15 14 15 15 13 14 10 10 18 18  8 11 13 17 18  7 10  3  5 12  3 13 19 14
  7 15 14 18  4 19 12 16 20 19 14 11  8 16 15 19 16  9 20 12  4 12 10 15
 19 19 13  9]
,[0.33333333 0.68421053 0.71428571 0.64705882 0.66666667 0.18965517
 0.64       0.9375     0.90909091 1.         0.4        0.76923077
 0.78571429 0.71428571 0.76923077 0.25       0.92307692 0.60869565
 0.3902439  0.63157895 0.56666667 0.84615385 0.45945946 0.41666667
 0.82352941 1.         0.82608696 0.85       0.83333333 0.77777778
 1.         0.8        0.42857143 0.81818182 0.4137931  0.90909091
 1.         0.33333333 0.61538462 0.57142857 0.66666667 0.36666667
 0.69230769 0.5        0.66666667 0.68       0.90909091 0.65384615
 0.88235294 0.63636364 0.68181818 0.83333333 0.92857143 0.58333333
 0.625      0.45454545 0.6        0.69230769 0.66666667 0.84615385
 0.39393939 0.73913043 0.94736842 0.63636364 0.90909091 0.25
 0.13888889 0.75       0.42857143 0.92857143 1.         0.73684211
 0.77777778 1.         0.73684211 1.         0.66666667 0.73076923
 0.4137931  0.8        0.40816327 0.95       0.60869565 0.64705882
 0.42105263 0.8        0.71428571 0.73076923 0.76190476 0.9
 0.90909091 0.57142857 0.57142857 0.63157895 1.         0.88235294
 0.76       0.59375    1.         0.9       ]
,[0.15 0.65 0.75 0.55 0.7  0.55 0.8  0.75 0.5  0.85 0.5  0.5  0.55 0.75
 0.5  0.25 0.6  0.7  0.8  0.6  0.85 0.55 0.85 0.5  0.7  0.75 0.95 0.85
 1.   0.7  0.85 0.6  0.6  0.45 0.6  1.   0.4  0.15 0.8  0.6  0.9  0.55
 0.9  0.5  0.4  0.85 0.5  0.85 0.75 0.7  0.75 0.75 0.65 0.7  0.5  0.5
 0.9  0.9  0.4  0.55 0.65 0.85 0.9  0.35 0.5  0.15 0.25 0.6  0.15 0.65
 0.95 0.7  0.35 0.75 0.7  0.9  0.2  0.95 0.6  0.8  1.   0.95 0.7  0.55
 0.4  0.8  0.75 0.95 0.8  0.45 1.   0.6  0.2  0.6  0.5  0.75 0.95 0.95
 0.65 0.45]
,[0.20689655 0.66666667 0.73170732 0.59459459 0.68292683 0.28205128
 0.71111111 0.83333333 0.64516129 0.91891892 0.44444444 0.60606061
 0.64705882 0.73170732 0.60606061 0.25       0.72727273 0.65116279
 0.52459016 0.61538462 0.68       0.66666667 0.59649123 0.45454545
 0.75675676 0.85714286 0.88372093 0.85       0.90909091 0.73684211
 0.91891892 0.68571429 0.5        0.58064516 0.48979592 0.95238095
 0.57142857 0.20689655 0.69565217 0.58536585 0.76595745 0.44
 0.7826087  0.5        0.5        0.75555556 0.64516129 0.73913043
 0.81081081 0.66666667 0.71428571 0.78947368 0.76470588 0.63636364
 0.55555556 0.47619048 0.72       0.7826087  0.5        0.66666667
 0.49056604 0.79069767 0.92307692 0.4516129  0.64516129 0.1875
 0.17857143 0.66666667 0.22222222 0.76470588 0.97435897 0.71794872
 0.48275862 0.85714286 0.71794872 0.94736842 0.30769231 0.82608696
 0.48979592 0.8        0.57971014 0.95       0.65116279 0.59459459
 0.41025641 0.8        0.73170732 0.82608696 0.7804878  0.6
 0.95238095 0.58536585 0.2962963  0.61538462 0.66666667 0.81081081
 0.84444444 0.73076923 0.78787879 0.6       ]
