mACC, mP, mR, mF1, ACC, P, R, F1
0.1455,0.298762692093194,0.14550000000000002,0.12905937823521663
,[12  0  1  0  0  1  1  2  1  8  1  0  2  0  5  0 11 12  0  0  1  0  0  0
  1 20  8 15  7  0  1  8  0  1  4  5  0  0  0  0  1  1  0  2 11  1  0  0
  0  0  0  3  2  9  1  3  0  0  4  0  3  2  9  0  0  1  0  1  0  0  4  7
  0 20  0  4  2  2  0 14  1 14  0  1  0  3  0  4  1  0  3  2  7  3  1  0
 10  5  1  0]
,[0.04363636 0.         0.2        0.         0.         0.16666667
 0.03125    1.         0.08333333 1.         0.25       0.
 0.06451613 0.         0.09615385 0.         0.08088235 0.33333333
 0.         0.         1.         0.         0.         0.
 0.25       0.18018018 1.         0.36585366 0.22580645 0.
 0.01785714 0.10526316 0.         0.33333333 0.125      1.
 0.         0.         0.         0.         1.         0.16666667
 0.         1.         0.30555556 1.         0.         0.
 0.         0.         0.         1.         0.4        0.31034483
 1.         0.27272727 0.         0.         0.8        0.
 0.25       1.         0.9        0.         0.         0.1
 0.         0.05263158 0.         0.         0.8        0.63636364
 0.         0.04140787 0.         0.15384615 0.11764706 0.04255319
 0.         0.36842105 1.         0.19178082 0.         0.33333333
 0.         0.25       0.         1.         1.         0.
 1.         1.         0.33333333 0.1875     1.         0.
 0.90909091 1.         1.         0.        ]
,[0.6  0.   0.05 0.   0.   0.05 0.05 0.1  0.05 0.4  0.05 0.   0.1  0.
 0.25 0.   0.55 0.6  0.   0.   0.05 0.   0.   0.   0.05 1.   0.4  0.75
 0.35 0.   0.05 0.4  0.   0.05 0.2  0.25 0.   0.   0.   0.   0.05 0.05
 0.   0.1  0.55 0.05 0.   0.   0.   0.   0.   0.15 0.1  0.45 0.05 0.15
 0.   0.   0.2  0.   0.15 0.1  0.45 0.   0.   0.05 0.   0.05 0.   0.
 0.2  0.35 0.   1.   0.   0.2  0.1  0.1  0.   0.7  0.05 0.7  0.   0.05
 0.   0.15 0.   0.2  0.05 0.   0.15 0.1  0.35 0.15 0.05 0.   0.5  0.25
 0.05 0.  ]
,[0.08135593 0.         0.08       0.         0.         0.07692308
 0.03846154 0.18181818 0.0625     0.57142857 0.08333333 0.
 0.07843137 0.         0.13888889 0.         0.14102564 0.42857143
 0.         0.         0.0952381  0.         0.         0.
 0.08333333 0.30534351 0.57142857 0.49180328 0.2745098  0.
 0.02631579 0.16666667 0.         0.08695652 0.15384615 0.4
 0.         0.         0.         0.         0.0952381  0.07692308
 0.         0.18181818 0.39285714 0.0952381  0.         0.
 0.         0.         0.         0.26086957 0.16       0.36734694
 0.0952381  0.19354839 0.         0.         0.32       0.
 0.1875     0.18181818 0.6        0.         0.         0.06666667
 0.         0.05128205 0.         0.         0.32       0.4516129
 0.         0.07952286 0.         0.17391304 0.10810811 0.05970149
 0.         0.48275862 0.0952381  0.30107527 0.         0.08695652
 0.         0.1875     0.         0.33333333 0.0952381  0.
 0.26086957 0.18181818 0.34146341 0.16666667 0.0952381  0.
 0.64516129 0.4        0.0952381  0.        ]
