mACC, mP, mR, mF1, ACC, P, R, F1
0.6815,0.7176648823978483,0.6815000000000001,0.678504541004542
,[ 5 12 15 17 15 14 13 14 12 17 19 15 12 10  7  3 14 15 14  5 18 16 16  7
 14 18 19 16 19 16 18 10 17 14  9 18  9  7 16 13 17 12 18 10 13 17 11 18
  9 18 15 17 13 16 10 11 16 18 14  7  9 18 19  6 11  3  2 10  1  8 18 16
 10 19 15 18  4 19 11 20 16 19 16 13 10 18 13 15 15 17 20 14  5 14 15 19
 19 20 17 13]
,[0.2173913  0.8        0.83333333 0.60714286 0.78947368 0.17721519
 0.72222222 0.875      0.92307692 1.         0.28787879 0.75
 0.92307692 0.76923077 0.7        0.1875     0.93333333 0.625
 0.63636364 0.55555556 0.62068966 0.53333333 0.76190476 0.41176471
 0.82352941 0.69230769 0.95       1.         0.63333333 0.72727273
 0.85714286 0.83333333 0.56666667 0.77777778 0.64285714 0.94736842
 0.75       0.4375     0.72727273 0.61904762 0.73913043 0.52173913
 0.85714286 0.66666667 0.76470588 0.80952381 0.78571429 0.85714286
 0.81818182 0.75       0.68181818 0.73913043 0.61904762 0.61538462
 0.76923077 0.39285714 0.72727273 0.81818182 0.60869565 0.77777778
 0.39130435 0.85714286 0.9047619  0.5        0.91666667 0.27272727
 0.4        0.71428571 1.         1.         1.         0.88888889
 0.66666667 0.9047619  0.83333333 1.         0.25       0.67857143
 0.47826087 0.71428571 0.66666667 0.86363636 0.72727273 0.72222222
 0.45454545 0.64285714 0.68421053 0.9375     0.68181818 0.89473684
 0.95238095 0.56       0.45454545 0.63636364 0.9375     1.
 0.9047619  0.8        1.         0.92857143]
,[0.25 0.6  0.75 0.85 0.75 0.7  0.65 0.7  0.6  0.85 0.95 0.75 0.6  0.5
 0.35 0.15 0.7  0.75 0.7  0.25 0.9  0.8  0.8  0.35 0.7  0.9  0.95 0.8
 0.95 0.8  0.9  0.5  0.85 0.7  0.45 0.9  0.45 0.35 0.8  0.65 0.85 0.6
 0.9  0.5  0.65 0.85 0.55 0.9  0.45 0.9  0.75 0.85 0.65 0.8  0.5  0.55
 0.8  0.9  0.7  0.35 0.45 0.9  0.95 0.3  0.55 0.15 0.1  0.5  0.05 0.4
 0.9  0.8  0.5  0.95 0.75 0.9  0.2  0.95 0.55 1.   0.8  0.95 0.8  0.65
 0.5  0.9  0.65 0.75 0.75 0.85 1.   0.7  0.25 0.7  0.75 0.95 0.95 1.
 0.85 0.65]
,[0.23255814 0.68571429 0.78947368 0.70833333 0.76923077 0.28282828
 0.68421053 0.77777778 0.72727273 0.91891892 0.44186047 0.75
 0.72727273 0.60606061 0.46666667 0.16666667 0.8        0.68181818
 0.66666667 0.34482759 0.73469388 0.64       0.7804878  0.37837838
 0.75675676 0.7826087  0.95       0.88888889 0.76       0.76190476
 0.87804878 0.625      0.68       0.73684211 0.52941176 0.92307692
 0.5625     0.38888889 0.76190476 0.63414634 0.79069767 0.55813953
 0.87804878 0.57142857 0.7027027  0.82926829 0.64705882 0.87804878
 0.58064516 0.81818182 0.71428571 0.79069767 0.63414634 0.69565217
 0.60606061 0.45833333 0.76190476 0.85714286 0.65116279 0.48275862
 0.41860465 0.87804878 0.92682927 0.375      0.6875     0.19354839
 0.16       0.58823529 0.0952381  0.57142857 0.94736842 0.84210526
 0.57142857 0.92682927 0.78947368 0.94736842 0.22222222 0.79166667
 0.51162791 0.83333333 0.72727273 0.9047619  0.76190476 0.68421053
 0.47619048 0.75       0.66666667 0.83333333 0.71428571 0.87179487
 0.97560976 0.62222222 0.32258065 0.66666667 0.83333333 0.97435897
 0.92682927 0.88888889 0.91891892 0.76470588]
