mACC, mP, mR, mF1, ACC, P, R, F1
0.608,0.6360471558803096,0.6080000000000001,0.5886571044586597
,[ 7 13 14 14  9  3 18 10 11 17 10 16 18 16  3  4 15 11 11  8 17 14 11  1
 11 19 20 18 11 14 18 12  3 17  5 17 11  0 12 17 15 13 16  7 15  9  9 18
  7 18 14 16 17 13 13 11 15 20 11 14 16 18  6  9 15  5  1  2  3 11 18 10
  7 18  8 19  5 14  8 20 14 18 11  9  5 17 15 17 12  8 20 13  5  7 15 14
 17 17 12 10]
,[0.28       0.76470588 0.77777778 0.41176471 0.5625     1.
 0.34615385 0.625      0.84615385 0.60714286 0.55555556 0.76190476
 0.81818182 0.69565217 0.75       0.28571429 0.57692308 0.73333333
 0.5        0.88888889 0.65384615 0.38888889 0.64705882 1.
 0.73333333 0.76       0.8        0.81818182 0.73333333 0.77777778
 0.66666667 0.35294118 0.75       0.5862069  0.71428571 0.77272727
 0.40740741 0.         0.70588235 0.56666667 0.51724138 0.39393939
 0.66666667 0.58333333 0.625      0.64285714 0.75       0.36734694
 0.63636364 0.62068966 0.875      0.59259259 0.62962963 0.65
 0.43333333 0.40740741 0.71428571 0.625      0.91666667 0.58333333
 0.37209302 0.7826087  0.75       0.5        0.75       0.3125
 0.2        0.66666667 0.25       0.45833333 0.75       0.71428571
 0.4375     0.85714286 0.44444444 0.7037037  0.83333333 0.7
 0.38095238 0.625      0.63636364 0.94736842 0.78571429 0.64285714
 0.27777778 0.68       0.83333333 0.85       0.70588235 0.66666667
 0.95238095 0.56521739 0.33333333 0.63636364 1.         0.82352941
 0.70833333 0.5862069  0.63157895 1.        ]
,[0.35 0.65 0.7  0.7  0.45 0.15 0.9  0.5  0.55 0.85 0.5  0.8  0.9  0.8
 0.15 0.2  0.75 0.55 0.55 0.4  0.85 0.7  0.55 0.05 0.55 0.95 1.   0.9
 0.55 0.7  0.9  0.6  0.15 0.85 0.25 0.85 0.55 0.   0.6  0.85 0.75 0.65
 0.8  0.35 0.75 0.45 0.45 0.9  0.35 0.9  0.7  0.8  0.85 0.65 0.65 0.55
 0.75 1.   0.55 0.7  0.8  0.9  0.3  0.45 0.75 0.25 0.05 0.1  0.15 0.55
 0.9  0.5  0.35 0.9  0.4  0.95 0.25 0.7  0.4  1.   0.7  0.9  0.55 0.45
 0.25 0.85 0.75 0.85 0.6  0.4  1.   0.65 0.25 0.35 0.75 0.7  0.85 0.85
 0.6  0.5 ]
,[0.31111111 0.7027027  0.73684211 0.51851852 0.5        0.26086957
 0.5        0.55555556 0.66666667 0.70833333 0.52631579 0.7804878
 0.85714286 0.74418605 0.25       0.23529412 0.65217391 0.62857143
 0.52380952 0.55172414 0.73913043 0.5        0.59459459 0.0952381
 0.62857143 0.84444444 0.88888889 0.85714286 0.62857143 0.73684211
 0.76595745 0.44444444 0.25       0.69387755 0.37037037 0.80952381
 0.46808511 0.         0.64864865 0.68       0.6122449  0.49056604
 0.72727273 0.4375     0.68181818 0.52941176 0.5625     0.52173913
 0.4516129  0.73469388 0.77777778 0.68085106 0.72340426 0.65
 0.52       0.46808511 0.73170732 0.76923077 0.6875     0.63636364
 0.50793651 0.8372093  0.42857143 0.47368421 0.75       0.27777778
 0.08       0.17391304 0.1875     0.5        0.81818182 0.58823529
 0.38888889 0.87804878 0.42105263 0.80851064 0.38461538 0.7
 0.3902439  0.76923077 0.66666667 0.92307692 0.64705882 0.52941176
 0.26315789 0.75555556 0.78947368 0.85       0.64864865 0.5
 0.97560976 0.60465116 0.28571429 0.4516129  0.85714286 0.75675676
 0.77272727 0.69387755 0.61538462 0.66666667]
