mACC, mP, mR, mF1, ACC, P, R, F1
0.68,0.6956664268956156,0.68,0.6711785361492406
,[ 6 15 15 19 13 13 20 18 13 16 11 15 16 18 11  3 18 13 15 10 16 16 13  5
 11 18 19 16 16 10 18 14 13 16  8 19 13  1 15 15 18  7 16  5 13 18 10 19
 12 15 15 17 17 14 12 13 14 20  9 13 13 18 19 10 13  9  1 13  8  9 17 14
 10 18 15 18  8 16 10 19 14 20 14 11  5 10 14 15 13 15 20 10  6 12 14 20
 16 16 15 15]
,[0.4        0.88235294 0.65217391 0.475      0.76470588 0.48148148
 0.52631579 0.64285714 0.86666667 0.88888889 0.64705882 0.625
 0.94117647 0.72       0.84615385 0.3        0.72       0.68421053
 0.44117647 0.66666667 0.57142857 0.57142857 0.68421053 0.625
 0.84615385 0.85714286 0.9047619  0.88888889 0.69565217 0.71428571
 1.         0.4        0.8125     0.66666667 0.88888889 0.9047619
 0.54166667 0.33333333 0.75       0.65217391 0.64285714 0.31818182
 0.72727273 0.55555556 0.61904762 0.6        1.         0.61290323
 0.54545455 0.6        0.88235294 0.77272727 0.85       0.82352941
 0.54545455 0.34210526 0.60869565 0.71428571 0.81818182 0.5
 0.40625    1.         0.79166667 0.52631579 0.76470588 0.52941176
 0.33333333 0.65       0.61538462 0.81818182 0.85       0.73684211
 0.55555556 0.94736842 0.55555556 0.9        0.8        0.76190476
 0.625      0.76       0.73684211 0.86956522 0.7        0.57894737
 0.5        0.58823529 0.875      0.83333333 0.86666667 0.9375
 1.         0.71428571 0.33333333 0.5        0.82352941 0.95238095
 0.88888889 0.76190476 0.68181818 0.9375    ]
,[0.3  0.75 0.75 0.95 0.65 0.65 1.   0.9  0.65 0.8  0.55 0.75 0.8  0.9
 0.55 0.15 0.9  0.65 0.75 0.5  0.8  0.8  0.65 0.25 0.55 0.9  0.95 0.8
 0.8  0.5  0.9  0.7  0.65 0.8  0.4  0.95 0.65 0.05 0.75 0.75 0.9  0.35
 0.8  0.25 0.65 0.9  0.5  0.95 0.6  0.75 0.75 0.85 0.85 0.7  0.6  0.65
 0.7  1.   0.45 0.65 0.65 0.9  0.95 0.5  0.65 0.45 0.05 0.65 0.4  0.45
 0.85 0.7  0.5  0.9  0.75 0.9  0.4  0.8  0.5  0.95 0.7  1.   0.7  0.55
 0.25 0.5  0.7  0.75 0.65 0.75 1.   0.5  0.3  0.6  0.7  1.   0.8  0.8
 0.75 0.75]
,[0.34285714 0.81081081 0.69767442 0.63333333 0.7027027  0.55319149
 0.68965517 0.75       0.74285714 0.84210526 0.59459459 0.68181818
 0.86486486 0.8        0.66666667 0.2        0.8        0.66666667
 0.55555556 0.57142857 0.66666667 0.66666667 0.66666667 0.35714286
 0.66666667 0.87804878 0.92682927 0.84210526 0.74418605 0.58823529
 0.94736842 0.50909091 0.72222222 0.72727273 0.55172414 0.92682927
 0.59090909 0.08695652 0.75       0.69767442 0.75       0.33333333
 0.76190476 0.34482759 0.63414634 0.72       0.66666667 0.74509804
 0.57142857 0.66666667 0.81081081 0.80952381 0.85       0.75675676
 0.57142857 0.44827586 0.65116279 0.83333333 0.58064516 0.56521739
 0.5        0.94736842 0.86363636 0.51282051 0.7027027  0.48648649
 0.08695652 0.65       0.48484848 0.58064516 0.85       0.71794872
 0.52631579 0.92307692 0.63829787 0.9        0.53333333 0.7804878
 0.55555556 0.84444444 0.71794872 0.93023256 0.7        0.56410256
 0.33333333 0.54054054 0.77777778 0.78947368 0.74285714 0.83333333
 1.         0.58823529 0.31578947 0.54545455 0.75675676 0.97560976
 0.84210526 0.7804878  0.71428571 0.83333333]
