mACC, mP, mR, mF1, ACC, P, R, F1
0.496,0.5587720471325646,0.49599999999999994,0.48998010180843893
,[ 2 15 14 10  2  0 12  8  9 17  6  0 18 11 10  0  0  3 14 11 17 12 15  1
 10 14 19 15  8 10  1  5  1  1 16 18  0  0 15  9 14 11 12  9  6 10 13 19
 10 17 16 14 16 10  8 19  3  7 11 12  7 16 17 12  8 13  6  5  6 10 19 12
  4 19  7 17  2 12  2 16  9 19 14  7  5  2 16 12 14  2 20  2  5 11 15  4
 11 16 12  0]
,[0.2        1.         0.4375     0.52631579 0.5        0.
 0.5        1.         0.69230769 1.         0.3        0.
 0.5625     0.61111111 0.55555556 0.         0.         0.5
 0.15555556 0.44       0.80952381 0.48       0.75       0.125
 1.         0.25925926 0.95       0.68181818 1.         0.45454545
 0.02272727 0.83333333 0.08333333 0.25       0.3902439  0.94736842
 0.         0.         0.5        0.5625     0.875      0.30555556
 0.63157895 0.45       0.66666667 0.625      0.76470588 0.35185185
 0.4        0.45945946 0.19277108 0.93333333 0.72727273 0.83333333
 0.72727273 0.41304348 0.16666667 1.         0.84615385 0.75
 0.25925926 0.94117647 0.94444444 0.35294118 0.8        0.43333333
 0.125      0.29411765 0.3        1.         0.86363636 0.31578947
 0.66666667 0.86363636 0.7        0.94444444 0.15384615 0.66666667
 0.5        0.76190476 0.9        0.67857143 0.93333333 0.875
 0.38461538 0.22222222 0.57142857 0.85714286 0.58333333 0.14285714
 0.95238095 0.5        0.20833333 0.37931034 1.         1.
 0.91666667 0.76190476 0.92307692 0.        ]
,[0.1  0.75 0.7  0.5  0.1  0.   0.6  0.4  0.45 0.85 0.3  0.   0.9  0.55
 0.5  0.   0.   0.15 0.7  0.55 0.85 0.6  0.75 0.05 0.5  0.7  0.95 0.75
 0.4  0.5  0.05 0.25 0.05 0.05 0.8  0.9  0.   0.   0.75 0.45 0.7  0.55
 0.6  0.45 0.3  0.5  0.65 0.95 0.5  0.85 0.8  0.7  0.8  0.5  0.4  0.95
 0.15 0.35 0.55 0.6  0.35 0.8  0.85 0.6  0.4  0.65 0.3  0.25 0.3  0.5
 0.95 0.6  0.2  0.95 0.35 0.85 0.1  0.6  0.1  0.8  0.45 0.95 0.7  0.35
 0.25 0.1  0.8  0.6  0.7  0.1  1.   0.1  0.25 0.55 0.75 0.2  0.55 0.8
 0.6  0.  ]
,[0.13333333 0.85714286 0.53846154 0.51282051 0.16666667 0.
 0.54545455 0.57142857 0.54545455 0.91891892 0.3        0.
 0.69230769 0.57894737 0.52631579 0.         0.         0.23076923
 0.25454545 0.48888889 0.82926829 0.53333333 0.75       0.07142857
 0.66666667 0.37837838 0.95       0.71428571 0.57142857 0.47619048
 0.03125    0.38461538 0.0625     0.08333333 0.52459016 0.92307692
 0.         0.         0.6        0.5        0.77777778 0.39285714
 0.61538462 0.45       0.4137931  0.55555556 0.7027027  0.51351351
 0.44444444 0.59649123 0.31067961 0.8        0.76190476 0.625
 0.51612903 0.57575758 0.15789474 0.51851852 0.66666667 0.66666667
 0.29787234 0.86486486 0.89473684 0.44444444 0.53333333 0.52
 0.17647059 0.27027027 0.3        0.66666667 0.9047619  0.4137931
 0.30769231 0.9047619  0.46666667 0.89473684 0.12121212 0.63157895
 0.16666667 0.7804878  0.6        0.79166667 0.8        0.5
 0.3030303  0.13793103 0.66666667 0.70588235 0.63636364 0.11764706
 0.97560976 0.16666667 0.22727273 0.44897959 0.85714286 0.33333333
 0.6875     0.7804878  0.72727273 0.        ]
