mACC, mP, mR, mF1, ACC, P, R, F1
0.5409263959390863,0.49703005455452876,0.4156818058549771,0.412441485748506
,[ 86   0  26  66  90  30 117  66  28   3  89   0  31   0  14  12  11  19
   1  42  10  12  24   0   0  12  16   2  12   0  34  35   0   9  78   0
  13 114   2  39   0  72   0  20   9  21  18   1  16   1   4  71  19   1
  51   0   0  19  15  53  42   5  12   0   0  83  29]
,[0.3495935  0.         0.32098765 0.5        0.41666667 0.78947368
 0.47755102 0.51968504 0.93333333 0.75       0.712      0.
 0.51666667 0.         0.66666667 0.70588235 0.5        0.46341463
 0.2        0.65625    0.14084507 0.54545455 0.6        0.
 0.         0.70588235 0.8        1.         0.70588235 0.
 0.97142857 0.56451613 0.         0.69230769 0.78       0.
 0.65       0.58461538 0.66666667 0.92857143 0.         0.33027523
 0.         0.40816327 0.75       0.58333333 0.69230769 0.2
 0.72727273 0.25       0.8        0.68269231 0.9047619  1.
 0.57954545 0.         0.         0.9047619  0.78947368 0.59550562
 0.51851852 1.         0.66666667 0.         0.         0.664
 0.43939394]
,[0.70491803 0.         0.72222222 0.81481481 0.74380165 0.75
 0.87969925 0.86842105 0.65116279 0.13043478 0.86407767 0.
 0.86111111 0.         0.58333333 0.44444444 0.5        0.82608696
 0.04761905 0.6        0.19230769 0.44444444 0.43636364 0.
 0.         0.57142857 0.61538462 0.0952381  0.57142857 0.
 0.72340426 0.72916667 0.         0.42857143 0.84782609 0.
 0.5        0.7755102  0.08       0.69642857 0.         0.50704225
 0.         0.4        0.25       0.44680851 0.51428571 0.02941176
 0.55172414 0.04545455 0.14814815 0.92207792 0.54285714 0.04761905
 0.49514563 0.         0.         0.61290323 0.68181818 0.49074074
 0.6        0.16129032 0.35294118 0.         0.         0.81372549
 0.53703704]
,[0.4673913  0.         0.44444444 0.61971831 0.53412463 0.76923077
 0.61904762 0.65024631 0.76712329 0.22222222 0.78070175 0.
 0.64583333 0.         0.62222222 0.54545455 0.5        0.59375
 0.07692308 0.62686567 0.16260163 0.48979592 0.50526316 0.
 0.         0.63157895 0.69565217 0.17391304 0.63157895 0.
 0.82926829 0.63636364 0.         0.52941176 0.8125     0.
 0.56521739 0.66666667 0.14285714 0.79591837 0.         0.4
 0.         0.4040404  0.375      0.5060241  0.59016393 0.05128205
 0.62745098 0.07692308 0.25       0.78453039 0.67857143 0.09090909
 0.53403141 0.         0.         0.73076923 0.73170732 0.53807107
 0.55629139 0.27777778 0.46153846 0.         0.         0.73127753
 0.48333333]
