mACC, mP, mR, mF1, ACC, P, R, F1
0.5958121827411168,0.6084674180705169,0.507135714771593,0.508483841166184
,[ 52   0  22  60  72  29 106  54  37  16  91   0  28  10  24  20  13  16
   0  51   5  22  22   6   1  15  17   3  21  33  34  32   2   7  89   2
  18 130   2  40   5  76   0  17  14  24  15   2  22   2   5  69  22   9
  75   6   2  17  14  92  41   4  20   6   6  69  42]
,[0.4        0.         0.4        0.6185567  0.5625     0.87878788
 0.57608696 0.58064516 0.74       0.76190476 0.84259259 0.
 0.90322581 0.625      0.53333333 0.68965517 0.72222222 0.64
 0.         0.53125    0.18518519 0.31884058 0.47826087 1.
 0.5        0.83333333 0.89473684 0.5        0.875      0.48529412
 0.94444444 0.7804878  0.66666667 0.875      0.58552632 0.4
 0.36       0.57777778 1.         1.         0.5        0.52777778
 0.         0.36956522 0.93333333 0.70588235 0.57692308 0.22222222
 0.64705882 1.         0.55555556 0.84146341 1.         0.81818182
 0.46875    0.46153846 0.5        0.85       0.875      0.48677249
 0.68333333 0.8        0.54054054 0.46153846 0.35294118 0.67647059
 0.64615385]
,[0.42622951 0.         0.61111111 0.74074074 0.59504132 0.725
 0.79699248 0.71052632 0.86046512 0.69565217 0.88349515 0.
 0.77777778 0.43478261 1.         0.74074074 0.59090909 0.69565217
 0.         0.72857143 0.09615385 0.81481481 0.4        0.28571429
 0.04166667 0.71428571 0.65384615 0.14285714 1.         0.76744186
 0.72340426 0.66666667 0.0952381  0.33333333 0.9673913  0.0625
 0.69230769 0.88435374 0.08       0.71428571 0.22727273 0.53521127
 0.         0.34       0.38888889 0.5106383  0.42857143 0.05882353
 0.75862069 0.09090909 0.18518519 0.8961039  0.62857143 0.42857143
 0.72815534 0.27272727 0.08333333 0.5483871  0.63636364 0.85185185
 0.58571429 0.12903226 0.58823529 0.27272727 0.2        0.67647059
 0.77777778]
,[0.41269841 0.         0.48351648 0.6741573  0.57831325 0.79452055
 0.66876972 0.63905325 0.79569892 0.72727273 0.86255924 0.
 0.8358209  0.51282051 0.69565217 0.71428571 0.65       0.66666667
 0.         0.61445783 0.12658228 0.45833333 0.43564356 0.44444444
 0.07692308 0.76923077 0.75555556 0.22222222 0.93333333 0.59459459
 0.81927711 0.71910112 0.16666667 0.48275862 0.7295082  0.10810811
 0.47368421 0.69892473 0.14814815 0.83333333 0.3125     0.53146853
 0.         0.35416667 0.54901961 0.59259259 0.49180328 0.09302326
 0.6984127  0.16666667 0.27777778 0.86792453 0.77192982 0.5625
 0.57034221 0.34285714 0.14285714 0.66666667 0.73684211 0.61952862
 0.63076923 0.22222222 0.56338028 0.34285714 0.25531915 0.67647059
 0.70588235]
