mACC, mP, mR, mF1, ACC, P, R, F1
0.587246192893401,0.619454977235143,0.47585698650572733,0.4811184215857112
,[ 60   0   3  60  80  30 107  62  37  18  94   0  26  16  22  23  10  11
   1  47   9   5  14   3   0  13  17   1  21  25  40  32   2   9  90   1
  10 120   4  40   1 106   2   7  18  22  27   2  16   0   9  70  28   8
  64   5   1  16  10  92  45   9  12   0  10  89  19]
,[0.48387097 0.         0.5        0.74074074 0.43715847 0.76923077
 0.56020942 0.54385965 0.77083333 0.6        0.69117647 0.
 0.89655172 0.61538462 0.78571429 0.54761905 0.71428571 0.73333333
 1.         0.52808989 0.3        0.29411765 0.63636364 0.5
 0.         0.8125     0.80952381 1.         0.84       0.56818182
 0.6557377  0.68085106 0.66666667 0.81818182 0.45454545 1.
 0.58823529 0.65217391 0.57142857 0.86956522 0.2        0.41897233
 0.4        0.53846154 0.85714286 0.64705882 0.47368421 1.
 0.8        0.         0.45       0.67961165 0.93333333 0.8
 0.53781513 0.625      1.         0.84210526 0.90909091 0.48677249
 0.68181818 0.75       0.63157895 0.         0.76923077 0.60958904
 0.82608696]
,[0.49180328 0.         0.08333333 0.74074074 0.66115702 0.75
 0.80451128 0.81578947 0.86046512 0.7826087  0.91262136 0.
 0.72222222 0.69565217 0.91666667 0.85185185 0.45454545 0.47826087
 0.04761905 0.67142857 0.17307692 0.18518519 0.25454545 0.14285714
 0.         0.61904762 0.65384615 0.04761905 1.         0.58139535
 0.85106383 0.66666667 0.0952381  0.42857143 0.97826087 0.03125
 0.38461538 0.81632653 0.16       0.71428571 0.04545455 0.74647887
 0.0952381  0.14       0.5        0.46808511 0.77142857 0.05882353
 0.55172414 0.         0.33333333 0.90909091 0.8        0.38095238
 0.62135922 0.22727273 0.04166667 0.51612903 0.45454545 0.85185185
 0.64285714 0.29032258 0.35294118 0.         0.33333333 0.87254902
 0.35185185]
,[0.48780488 0.         0.14285714 0.74074074 0.52631579 0.75949367
 0.66049383 0.65263158 0.81318681 0.67924528 0.78661088 0.
 0.8        0.65306122 0.84615385 0.66666667 0.55555556 0.57894737
 0.09090909 0.59119497 0.2195122  0.22727273 0.36363636 0.22222222
 0.         0.7027027  0.72340426 0.09090909 0.91304348 0.57471264
 0.74074074 0.67368421 0.16666667 0.5625     0.62068966 0.06060606
 0.46511628 0.72507553 0.25       0.78431373 0.07407407 0.53670886
 0.15384615 0.22222222 0.63157895 0.54320988 0.58695652 0.11111111
 0.65306122 0.         0.38297872 0.77777778 0.86153846 0.51612903
 0.57657658 0.33333333 0.08       0.64       0.60606061 0.61952862
 0.66176471 0.41860465 0.45283019 0.         0.46511628 0.71774194
 0.49350649]
