mACC, mP, mR, mF1, ACC, P, R, F1
0.6884081902245707,0.6981430940872164,0.6498506494281542,0.6501773457920804
,[ 16  15  24   4  26   9   8  40  13  14  52  41   9  16  21  12  11  12
  14  12  23  18  20  17   8   0  18  16  16   5   9  18  11  18   9  19
  21   5   4  21  15   4  14  23   6  24   8  11  19  14  20   6  15  18
  11  12  14   6   3   5   9  17  16  20  12  10  13  12   5   5   8  21
  18   5   8  12  16  11  10   8  14   5  13  13  12  15  15  11   9  41
  16  39  14  19  14  49  13  16  13  19  25   8  22  14  46   9  13   4
  23  13   8  10  17  17   8  18  14  12   8  16  16  10  22  10   7  20
  24  15  38  15  14  35  24  17   1  15  29  25  10  13  20  16  21   9
 160   5  26  24  11  12  22  21  12  17  10   9  21  25  22  15  17  13
   1  15   4  10   4  28   9  15   9  17   6  13  14  13  14  19  12   3
  16  22  16  15   2  15  11   5  18  16   6  21  23  16   0  17   9  15
   5  14  16  10  10  15  13  17  20  17   2  18   2  24  15  25   9  13
  21  11   1  14  17  10   3  11  17  13  24  15   4  19  13  67   2  24
  18   5  17  17  11  39  12  15   9   1   7  12  13  11  11  19 156  24
  87  14  12  17]
,[0.94117647 0.78947368 0.68571429 0.44444444 0.89655172 0.47368421
 0.66666667 0.51948052 0.92857143 0.48275862 0.76470588 0.87234043
 0.9        0.84210526 0.72413793 0.8        0.91666667 0.6
 0.7        0.75       0.71875    0.52941176 0.8        0.68
 0.5        0.         0.85714286 0.69565217 0.88888889 0.625
 0.81818182 0.6        0.55       0.9        0.36       0.73076923
 0.61764706 0.55555556 0.5        0.7        0.88235294 0.66666667
 0.60869565 0.58974359 0.54545455 0.96       0.47058824 0.6875
 0.76       0.73684211 0.48780488 0.5        0.71428571 0.69230769
 0.6875     0.85714286 0.63636364 0.54545455 0.75       0.55555556
 0.81818182 0.89473684 0.94117647 0.95238095 0.85714286 1.
 0.8125     0.85714286 0.5        0.38461538 0.61538462 0.84
 0.69230769 0.55555556 0.47058824 0.85714286 1.         0.64705882
 0.66666667 0.32       0.66666667 0.83333333 0.86666667 0.8125
 0.70588235 0.9375     0.9375     0.78571429 0.6        0.62121212
 1.         0.84782609 0.82352941 0.9047619  0.73684211 0.41176471
 0.61904762 1.         0.8125     0.73076923 0.69444444 0.61538462
 0.75862069 0.73684211 0.42592593 0.69230769 1.         0.33333333
 0.63888889 1.         0.88888889 0.90909091 0.80952381 0.89473684
 0.8        0.9        0.73684211 0.8        0.57142857 0.84210526
 0.72727273 0.47619048 0.95652174 0.76923077 0.33333333 0.28169014
 0.68571429 0.57692308 0.92682927 0.48387097 0.46666667 0.83333333
 0.5106383  0.85       0.5        0.71428571 0.70731707 0.58139535
 0.83333333 0.76470588 0.64516129 0.69565217 0.80769231 1.
 0.91428571 0.33333333 0.54166667 0.57142857 0.6875     0.75
 1.         0.95454545 0.92307692 0.62962963 0.4        0.75
 0.72413793 0.78125    0.30136986 0.88235294 0.80952381 0.39393939
 0.33333333 0.88235294 0.30769231 0.66666667 0.57142857 0.84848485
 0.5625     0.45454545 0.64285714 0.80952381 0.54545455 0.86666667
 0.875      0.76470588 0.51851852 1.         0.54545455 0.5
 0.57142857 1.         0.59259259 0.83333333 0.66666667 0.9375
 0.73333333 0.55555556 0.7826087  0.76190476 0.4        0.53846154
 0.79310345 0.5        0.         0.73913043 0.52941176 0.68181818
 0.3125     0.36842105 0.94117647 0.90909091 1.         1.
 0.44827586 0.48571429 0.60606061 0.5483871  0.22222222 0.5625
 0.5        0.85714286 0.9375     0.80645161 0.81818182 0.76470588
 0.65625    1.         1.         0.875      1.         0.66666667
 0.33333333 0.55       0.89473684 0.68421053 0.8        0.55555556
 0.44444444 0.95       0.86666667 0.67676768 0.28571429 0.42857143
 0.85714286 0.83333333 0.65384615 0.80952381 0.73333333 0.92857143
 0.6        0.71428571 0.69230769 1.         0.46666667 0.57142857
 0.46428571 0.55       0.55       1.         0.83870968 1.
 0.90625    0.875      0.46153846 0.62962963]
,[0.8        0.75       0.77419355 0.15384615 0.86666667 0.5
 0.36363636 0.85106383 0.61904762 0.73684211 0.92857143 0.93181818
 0.45       0.88888889 0.84       0.63157895 0.52380952 0.57142857
 0.56       0.70588235 0.79310345 0.9        0.90909091 0.73913043
 0.34782609 0.         0.9        0.72727273 0.76190476 0.23809524
 0.5        0.85714286 0.52380952 0.9        0.5        0.86363636
 0.875      0.22727273 0.23529412 0.84       0.83333333 0.22222222
 0.56       0.92       0.35294118 0.88888889 0.42105263 0.52380952
 0.86363636 0.7        0.86956522 0.35294118 0.88235294 0.75
 0.55       0.57142857 0.63636364 0.31578947 0.17647059 0.27777778
 0.42857143 1.         0.64       0.74074074 0.57142857 0.58823529
 0.76470588 0.54545455 0.25       0.29411765 0.4        0.875
 0.9        0.2173913  0.47058824 0.70588235 0.84210526 0.61111111
 0.5        0.33333333 0.73684211 0.29411765 0.68421053 0.76470588
 0.52173913 0.9375     0.78947368 0.55       0.40909091 0.95348837
 0.84210526 0.95121951 0.60869565 0.9047619  0.77777778 0.85964912
 0.72222222 0.8        0.8125     1.         0.89285714 0.44444444
 0.95652174 0.7        0.85185185 0.5        0.72222222 0.23529412
 0.71875    0.76470588 0.47058824 0.58823529 0.70833333 0.70833333
 0.44444444 0.81818182 0.56       0.54545455 0.44444444 0.61538462
 0.94117647 0.47619048 0.95652174 0.52631579 0.33333333 0.40816327
 0.92307692 0.71428571 1.         0.78947368 0.73684211 0.92105263
 0.85714286 0.70833333 0.05263158 0.78947368 0.90625    0.64102564
 0.55555556 0.72222222 0.83333333 0.72727273 0.80769231 0.52941176
 1.         0.29411765 0.63414634 0.68571429 0.52380952 0.52173913
 1.         0.875      0.63157895 0.80952381 0.52631579 0.45
 1.         0.83333333 0.52380952 0.88235294 0.80952381 0.68421053
 0.05555556 0.71428571 0.22222222 0.52631579 0.22222222 1.
 0.47368421 0.71428571 0.52941176 0.85       0.27272727 0.76470588
 0.82352941 0.59090909 0.7        0.95       0.75       0.14285714
 0.8        0.91666667 0.8        0.88235294 0.0952381  0.88235294
 0.57894737 0.27777778 0.75       0.69565217 0.26086957 0.91304348
 0.65714286 0.69565217 0.         0.80952381 0.45       0.68181818
 0.23809524 0.7        0.94117647 0.5        0.52631579 0.9375
 0.72222222 0.85       0.86956522 0.77272727 0.0952381  0.7826087
 0.10526316 0.85714286 0.71428571 0.89285714 0.52941176 0.65
 1.         0.64705882 0.05882353 0.73684211 0.80952381 0.52631579
 0.1875     0.5        0.94444444 0.65       0.8        0.78947368
 0.21052632 1.         0.56521739 0.93055556 0.1        0.96
 0.7826087  0.25       0.94444444 0.85       0.64705882 0.95121951
 0.63157895 0.78947368 0.5        0.05263158 0.36842105 0.57142857
 0.68421053 0.64705882 0.55       0.95       0.975      1.
 1.         0.73684211 0.57142857 0.77272727]
,[0.86486486 0.76923077 0.72727273 0.22857143 0.88135593 0.48648649
 0.47058824 0.64516129 0.74285714 0.58333333 0.83870968 0.9010989
 0.6        0.86486486 0.77777778 0.70588235 0.66666667 0.58536585
 0.62222222 0.72727273 0.75409836 0.66666667 0.85106383 0.70833333
 0.41025641 0.         0.87804878 0.71111111 0.82051282 0.34482759
 0.62068966 0.70588235 0.53658537 0.9        0.41860465 0.79166667
 0.72413793 0.32258065 0.32       0.76363636 0.85714286 0.33333333
 0.58333333 0.71875    0.42857143 0.92307692 0.44444444 0.59459459
 0.80851064 0.71794872 0.625      0.4137931  0.78947368 0.72
 0.61111111 0.68571429 0.63636364 0.4        0.28571429 0.37037037
 0.5625     0.94444444 0.76190476 0.83333333 0.68571429 0.74074074
 0.78787879 0.66666667 0.33333333 0.33333333 0.48484848 0.85714286
 0.7826087  0.3125     0.47058824 0.77419355 0.91428571 0.62857143
 0.57142857 0.32653061 0.7        0.43478261 0.76470588 0.78787879
 0.6        0.9375     0.85714286 0.64705882 0.48648649 0.75229358
 0.91428571 0.89655172 0.7        0.9047619  0.75675676 0.55681818
 0.66666667 0.88888889 0.8125     0.84444444 0.78125    0.51612903
 0.84615385 0.71794872 0.56790123 0.58064516 0.83870968 0.27586207
 0.67647059 0.86666667 0.61538462 0.71428571 0.75555556 0.79069767
 0.57142857 0.85714286 0.63636364 0.64864865 0.5        0.71111111
 0.82051282 0.47619048 0.95652174 0.625      0.33333333 0.33333333
 0.78688525 0.63829787 0.96202532 0.6        0.57142857 0.875
 0.64       0.77272727 0.0952381  0.75       0.79452055 0.6097561
 0.66666667 0.74285714 0.72727273 0.71111111 0.80769231 0.69230769
 0.95522388 0.3125     0.58426966 0.62337662 0.59459459 0.61538462
 1.         0.91304348 0.75       0.70833333 0.45454545 0.5625
 0.84       0.80645161 0.3826087  0.88235294 0.80952381 0.5
 0.0952381  0.78947368 0.25806452 0.58823529 0.32       0.91803279
 0.51428571 0.55555556 0.58064516 0.82926829 0.36363636 0.8125
 0.84848485 0.66666667 0.59574468 0.97435897 0.63157895 0.22222222
 0.66666667 0.95652174 0.68085106 0.85714286 0.16666667 0.90909091
 0.64705882 0.37037037 0.76595745 0.72727273 0.31578947 0.67741935
 0.71875    0.58181818 0.         0.77272727 0.48648649 0.68181818
 0.27027027 0.48275862 0.94117647 0.64516129 0.68965517 0.96774194
 0.55319149 0.61818182 0.71428571 0.64150943 0.13333333 0.65454545
 0.17391304 0.85714286 0.81081081 0.84745763 0.64285714 0.7027027
 0.79245283 0.78571429 0.11111111 0.8        0.89473684 0.58823529
 0.24       0.52380952 0.91891892 0.66666667 0.8        0.65217391
 0.28571429 0.97435897 0.68421053 0.78362573 0.14814815 0.59259259
 0.81818182 0.38461538 0.77272727 0.82926829 0.6875     0.93975904
 0.61538462 0.75       0.58064516 0.1        0.41176471 0.57142857
 0.55319149 0.59459459 0.55       0.97435897 0.9017341  1.
 0.95081967 0.8        0.5106383  0.69387755]
