mACC, mP, mR, mF1, ACC, P, R, F1
0.5293923381770145,0.5378218346623782,0.4750126984660413,0.4713349908457762
,[  4  14  24   4  24   1   0  37   7   9  50  40  15   6  15  14  12   6
  17   1  11  16   1   0   4   0  18   8   8   0  10  12   8  18   0  17
   9   0   0  18   0   5  14   4   0  19  15  10   9   8  16   9  10  16
  14   5   0   5   0   0   7  16   0  23  16   7   5  13   0   0   0  21
  15   0   5  13  16   8   8   7  11  14  10   4   0  13  13   0  14  39
  14  18  17   7   0  42  12   0  13  17  24   0   0   0  50   1  12   1
  18  14  11   8  18  20   0  15  10  19   0  14  11   0  22   2   2   5
  17   8  38  15  10  34  23   5   0  14  16  35   0  14   3  15  23   1
 159   6  31  21   0   9   5  17   2   9   4   0  19  24  12   0  17   0
   6  19   1  13   3  26  11   8   3  15   2  12   8   7   9  19   8   2
   4  22  14  15   0  16  12   8  10  15   1  11  22  14   0  16  13  14
   2   7  15  15   2  15  13   4  14  16   0  13   6  24  15  27   1  16
  17  11   4  14  12   0   0  11   6  10  23   5   3  19  11  68   2   0
  18   7  10  16   9  40  14  14  10   0   0  14   7   6   3  18 160  24
  62  13  16   7]
,[1.         0.875      0.58536585 0.08510638 0.77419355 0.5
 0.         0.33944954 0.875      0.5625     0.98039216 0.47058824
 0.42857143 1.         1.         0.58333333 0.32432432 0.85714286
 0.60714286 1.         0.36666667 0.51612903 0.25       0.
 0.44444444 0.         0.75       0.21052632 0.8        0.
 0.76923077 0.52173913 0.28571429 1.         0.         0.80952381
 1.         0.         0.         0.94736842 0.         1.
 0.82352941 0.33333333 0.         0.95       0.375      0.47619048
 0.9        0.72727273 0.88888889 0.45       0.55555556 0.88888889
 0.77777778 0.71428571 0.         0.71428571 0.         0.
 0.12280702 0.94117647 0.         0.62162162 0.94117647 0.875
 0.5        0.76470588 0.         0.         0.         0.84
 0.78947368 0.         0.55555556 0.76470588 0.88888889 0.26666667
 0.34782609 0.875      0.84615385 0.38888889 0.37037037 1.
 0.         1.         0.92857143 0.         0.35       0.68421053
 1.         0.62068966 0.80952381 0.58333333 0.         0.28767123
 0.75       0.         0.72222222 0.80952381 0.58536585 0.
 0.         0.         0.34722222 0.33333333 0.92307692 0.03030303
 0.7826087  0.93333333 1.         0.66666667 0.85714286 0.55555556
 0.         0.53571429 0.47619048 0.33928571 0.         0.63636364
 0.84615385 0.         0.70967742 0.28571429 0.07142857 0.19230769
 0.43589744 0.88888889 0.66666667 0.51724138 0.71428571 0.64150943
 0.65714286 0.5        0.         0.26923077 0.55172414 0.2892562
 0.         0.73684211 1.         0.88235294 0.58974359 0.33333333
 0.8238342  0.28571429 0.28971963 0.72413793 0.         0.75
 0.5        0.77272727 0.66666667 0.69230769 0.30769231 0.
 1.         0.64864865 0.17647059 0.         0.56666667 0.
 0.13333333 0.95       0.16666667 0.8125     0.1875     0.86666667
 0.42307692 0.61538462 0.21428571 0.88235294 0.25       0.92307692
 0.28571429 0.77777778 0.34615385 1.         1.         0.22222222
 0.33333333 1.         0.66666667 0.75       0.         0.76190476
 0.66666667 0.57142857 0.90909091 0.75       0.1        1.
 0.43137255 0.63636364 0.         0.84210526 0.28888889 0.77777778
 0.5        1.         1.         0.53571429 0.13333333 0.57692308
 0.8125     0.11111111 0.875      1.         0.         0.54166667
 0.54545455 0.42105263 0.51724138 0.84375    1.         0.76190476
 0.62962963 0.78571429 0.28571429 0.46666667 0.92307692 0.
 0.         0.5        0.85714286 0.76923077 0.82142857 0.83333333
 0.10714286 0.63333333 0.78571429 0.59649123 0.07142857 0.
 0.85714286 0.7        1.         0.94117647 0.9        0.60606061
 0.41176471 0.875      1.         0.         0.         0.4516129
 1.         0.46153846 0.33333333 0.94736842 0.66666667 0.96
 0.62626263 0.68421053 0.37209302 0.77777778]
,[0.2        0.7        0.77419355 0.15384615 0.8        0.05555556
 0.         0.78723404 0.33333333 0.47368421 0.89285714 0.90909091
 0.75       0.33333333 0.6        0.73684211 0.57142857 0.28571429
 0.68       0.05882353 0.37931034 0.8        0.04545455 0.
 0.17391304 0.         0.9        0.36363636 0.38095238 0.
 0.55555556 0.57142857 0.38095238 0.9        0.         0.77272727
 0.375      0.         0.         0.72       0.         0.27777778
 0.56       0.16       0.         0.7037037  0.78947368 0.47619048
 0.40909091 0.4        0.69565217 0.52941176 0.58823529 0.66666667
 0.7        0.23809524 0.         0.26315789 0.         0.
 0.33333333 0.94117647 0.         0.85185185 0.76190476 0.41176471
 0.29411765 0.59090909 0.         0.         0.         0.875
 0.75       0.         0.29411765 0.76470588 0.84210526 0.44444444
 0.4        0.29166667 0.57894737 0.82352941 0.52631579 0.23529412
 0.         0.8125     0.68421053 0.         0.63636364 0.90697674
 0.73684211 0.43902439 0.73913043 0.33333333 0.         0.73684211
 0.66666667 0.         0.8125     0.89473684 0.85714286 0.
 0.         0.         0.92592593 0.05555556 0.66666667 0.05882353
 0.5625     0.82352941 0.64705882 0.47058824 0.75       0.83333333
 0.         0.68181818 0.4        0.86363636 0.         0.53846154
 0.64705882 0.         0.95652174 0.10526316 0.0952381  0.10204082
 0.65384615 0.38095238 1.         0.78947368 0.52631579 0.89473684
 0.82142857 0.20833333 0.         0.73684211 0.5        0.8974359
 0.         0.77777778 0.125      0.68181818 0.88461538 0.05882353
 0.99375    0.35294118 0.75609756 0.6        0.         0.39130435
 0.22727273 0.70833333 0.10526316 0.42857143 0.21052632 0.
 0.9047619  0.8        0.28571429 0.         0.80952381 0.
 0.33333333 0.9047619  0.05555556 0.68421053 0.16666667 0.92857143
 0.57894737 0.38095238 0.17647059 0.75       0.09090909 0.70588235
 0.47058824 0.31818182 0.45       0.95       0.5        0.0952381
 0.2        0.91666667 0.7        0.88235294 0.         0.94117647
 0.63157895 0.44444444 0.41666667 0.65217391 0.04347826 0.47826087
 0.62857143 0.60869565 0.         0.76190476 0.65       0.63636364
 0.0952381  0.35       0.88235294 0.75       0.10526316 0.9375
 0.72222222 0.2        0.60869565 0.72727273 0.         0.56521739
 0.31578947 0.85714286 0.71428571 0.96428571 0.05882353 0.8
 0.80952381 0.64705882 0.23529412 0.73684211 0.57142857 0.
 0.         0.5        0.33333333 0.5        0.76666667 0.26315789
 0.15789474 1.         0.47826087 0.94444444 0.1        0.
 0.7826087  0.35       0.55555556 0.8        0.52941176 0.97560976
 0.73684211 0.73684211 0.55555556 0.         0.         0.66666667
 0.36842105 0.35294118 0.15       0.9        1.         1.
 0.71264368 0.68421053 0.76190476 0.31818182]
,[0.33333333 0.77777778 0.66666667 0.10958904 0.78688525 0.1
 0.         0.47435897 0.48275862 0.51428571 0.93457944 0.62015504
 0.54545455 0.5        0.75       0.65116279 0.4137931  0.42857143
 0.64150943 0.11111111 0.37288136 0.62745098 0.07692308 0.
 0.25       0.         0.81818182 0.26666667 0.51612903 0.
 0.64516129 0.54545455 0.32653061 0.94736842 0.         0.79069767
 0.54545455 0.         0.         0.81818182 0.         0.43478261
 0.66666667 0.21621622 0.         0.80851064 0.50847458 0.47619048
 0.5625     0.51612903 0.7804878  0.48648649 0.57142857 0.76190476
 0.73684211 0.35714286 0.         0.38461538 0.         0.
 0.17948718 0.94117647 0.         0.71875    0.84210526 0.56
 0.37037037 0.66666667 0.         0.         0.         0.85714286
 0.76923077 0.         0.38461538 0.76470588 0.86486486 0.33333333
 0.37209302 0.4375     0.6875     0.52830189 0.43478261 0.38095238
 0.         0.89655172 0.78787879 0.         0.4516129  0.78
 0.84848485 0.51428571 0.77272727 0.42424242 0.         0.4137931
 0.70588235 0.         0.76470588 0.85       0.69565217 0.
 0.         0.         0.50505051 0.0952381  0.77419355 0.04
 0.65454545 0.875      0.78571429 0.55172414 0.8        0.66666667
 0.         0.6        0.43478261 0.48717949 0.         0.58333333
 0.73333333 0.         0.81481481 0.15384615 0.08163265 0.13333333
 0.52307692 0.53333333 0.8        0.625      0.60606061 0.74725275
 0.73015873 0.29411765 0.         0.3943662  0.52459016 0.4375
 0.         0.75675676 0.22222222 0.76923077 0.70769231 0.1
 0.90084986 0.31578947 0.41891892 0.65625    0.         0.51428571
 0.3125     0.73913043 0.18181818 0.52941176 0.25       0.
 0.95       0.71641791 0.21818182 0.         0.66666667 0.
 0.19047619 0.92682927 0.08333333 0.74285714 0.17647059 0.89655172
 0.48888889 0.47058824 0.19354839 0.81081081 0.13333333 0.8
 0.35555556 0.4516129  0.39130435 0.97435897 0.66666667 0.13333333
 0.25       0.95652174 0.68292683 0.81081081 0.         0.84210526
 0.64864865 0.5        0.57142857 0.69767442 0.06060606 0.64705882
 0.51162791 0.62222222 0.         0.8        0.4        0.7
 0.16       0.51851852 0.9375     0.625      0.11764706 0.71428571
 0.76470588 0.14285714 0.71794872 0.84210526 0.         0.55319149
 0.4        0.56470588 0.6        0.9        0.11111111 0.7804878
 0.70833333 0.70967742 0.25806452 0.57142857 0.70588235 0.
 0.         0.5        0.48       0.60606061 0.79310345 0.4
 0.12765957 0.7755102  0.59459459 0.7311828  0.08333333 0.
 0.81818182 0.46666667 0.71428571 0.86486486 0.66666667 0.74766355
 0.52830189 0.8        0.71428571 0.         0.         0.53846154
 0.53846154 0.4        0.20689655 0.92307692 0.8        0.97959184
 0.66666667 0.68421053 0.5        0.4516129 ]
