mACC, mP, mR, mF1, ACC, P, R, F1
0.43972919418758255,0.4739949264920281,0.3636473619429017,0.3703565635163718
,[  8   9  20   7  21   0   1  35   3   0  50  39   1   0  14   6  10   4
  13   8  18   4   9  14   5   1  13   2  10   0   6  14   7  13   7   9
  11   0   0  13  10   0  10  11   0  22   2   1  10   4   6   0  12   5
   7   7   7   1   0   2   5  14   6  15  11   6   7   2   0   2   0  17
  14   0   2   1  16   9   2   2   2   4   2   0   4   4   5   0   8  39
  10  39  19  13   4  39   8  10   3  13  19   0  17   8  37   1   8   1
  16   9   3   4  17  11   0   9   7  15   1  10   3   3  21   2   0  14
  21   7  38  13   7  28  22   8   0   0  26  25   2   4  12   3  17   5
 160   3  29  20   2  11   7  12   9  15   0   3  10  19  14   1  15   0
   1  16   0   2   2  24   0  10   1  10   2   6   7  13  11   7   0   2
   9  11   6  11   0   8   2   4   6   7   7   2  21   4   1  17   2   7
   0   7   8   6   1  14   2   6  12   6   0  10   2  21   9  18   9   5
  13   6   1   5   8   3   1  10  16   0  17   6   1   7   9  69   1   5
  11   0  11   5   9  38   4   7   0   0   2  12   2   1  10  18 160  24
  87  12   7   7]
,[1.         1.         0.36363636 0.2        0.80769231 0.
 0.09090909 0.31531532 0.27272727 0.         0.40650407 0.37142857
 0.16666667 0.         0.56       0.75       0.3125     0.57142857
 0.38235294 1.         0.58064516 0.33333333 0.42857143 0.73684211
 0.22727273 0.14285714 0.5        0.25       0.71428571 0.
 1.         0.42424242 0.23333333 0.72222222 0.53846154 0.9
 0.84615385 0.         0.         0.52       0.71428571 0.
 0.45454545 0.36666667 0.         0.56410256 0.5        0.5
 0.38461538 0.4        0.17647059 0.         0.75       0.35714286
 1.         0.53846154 0.31818182 0.33333333 0.         0.66666667
 0.33333333 0.60869565 0.3        0.71428571 0.42307692 0.66666667
 1.         0.4        0.         0.2        0.         0.68
 0.42424242 0.         0.33333333 0.5        0.88888889 0.75
 0.5        0.2        0.28571429 0.26666667 0.66666667 0.
 0.36363636 1.         0.83333333 0.         0.57142857 0.39393939
 0.71428571 0.62903226 0.54285714 0.72222222 0.44444444 0.19211823
 0.72727273 0.83333333 0.6        0.59090909 0.42222222 0.
 0.85       0.44444444 0.25874126 1.         0.88888889 0.5
 0.59259259 0.75       0.3        0.44444444 0.80952381 0.31428571
 0.         0.75       0.5        0.625      0.16666667 0.34482759
 0.42857143 0.375      0.77777778 0.4        0.         0.10769231
 0.328125   0.25       0.475      0.76470588 0.875      0.43076923
 0.5        0.57142857 0.         0.         0.74285714 0.33333333
 0.25       0.8        0.75       0.375      0.62962963 0.41666667
 0.42440318 0.25       0.25       0.26666667 0.66666667 0.34375
 0.63636364 0.8        1.         0.48387097 0.         0.23076923
 0.55555556 0.7037037  0.11864407 0.5        0.625      0.
 0.2        0.61538462 0.         0.66666667 0.28571429 0.5106383
 0.         0.35714286 0.16666667 0.83333333 0.28571429 1.
 0.875      0.65       0.73333333 0.77777778 0.         0.07692308
 0.42857143 1.         0.42857143 0.73333333 0.         1.
 0.66666667 0.66666667 0.3        0.38888889 0.46666667 0.4
 0.36206897 0.28571429 0.33333333 0.47222222 0.66666667 0.77777778
 0.         0.36842105 1.         0.6        0.25       0.875
 0.4        0.5        0.35294118 0.46153846 0.         0.37037037
 0.5        0.36842105 0.52941176 0.69230769 0.81818182 0.625
 0.72222222 0.75       0.33333333 0.55555556 0.34782609 1.
 0.14285714 0.52631579 0.88888889 0.         0.425      1.
 0.25       0.7        0.64285714 0.35025381 0.1        0.19230769
 0.78571429 0.         0.91666667 0.45454545 0.81818182 0.44705882
 0.66666667 0.7        0.         0.         0.66666667 0.44444444
 1.         1.         0.32258065 0.9        0.49844237 0.96
 0.77678571 0.66666667 0.58333333 0.29166667]
,[0.4        0.45       0.64516129 0.26923077 0.7        0.
 0.04545455 0.74468085 0.14285714 0.         0.89285714 0.88636364
 0.05       0.         0.56       0.31578947 0.47619048 0.19047619
 0.52       0.47058824 0.62068966 0.2        0.40909091 0.60869565
 0.2173913  0.04545455 0.65       0.09090909 0.47619048 0.
 0.33333333 0.66666667 0.33333333 0.65       0.38888889 0.40909091
 0.45833333 0.         0.         0.52       0.55555556 0.
 0.4        0.44       0.         0.81481481 0.10526316 0.04761905
 0.45454545 0.2        0.26086957 0.         0.70588235 0.20833333
 0.35       0.33333333 0.31818182 0.05263158 0.         0.11111111
 0.23809524 0.82352941 0.24       0.55555556 0.52380952 0.35294118
 0.41176471 0.09090909 0.         0.11764706 0.         0.70833333
 0.7        0.         0.11764706 0.05882353 0.84210526 0.5
 0.1        0.08333333 0.10526316 0.23529412 0.10526316 0.
 0.17391304 0.25       0.26315789 0.         0.36363636 0.90697674
 0.52631579 0.95121951 0.82608696 0.61904762 0.22222222 0.68421053
 0.44444444 0.5        0.1875     0.68421053 0.67857143 0.
 0.73913043 0.4        0.68518519 0.05555556 0.44444444 0.05882353
 0.5        0.52941176 0.17647059 0.23529412 0.70833333 0.45833333
 0.         0.40909091 0.28       0.68181818 0.05555556 0.38461538
 0.17647059 0.14285714 0.91304348 0.10526316 0.         0.28571429
 0.80769231 0.33333333 1.         0.68421053 0.36842105 0.73684211
 0.78571429 0.33333333 0.         0.         0.8125     0.64102564
 0.11111111 0.22222222 0.5        0.13636364 0.65384615 0.29411765
 1.         0.17647059 0.70731707 0.57142857 0.0952381  0.47826087
 0.31818182 0.5        0.47368421 0.71428571 0.         0.15
 0.47619048 0.63333333 0.33333333 0.05882353 0.71428571 0.
 0.05555556 0.76190476 0.         0.10526316 0.11111111 0.85714286
 0.         0.47619048 0.05882353 0.5        0.09090909 0.35294118
 0.41176471 0.59090909 0.55       0.35       0.         0.0952381
 0.45       0.45833333 0.3        0.64705882 0.         0.47058824
 0.10526316 0.22222222 0.25       0.30434783 0.30434783 0.08695652
 0.6        0.17391304 0.05555556 0.80952381 0.1        0.31818182
 0.         0.35       0.47058824 0.3        0.05263158 0.875
 0.11111111 0.3        0.52173913 0.27272727 0.         0.43478261
 0.10526316 0.75       0.42857143 0.64285714 0.52941176 0.25
 0.61904762 0.35294118 0.05882353 0.26315789 0.38095238 0.15789474
 0.0625     0.45454545 0.88888889 0.         0.56666667 0.31578947
 0.05263158 0.36842105 0.39130435 0.95833333 0.05       0.2
 0.47826087 0.         0.61111111 0.25       0.52941176 0.92682927
 0.21052632 0.36842105 0.         0.         0.10526316 0.57142857
 0.10526316 0.05882353 0.5        0.9        1.         1.
 1.         0.63157895 0.33333333 0.31818182]
,[0.57142857 0.62068966 0.46511628 0.2295082  0.75       0.
 0.06060606 0.44303797 0.1875     0.         0.55865922 0.52348993
 0.07692308 0.         0.56       0.44444444 0.37735849 0.28571429
 0.44067797 0.64       0.6        0.25       0.41860465 0.66666667
 0.22222222 0.06896552 0.56521739 0.13333333 0.57142857 0.
 0.5        0.51851852 0.2745098  0.68421053 0.4516129  0.5625
 0.59459459 0.         0.         0.52       0.625      0.
 0.42553191 0.4        0.         0.66666667 0.17391304 0.08695652
 0.41666667 0.26666667 0.21052632 0.         0.72727273 0.26315789
 0.51851852 0.41176471 0.31818182 0.09090909 0.         0.19047619
 0.27777778 0.7        0.26666667 0.625      0.46808511 0.46153846
 0.58333333 0.14814815 0.         0.14814815 0.         0.69387755
 0.52830189 0.         0.17391304 0.10526316 0.86486486 0.6
 0.16666667 0.11764706 0.15384615 0.25       0.18181818 0.
 0.23529412 0.4        0.4        0.         0.44444444 0.54929577
 0.60606061 0.75728155 0.65517241 0.66666667 0.2962963  0.3
 0.55172414 0.625      0.28571429 0.63414634 0.52054795 0.
 0.79069767 0.42105263 0.37563452 0.10526316 0.59259259 0.10526316
 0.54237288 0.62068966 0.22222222 0.30769231 0.75555556 0.37288136
 0.         0.52941176 0.35897436 0.65217391 0.08333333 0.36363636
 0.25       0.20689655 0.84       0.16666667 0.         0.15642458
 0.46666667 0.28571429 0.6440678  0.72222222 0.51851852 0.54368932
 0.61111111 0.42105263 0.         0.         0.7761194  0.43859649
 0.15384615 0.34782609 0.6        0.2        0.64150943 0.34482759
 0.59590317 0.20689655 0.36942675 0.36363636 0.16666667 0.4
 0.42424242 0.61538462 0.64285714 0.57692308 0.         0.18181818
 0.51282051 0.66666667 0.175      0.10526316 0.66666667 0.
 0.08695652 0.68085106 0.         0.18181818 0.16       0.64
 0.         0.40816327 0.08695652 0.625      0.13793103 0.52173913
 0.56       0.61904762 0.62857143 0.48275862 0.         0.08510638
 0.43902439 0.62857143 0.35294118 0.6875     0.         0.64
 0.18181818 0.33333333 0.27272727 0.34146341 0.36842105 0.14285714
 0.4516129  0.21621622 0.0952381  0.59649123 0.17391304 0.4516129
 0.         0.35897436 0.64       0.4        0.08695652 0.875
 0.17391304 0.375      0.42105263 0.34285714 0.         0.4
 0.17391304 0.49411765 0.47368421 0.66666667 0.64285714 0.35714286
 0.66666667 0.48       0.1        0.35714286 0.36363636 0.27272727
 0.08695652 0.48780488 0.88888889 0.         0.48571429 0.48
 0.08695652 0.48275862 0.48648649 0.51301115 0.06666667 0.19607843
 0.59459459 0.         0.73333333 0.32258065 0.64285714 0.6031746
 0.32       0.48275862 0.         0.         0.18181818 0.5
 0.19047619 0.11111111 0.39215686 0.9        0.66528067 0.97959184
 0.87437186 0.64864865 0.42424242 0.30434783]
