mACC, mP, mR, mF1, ACC, P, R, F1
0.19253632760898282,0.17941849030058785,0.106175192884055,0.09060447558501686
,[  0   2   7   1   8   0   0   4   1   0  48  13   0   0   0   3   0   1
   0   1   8   1   0   0   0   0   0   0   0   0   2   1   0   8   0   3
   0   0   0   0   0   0   0   2   0  11   0   1   1   0   0   0   1   0
   0   0   0   0   0   1   0   4   0   9   0   0   0   1   0   0   0   0
   0   0   1   0   0   0   4   0   0   2   0   1   0   0   0   0   1  21
   5  38   0   0   0  28   1   0   1   0  11   0   1   0  35   0   3   0
   1   7   1   2   1   3   0   0   0  14   0   0   1   0   1   1   0  10
  13   0  36   5   2  10  15   0   1   1  31  10   0   0   0   2  15   0
 160   0  16   2   0   2   0   1   0   0   0   0   0  16   9   0   0   0
   0   2   0   0   0  10   0   0   0   0   0   0   0   0   1   0   0   1
   0   0   0  11   0   0   0   0   1   0   0   0   1   1   0   7   0   0
   0   2   4   0   0  12   1   0   2   0   0   5   1  17   0   9   0   8
   0   1   0   1   0   0   0   0   0   0   3   0   0   1   0  65   0   2
   0   0   3   2   1  34   0   0   0   0   0   0   0   0   0   0 160  20
  87   0   0   5]
,[0.         0.18181818 0.15909091 0.05882353 0.53333333 0.
 0.         0.01687764 0.5        0.         0.09561753 0.08227848
 0.         0.         0.         0.6        0.         1.
 0.         0.33333333 0.32       0.25       0.         0.
 0.         0.         0.         0.         0.         0.
 0.5        0.25       0.         0.28571429 0.         0.75
 0.         0.         0.         0.         0.         0.
 0.         0.5        0.         0.23913043 0.         0.5
 1.         0.         0.         0.         0.5        0.
 0.         0.         0.         0.         0.         0.5
 0.         1.         0.         0.23684211 0.         0.
 0.         0.25       0.         0.         0.         0.
 0.         0.         0.14285714 0.         0.         0.
 0.44444444 0.         0.         0.15384615 0.         0.33333333
 0.         0.         0.         0.         0.33333333 0.42857143
 1.         0.17351598 0.         0.         0.         0.07486631
 0.06666667 0.         0.14285714 0.         0.28205128 0.
 1.         0.         0.17857143 0.         0.42857143 0.
 0.01818182 1.         0.33333333 0.66666667 0.07692308 0.75
 0.         0.         0.         0.34146341 0.         0.
 1.         0.         1.         0.33333333 0.         0.10309278
 0.25490196 0.         0.31304348 1.         0.33333333 0.41666667
 0.53571429 0.         0.5        0.33333333 0.52542373 0.05524862
 0.         0.         0.         0.66666667 0.28301887 0.
 0.24316109 0.         0.18604651 0.25       0.         0.22222222
 0.         0.25       0.         0.         0.         0.
 0.         0.35555556 0.11392405 0.         0.         0.
 0.         0.66666667 0.         0.         0.         0.1754386
 0.         0.         0.         0.         0.         0.
 0.         0.         1.         0.         0.         0.125
 0.         0.         0.         1.         0.         0.
 0.         0.         0.11111111 0.         0.         0.
 0.01       0.5        0.         0.33333333 0.         0.
 0.         1.         1.         0.         0.         0.66666667
 1.         0.         0.4        0.         0.         0.33333333
 0.33333333 0.14049587 0.         0.32142857 0.         0.61538462
 0.         1.         0.         1.         0.         0.
 0.         0.         0.         0.         0.09677419 0.
 0.         1.         0.         0.1419214  0.         0.66666667
 0.         0.         0.3        0.5        1.         0.1302682
 0.         0.         0.         0.         0.         0.
 0.         0.         0.         0.         0.24024024 1.
 0.55769231 0.         0.         0.27777778]
,[0.         0.1        0.22580645 0.03846154 0.26666667 0.
 0.         0.08510638 0.04761905 0.         0.85714286 0.29545455
 0.         0.         0.         0.15789474 0.         0.04761905
 0.         0.05882353 0.27586207 0.05       0.         0.
 0.         0.         0.         0.         0.         0.
 0.11111111 0.04761905 0.         0.4        0.         0.13636364
 0.         0.         0.         0.         0.         0.
 0.         0.08       0.         0.40740741 0.         0.04761905
 0.04545455 0.         0.         0.         0.05882353 0.
 0.         0.         0.         0.         0.         0.05555556
 0.         0.23529412 0.         0.33333333 0.         0.
 0.         0.04545455 0.         0.         0.         0.
 0.         0.         0.05882353 0.         0.         0.
 0.2        0.         0.         0.11764706 0.         0.05882353
 0.         0.         0.         0.         0.04545455 0.48837209
 0.26315789 0.92682927 0.         0.         0.         0.49122807
 0.05555556 0.         0.0625     0.         0.39285714 0.
 0.04347826 0.         0.64814815 0.         0.16666667 0.
 0.03125    0.41176471 0.05882353 0.11764706 0.04166667 0.125
 0.         0.         0.         0.63636364 0.         0.
 0.05882353 0.         0.04347826 0.05263158 0.         0.20408163
 0.5        0.         0.94736842 0.26315789 0.10526316 0.26315789
 0.53571429 0.         0.05263158 0.05263158 0.96875    0.25641026
 0.         0.         0.         0.09090909 0.57692308 0.
 1.         0.         0.3902439  0.05714286 0.         0.08695652
 0.         0.04166667 0.         0.         0.         0.
 0.         0.53333333 0.21428571 0.         0.         0.
 0.         0.0952381  0.         0.         0.         0.35714286
 0.         0.         0.         0.         0.         0.
 0.         0.         0.05       0.         0.         0.04761905
 0.         0.         0.         0.64705882 0.         0.
 0.         0.         0.04166667 0.         0.         0.
 0.02857143 0.04347826 0.         0.33333333 0.         0.
 0.         0.1        0.23529412 0.         0.         0.75
 0.05555556 0.         0.08695652 0.         0.         0.2173913
 0.05263158 0.60714286 0.         0.32142857 0.         0.4
 0.         0.05882353 0.         0.05263158 0.         0.
 0.         0.         0.         0.         0.1        0.
 0.         0.05263158 0.         0.90277778 0.         0.08
 0.         0.         0.16666667 0.1        0.05882353 0.82926829
 0.         0.         0.         0.         0.         0.
 0.         0.         0.         0.         1.         0.83333333
 1.         0.         0.         0.22727273]
,[0.         0.12903226 0.18666667 0.04651163 0.35555556 0.
 0.         0.02816901 0.08695652 0.         0.17204301 0.12871287
 0.         0.         0.         0.25       0.         0.09090909
 0.         0.1        0.2962963  0.08333333 0.         0.
 0.         0.         0.         0.         0.         0.
 0.18181818 0.08       0.         0.33333333 0.         0.23076923
 0.         0.         0.         0.         0.         0.
 0.         0.13793103 0.         0.30136986 0.         0.08695652
 0.08695652 0.         0.         0.         0.10526316 0.
 0.         0.         0.         0.         0.         0.1
 0.         0.38095238 0.         0.27692308 0.         0.
 0.         0.07692308 0.         0.         0.         0.
 0.         0.         0.08333333 0.         0.         0.
 0.27586207 0.         0.         0.13333333 0.         0.1
 0.         0.         0.         0.         0.08       0.45652174
 0.41666667 0.29230769 0.         0.         0.         0.12993039
 0.06060606 0.         0.08695652 0.         0.32835821 0.
 0.08333333 0.         0.28       0.         0.24       0.
 0.02298851 0.58333333 0.1        0.2        0.05405405 0.21428571
 0.         0.         0.         0.44444444 0.         0.
 0.11111111 0.         0.08333333 0.09090909 0.         0.1369863
 0.33766234 0.         0.47058824 0.41666667 0.16       0.32258065
 0.53571429 0.         0.0952381  0.09090909 0.68131868 0.09090909
 0.         0.         0.         0.16       0.37974684 0.
 0.39119804 0.         0.2519685  0.09302326 0.         0.125
 0.         0.07142857 0.         0.         0.         0.
 0.         0.42666667 0.14876033 0.         0.         0.
 0.         0.16666667 0.         0.         0.         0.23529412
 0.         0.         0.         0.         0.         0.
 0.         0.         0.0952381  0.         0.         0.06896552
 0.         0.         0.         0.78571429 0.         0.
 0.         0.         0.06060606 0.         0.         0.
 0.01481481 0.08       0.         0.33333333 0.         0.
 0.         0.18181818 0.38095238 0.         0.         0.70588235
 0.10526316 0.         0.14285714 0.         0.         0.26315789
 0.09090909 0.22818792 0.         0.32142857 0.         0.48484848
 0.         0.11111111 0.         0.1        0.         0.
 0.         0.         0.         0.         0.09836066 0.
 0.         0.1        0.         0.24528302 0.         0.14285714
 0.         0.         0.21428571 0.16666667 0.11111111 0.22516556
 0.         0.         0.         0.         0.         0.
 0.         0.         0.         0.         0.3874092  0.90909091
 0.71604938 0.         0.         0.25      ]
