mACC, mP, mR, mF1, ACC, P, R, F1
0.6532364597093792,0.6698805618305277,0.615163049527579,0.6123987377850373
,[ 15  13  24   8  25  10   5  40  18  11  50  43  15   8  24  12  13   9
  13  12  17  12  19  18  10   2  19   5  15   5   8  14  10  19   4  18
  21   2   1  18  16   5  17   1   4  21  11   9  16  11   0   5  15  17
  14  12  16   5   0   1   9  14  10  25  19   9  13  17   0   8  10  23
  17   0   8  14  16   9  10   1  13  13  10  14  15  15  15   0  18  41
  17  39  18  21   9  40   8  16  11  17  21   4  20  17  51   9  12   3
  25  15   8   9  21  15   6  17  15  16   1  15  13   8  21   2   1  13
  25  10  36  13  12  34  22  12   0  15  31  30   6  12  14  18  22   6
 160   8  26  21   9  18  20  17  12  20   0   7  21  22   4  11  18  10
   0  20   0  14   7  27   7  16  12  18   1  11  14  15  10  19  15   6
  16  22  16  16   0  15  13   7  17  18   2  16  22  16   0  20   8  15
   9   8  15  14   5  15  10  16  16  18   1  15   7  24  11  26  13  15
  21   9   3  16  20  16  11  13  15  15  18  15   7  19  12  70   1   9
  17   7  11  13  11  39  17  17   9   9   4  12   9  13   4  19 160  24
  74  12  17  16]
,[1.         0.8125     0.8        0.17391304 0.96153846 0.71428571
 0.26315789 0.56338028 0.5625     0.73333333 0.94339623 0.71666667
 0.71428571 1.         0.75       0.75       0.68421053 0.75
 0.86666667 0.85714286 0.70833333 0.4137931  0.59375    0.9
 0.625      0.0952381  0.41304348 0.83333333 0.6        0.41666667
 0.72727273 0.93333333 0.58823529 0.9047619  0.44444444 0.64285714
 0.58333333 0.4        0.2        0.81818182 0.69565217 0.83333333
 0.5862069  0.25       1.         0.91304348 0.5        0.69230769
 0.88888889 0.78571429 0.         0.83333333 1.         0.94444444
 0.73684211 0.66666667 0.44444444 0.38461538 0.         1.
 0.5625     1.         0.90909091 0.96153846 1.         1.
 0.86666667 0.77272727 0.         0.38095238 0.76923077 0.79310345
 0.45945946 0.         0.34782609 0.93333333 0.8        0.64285714
 0.4        1.         0.43333333 0.27083333 0.625      1.
 0.71428571 0.71428571 1.         0.         0.5        0.60294118
 0.94444444 0.72222222 0.9        0.80769231 1.         0.5
 0.53333333 0.59259259 0.91666667 0.89473684 0.65625    0.66666667
 0.8        0.68       0.34459459 0.81818182 1.         0.5
 0.86206897 0.88235294 1.         0.9        0.84       0.83333333
 0.42857143 0.89473684 0.75       0.76190476 1.         0.9375
 0.92857143 0.44444444 1.         0.5        0.1        0.34210526
 0.52083333 0.76923077 0.87804878 0.72222222 0.75       0.68
 0.73333333 0.92307692 0.         0.53571429 0.68888889 0.71428571
 1.         0.92307692 0.56       0.69230769 0.66666667 0.66666667
 0.83333333 0.57142857 0.60465116 0.63636364 0.34615385 0.66666667
 0.90909091 0.89473684 1.         0.60606061 0.         0.7
 0.80769231 0.73333333 0.17391304 0.6875     0.64285714 0.83333333
 0.         0.83333333 0.         0.77777778 0.63636364 0.79411765
 0.875      0.5        0.75       0.75       0.5        1.
 0.77777778 0.65217391 0.83333333 1.         0.88235294 0.17647059
 0.35555556 1.         0.57142857 0.72727273 0.         0.88235294
 0.72222222 0.77777778 0.77272727 0.66666667 0.66666667 0.94117647
 0.73333333 0.59259259 0.         0.46511628 0.61538462 0.625
 0.3        0.32       1.         0.7        0.55555556 0.9375
 0.52631579 0.8        0.55172414 0.62068966 0.33333333 0.57692308
 0.41176471 0.66666667 0.57894737 1.         0.59090909 0.78947368
 0.65625    0.81818182 0.27272727 0.76190476 0.83333333 0.88888889
 0.91666667 0.41935484 0.83333333 0.19480519 0.85714286 0.88235294
 0.63636364 0.9047619  0.75       0.67307692 0.2        0.36
 0.89473684 0.875      1.         0.76470588 0.84615385 0.72222222
 0.56666667 0.70833333 1.         0.5        0.57142857 0.52173913
 0.9        0.65       0.4        0.95       0.7079646  0.96
 0.38541667 0.8        0.53125    0.43243243]
,[0.75       0.65       0.77419355 0.30769231 0.83333333 0.55555556
 0.22727273 0.85106383 0.85714286 0.57894737 0.89285714 0.97727273
 0.75       0.44444444 0.96       0.63157895 0.61904762 0.42857143
 0.52       0.70588235 0.5862069  0.6        0.86363636 0.7826087
 0.43478261 0.09090909 0.95       0.22727273 0.71428571 0.23809524
 0.44444444 0.66666667 0.47619048 0.95       0.22222222 0.81818182
 0.875      0.09090909 0.05882353 0.72       0.88888889 0.27777778
 0.68       0.04       0.23529412 0.77777778 0.57894737 0.42857143
 0.72727273 0.55       0.         0.29411765 0.88235294 0.70833333
 0.7        0.57142857 0.72727273 0.26315789 0.         0.05555556
 0.42857143 0.82352941 0.4        0.92592593 0.9047619  0.52941176
 0.76470588 0.77272727 0.         0.47058824 0.5        0.95833333
 0.85       0.         0.47058824 0.82352941 0.84210526 0.5
 0.5        0.04166667 0.68421053 0.76470588 0.52631579 0.82352941
 0.65217391 0.9375     0.78947368 0.         0.81818182 0.95348837
 0.89473684 0.95121951 0.7826087  1.         0.5        0.70175439
 0.44444444 0.8        0.6875     0.89473684 0.75       0.22222222
 0.86956522 0.85       0.94444444 0.5        0.66666667 0.17647059
 0.78125    0.88235294 0.47058824 0.52941176 0.875      0.625
 0.33333333 0.77272727 0.6        0.72727273 0.05555556 0.57692308
 0.76470588 0.38095238 0.91304348 0.10526316 0.04761905 0.26530612
 0.96153846 0.47619048 0.94736842 0.68421053 0.63157895 0.89473684
 0.78571429 0.5        0.         0.78947368 0.96875    0.76923077
 0.33333333 0.66666667 0.58333333 0.81818182 0.84615385 0.35294118
 1.         0.47058824 0.63414634 0.6        0.42857143 0.7826087
 0.90909091 0.70833333 0.63157895 0.95238095 0.         0.35
 1.         0.73333333 0.0952381  0.64705882 0.85714286 0.52631579
 0.         0.95238095 0.         0.73684211 0.38888889 0.96428571
 0.36842105 0.76190476 0.70588235 0.9        0.04545455 0.64705882
 0.82352941 0.68181818 0.5        0.95       0.9375     0.28571429
 0.8        0.91666667 0.8        0.94117647 0.         0.88235294
 0.68421053 0.38888889 0.70833333 0.7826087  0.08695652 0.69565217
 0.62857143 0.69565217 0.         0.95238095 0.4        0.68181818
 0.42857143 0.4        0.88235294 0.7        0.26315789 0.9375
 0.55555556 0.8        0.69565217 0.81818182 0.04761905 0.65217391
 0.36842105 0.85714286 0.52380952 0.92857143 0.76470588 0.75
 1.         0.52941176 0.17647059 0.84210526 0.95238095 0.84210526
 0.6875     0.59090909 0.83333333 0.75       0.6        0.78947368
 0.36842105 1.         0.52173913 0.97222222 0.05       0.36
 0.73913043 0.35       0.61111111 0.65       0.64705882 0.95121951
 0.89473684 0.89473684 0.5        0.47368421 0.21052632 0.57142857
 0.47368421 0.76470588 0.2        0.95       1.         1.
 0.85057471 0.63157895 0.80952381 0.72727273]
,[0.85714286 0.72222222 0.78688525 0.22222222 0.89285714 0.625
 0.24390244 0.6779661  0.67924528 0.64705882 0.91743119 0.82692308
 0.73170732 0.61538462 0.84210526 0.68571429 0.65       0.54545455
 0.65       0.77419355 0.64150943 0.48979592 0.7037037  0.8372093
 0.51282051 0.09302326 0.57575758 0.35714286 0.65217391 0.3030303
 0.55172414 0.77777778 0.52631579 0.92682927 0.2962963  0.72
 0.7        0.14814815 0.09090909 0.76595745 0.7804878  0.41666667
 0.62962963 0.06896552 0.38095238 0.84       0.53658537 0.52941176
 0.8        0.64705882 0.         0.43478261 0.9375     0.80952381
 0.71794872 0.61538462 0.55172414 0.3125     0.         0.10526316
 0.48648649 0.90322581 0.55555556 0.94339623 0.95       0.69230769
 0.8125     0.77272727 0.         0.42105263 0.60606061 0.86792453
 0.59649123 0.         0.4        0.875      0.82051282 0.5625
 0.44444444 0.08       0.53061224 0.4        0.57142857 0.90322581
 0.68181818 0.81081081 0.88235294 0.         0.62068966 0.73873874
 0.91891892 0.82105263 0.8372093  0.89361702 0.66666667 0.58394161
 0.48484848 0.68085106 0.78571429 0.89473684 0.7        0.33333333
 0.83333333 0.75555556 0.5049505  0.62068966 0.8        0.26086957
 0.81967213 0.88235294 0.64       0.66666667 0.85714286 0.71428571
 0.375      0.82926829 0.66666667 0.74418605 0.10526316 0.71428571
 0.83870968 0.41025641 0.95454545 0.17391304 0.06451613 0.29885057
 0.67567568 0.58823529 0.91139241 0.7027027  0.68571429 0.77272727
 0.75862069 0.64864865 0.         0.63829787 0.80519481 0.74074074
 0.5        0.77419355 0.57142857 0.75       0.74576271 0.46153846
 0.90909091 0.51612903 0.61904762 0.61764706 0.38297872 0.72
 0.90909091 0.79069767 0.77419355 0.74074074 0.         0.46666667
 0.89361702 0.73333333 0.12307692 0.66666667 0.73469388 0.64516129
 0.         0.88888889 0.         0.75675676 0.48275862 0.87096774
 0.51851852 0.60377358 0.72727273 0.81818182 0.08333333 0.78571429
 0.8        0.66666667 0.625      0.97435897 0.90909091 0.21818182
 0.49230769 0.95652174 0.66666667 0.82051282 0.         0.88235294
 0.7027027  0.51851852 0.73913043 0.72       0.15384615 0.8
 0.67692308 0.64       0.         0.625      0.48484848 0.65217391
 0.35294118 0.35555556 0.9375     0.7        0.35714286 0.9375
 0.54054054 0.8        0.61538462 0.70588235 0.08333333 0.6122449
 0.38888889 0.75       0.55       0.96296296 0.66666667 0.76923077
 0.79245283 0.64285714 0.21428571 0.8        0.88888889 0.86486486
 0.78571429 0.49056604 0.83333333 0.30927835 0.70588235 0.83333333
 0.46666667 0.95       0.61538462 0.79545455 0.08       0.36
 0.80952381 0.5        0.75862069 0.7027027  0.73333333 0.82105263
 0.69387755 0.79069767 0.66666667 0.48648649 0.30769231 0.54545455
 0.62068966 0.7027027  0.26666667 0.95       0.82901554 0.97959184
 0.53046595 0.70588235 0.64150943 0.54237288]
