mACC, mP, mR, mF1, ACC, P, R, F1
0.6050198150594451,0.5830180667828406,0.5553376221235127,0.5347749167203678
,[ 17  13  23   0  24   0   6  35  13  15  52  37   9  11  22   3  13   3
  12  10  22  10  18  17   1   2  16  14  17   0   9  11   8  18   8  18
  20   2   2  19  15   3  13   3   0  23   4  10  13   5   9   4  14  15
   6  12  11   2   0   0   7  16  21  20  17  12  15  13   3   4   2  19
   7   0   8  10  16  13  12   6  14  13   7   4  11  16  15   0  10  37
  14  39  16  20  10  42  11  16   6  19  20   1  18  15  45   7  15   2
  23  12   6   9  19  17   3  18  16  16   7  12  14   3  23   6   3  17
  23  13  38  16  11  27  19  13   0  12  30  29   0  10  18  14  23  12
 160   8  28  23   1   8  21  21  12  20   0   0  18  26  12   3  19   2
   0  19   0   9   1  28   8  15   8  18   5  11  14  13   8  19  10   6
  13  22  16  15   0  15   7   5  18  14   7  11  24  12   0  19   9  16
   5   4  17   9   0  16   4  13  19  11   0  15   4  24  17  24  11  15
  21  13   0  14  18   2   8   6  16   0  20  12   5  19  14  66   0  22
  17   0  18  15  10  39  13  12   0   3   3  14   9   3   6  20 158  24
  87  12  15  17]
,[0.85       0.61904762 0.40350877 0.         0.8        0.
 0.66666667 0.41176471 0.76470588 0.53571429 0.66666667 0.86046512
 0.75       0.84615385 0.61111111 0.75       0.40625    0.6
 0.54545455 0.66666667 0.5        0.76923077 0.64285714 0.70833333
 1.         0.66666667 0.43243243 0.4375     0.80952381 0.
 0.69230769 0.73333333 0.72727273 0.9        0.4        0.45
 0.55555556 0.25       0.4        0.61290323 0.9375     0.42857143
 0.59090909 0.13636364 0.         0.88461538 0.8        0.5
 0.48148148 1.         0.6        0.57142857 0.4        0.53571429
 0.75       0.85714286 0.57894737 0.4        0.         0.
 0.53846154 0.76190476 0.72413793 0.95238095 0.80952381 0.85714286
 0.53571429 0.56521739 0.75       0.5        0.33333333 0.82608696
 0.875      0.         0.33333333 0.83333333 0.64       0.61904762
 0.5        0.35294118 0.56       0.34210526 1.         0.8
 0.42307692 0.72727273 0.625      0.         0.58823529 0.7254902
 0.66666667 0.65       0.69565217 0.66666667 0.83333333 0.30882353
 0.73333333 0.84210526 0.6        0.67857143 0.625      1.
 0.75       0.51724138 0.45       0.63636364 0.88235294 0.4
 0.39655172 1.         0.4        0.75       0.82608696 0.60714286
 1.         0.81818182 0.55172414 0.53333333 0.7        1.
 0.7        0.25       0.88461538 0.66666667 0.5        0.27868852
 0.71875    0.43333333 0.74509804 0.3902439  0.84615385 0.675
 0.42222222 0.92857143 0.         0.66666667 0.58823529 0.52727273
 0.         0.76923077 0.48648649 0.875      0.54761905 0.44444444
 0.75117371 0.36363636 0.51851852 0.41818182 0.33333333 0.57142857
 0.875      0.67741935 0.75       0.51282051 0.         0.
 0.5625     0.74285714 0.33333333 1.         0.54285714 0.4
 0.         0.86363636 0.         1.         0.5        0.7
 0.66666667 0.375      0.61538462 0.94736842 0.71428571 0.78571429
 0.63636364 0.52       0.57142857 1.         0.52631579 0.23076923
 0.35135135 0.91666667 0.51612903 0.55555556 0.         0.88235294
 0.7        0.625      0.72       0.5        0.38888889 0.5
 0.57142857 0.46153846 0.         0.7037037  0.28125    0.64
 0.35714286 0.22222222 0.77272727 0.5625     0.         0.94117647
 0.57142857 0.46428571 0.54285714 0.78571429 0.         0.53571429
 0.25       0.8        0.5862069  0.68571429 0.91666667 0.78947368
 0.63636364 0.86666667 0.         0.60869565 0.69230769 0.5
 0.88888889 0.42857143 0.94117647 0.         0.68965517 1.
 0.45454545 0.9047619  0.60869565 0.5840708  0.         0.25581395
 0.89473684 0.         0.69230769 0.40540541 0.90909091 0.73584906
 0.65       0.85714286 0.         0.5        1.         0.4516129
 0.69230769 0.33333333 0.75       0.95238095 0.76328502 1.
 0.81308411 0.8        0.5        0.53125   ]
,[0.85       0.65       0.74193548 0.         0.8        0.
 0.27272727 0.74468085 0.61904762 0.78947368 0.92857143 0.84090909
 0.45       0.61111111 0.88       0.15789474 0.61904762 0.14285714
 0.48       0.58823529 0.75862069 0.5        0.81818182 0.73913043
 0.04347826 0.09090909 0.8        0.63636364 0.80952381 0.
 0.5        0.52380952 0.38095238 0.9        0.44444444 0.81818182
 0.83333333 0.09090909 0.11764706 0.76       0.83333333 0.16666667
 0.52       0.12       0.         0.85185185 0.21052632 0.47619048
 0.59090909 0.25       0.39130435 0.23529412 0.82352941 0.625
 0.3        0.57142857 0.5        0.10526316 0.         0.
 0.33333333 0.94117647 0.84       0.74074074 0.80952381 0.70588235
 0.88235294 0.59090909 0.15       0.23529412 0.1        0.79166667
 0.35       0.         0.47058824 0.58823529 0.84210526 0.72222222
 0.6        0.25       0.73684211 0.76470588 0.36842105 0.23529412
 0.47826087 1.         0.78947368 0.         0.45454545 0.86046512
 0.73684211 0.95121951 0.69565217 0.95238095 0.55555556 0.73684211
 0.61111111 0.8        0.375      1.         0.71428571 0.05555556
 0.7826087  0.75       0.83333333 0.38888889 0.83333333 0.11764706
 0.71875    0.70588235 0.35294118 0.52941176 0.79166667 0.70833333
 0.16666667 0.81818182 0.64       0.72727273 0.38888889 0.46153846
 0.82352941 0.14285714 1.         0.31578947 0.14285714 0.34693878
 0.88461538 0.61904762 1.         0.84210526 0.57894737 0.71052632
 0.67857143 0.54166667 0.         0.63157895 0.9375     0.74358974
 0.         0.55555556 0.75       0.63636364 0.88461538 0.70588235
 1.         0.47058824 0.68292683 0.65714286 0.04761905 0.34782609
 0.95454545 0.875      0.63157895 0.95238095 0.         0.
 0.85714286 0.86666667 0.28571429 0.17647059 0.9047619  0.10526316
 0.         0.9047619  0.         0.47368421 0.05555556 1.
 0.42105263 0.71428571 0.47058824 0.9        0.22727273 0.64705882
 0.82352941 0.59090909 0.4        0.95       0.625      0.28571429
 0.65       0.91666667 0.8        0.88235294 0.         0.88235294
 0.36842105 0.27777778 0.75       0.60869565 0.30434783 0.47826087
 0.68571429 0.52173913 0.         0.9047619  0.45       0.72727273
 0.23809524 0.2        1.         0.45       0.         1.
 0.22222222 0.65       0.82608696 0.5        0.         0.65217391
 0.21052632 0.85714286 0.80952381 0.85714286 0.64705882 0.75
 1.         0.76470588 0.         0.73684211 0.85714286 0.10526316
 0.5        0.27272727 0.88888889 0.         0.66666667 0.63157895
 0.26315789 1.         0.60869565 0.91666667 0.         0.88
 0.73913043 0.         1.         0.75       0.58823529 0.95121951
 0.68421053 0.63157895 0.         0.15789474 0.15789474 0.66666667
 0.47368421 0.17647059 0.3        1.         0.9875     1.
 1.         0.63157895 0.71428571 0.77272727]
,[0.85       0.63414634 0.52272727 0.         0.8        0.
 0.38709677 0.53030303 0.68421053 0.63829787 0.7761194  0.85057471
 0.5625     0.70967742 0.72131148 0.26086957 0.49056604 0.23076923
 0.5106383  0.625      0.60273973 0.60606061 0.72       0.72340426
 0.08333333 0.16       0.56140351 0.51851852 0.80952381 0.
 0.58064516 0.61111111 0.5        0.9        0.42105263 0.58064516
 0.66666667 0.13333333 0.18181818 0.67857143 0.88235294 0.24
 0.55319149 0.12765957 0.         0.86792453 0.33333333 0.48780488
 0.53061224 0.4        0.47368421 0.33333333 0.53846154 0.57692308
 0.42857143 0.68571429 0.53658537 0.16666667 0.         0.
 0.41176471 0.84210526 0.77777778 0.83333333 0.80952381 0.77419355
 0.66666667 0.57777778 0.25       0.32       0.15384615 0.80851064
 0.5        0.         0.3902439  0.68965517 0.72727273 0.66666667
 0.54545455 0.29268293 0.63636364 0.47272727 0.53846154 0.36363636
 0.44897959 0.84210526 0.69767442 0.         0.51282051 0.78723404
 0.7        0.77227723 0.69565217 0.78431373 0.66666667 0.43523316
 0.66666667 0.82051282 0.46153846 0.80851064 0.66666667 0.10526316
 0.76595745 0.6122449  0.58441558 0.48275862 0.85714286 0.18181818
 0.51111111 0.82758621 0.375      0.62068966 0.80851064 0.65384615
 0.28571429 0.81818182 0.59259259 0.61538462 0.5        0.63157895
 0.75675676 0.18181818 0.93877551 0.42857143 0.22222222 0.30909091
 0.79310345 0.50980392 0.85393258 0.53333333 0.6875     0.69230769
 0.52054795 0.68421053 0.         0.64864865 0.72289157 0.61702128
 0.         0.64516129 0.59016393 0.73684211 0.67647059 0.54545455
 0.85790885 0.41025641 0.58947368 0.51111111 0.08333333 0.43243243
 0.91304348 0.76363636 0.68571429 0.66666667 0.         0.
 0.67924528 0.8        0.30769231 0.3        0.67857143 0.16666667
 0.         0.88372093 0.         0.64285714 0.1        0.82352941
 0.51612903 0.49180328 0.53333333 0.92307692 0.34482759 0.70967742
 0.71794872 0.55319149 0.47058824 0.97435897 0.57142857 0.25531915
 0.45614035 0.91666667 0.62745098 0.68181818 0.         0.88235294
 0.48275862 0.38461538 0.73469388 0.54901961 0.34146341 0.48888889
 0.62337662 0.48979592 0.         0.79166667 0.34615385 0.68085106
 0.28571429 0.21052632 0.87179487 0.5        0.         0.96969697
 0.32       0.54166667 0.65517241 0.61111111 0.         0.58823529
 0.22857143 0.82758621 0.68       0.76190476 0.75862069 0.76923077
 0.77777778 0.8125     0.         0.66666667 0.76595745 0.17391304
 0.64       0.33333333 0.91428571 0.         0.6779661  0.77419355
 0.33333333 0.95       0.60869565 0.71351351 0.         0.3963964
 0.80952381 0.         0.81818182 0.52631579 0.71428571 0.82978723
 0.66666667 0.72727273 0.         0.24       0.27272727 0.53846154
 0.5625     0.23076923 0.42857143 0.97560976 0.86103542 1.
 0.89690722 0.70588235 0.58823529 0.62962963]
