mACC, mP, mR, mF1, ACC, P, R, F1
0.6928665785997358,0.7247008109086042,0.6560719387670033,0.659357777860474
,[ 17  14  24   6  27   8   8  39   9  12  47  41  12   8  23  11   8  11
  16  15  24  18  20  18   4   3  18  12  19   5  10  16  12  18   8  16
  21   4   3  18  17   5  16  24  10  21  12  10  16  10  14   6  15  19
  16  14  16   6   0   1  12  16  16  25  19  12  16  16   0   6  10  23
  16   3   9  12  16   6   5   6  13   8  13  15  18  13  14  11  16  43
  15  38  17  21  13  45  11  16  13  16  25   8  21  17  43  10  13   3
  23  14  10  14  18  16   5  17  15  17   2  16  13   7  22  10   4  25
  24   7  38  18  12  34  23  14   2  12  31  29  10  13  18  19  21   3
 160   3  31  26  16  12  21  18  13  19   8   9  17  23  11  14  17   9
   3  20   9  10   9  26   9  15   7  18   1  11  15  15  10  18  13   4
  19  21  19  15   1  15  17   5  17  17   1  14  26  18   0  19  12  15
   7  17  17  17  14  15   9  17  18  19   4  16   6  21  15  26  12  14
  19  10   5  11  18  14   7  17  16  13  19  14   7  19  14  68   3  20
  18  14  16  15  11  38  17  17   7   8   3  13  11  13   8  20 160  24
  87  14  17  16]
,[0.89473684 0.875      0.82758621 0.4        1.         1.
 0.72727273 0.68421053 0.69230769 0.70588235 1.         0.82
 0.70588235 1.         0.76666667 0.6875     1.         0.84615385
 0.5        0.65217391 0.6        0.66666667 0.57142857 0.94736842
 0.26666667 0.6        0.48648649 0.66666667 0.57575758 0.71428571
 0.66666667 1.         0.6        0.85714286 0.8        0.66666667
 0.525      1.         0.2        0.9        0.70833333 0.83333333
 0.76190476 0.45283019 0.625      0.67741935 0.75       0.5
 0.94117647 1.         0.77777778 0.66666667 0.88235294 0.9047619
 0.84210526 0.7        0.61538462 0.46153846 0.         0.5
 0.38709677 1.         0.72727273 0.80645161 0.79166667 0.92307692
 0.66666667 0.66666667 0.         0.42857143 0.76923077 0.74193548
 0.69565217 0.5        0.6        0.92307692 0.88888889 1.
 0.5        0.6        0.76470588 1.         0.72222222 0.9375
 0.6        0.72222222 0.82352941 1.         0.48484848 0.65151515
 0.9375     0.82608696 0.85       0.95454545 0.8125     0.36
 0.84615385 0.84210526 0.8125     0.84210526 0.65789474 0.57142857
 0.875      0.89473684 0.47777778 0.71428571 1.         1.
 0.92       1.         0.83333333 0.82352941 0.94736842 0.94117647
 0.38461538 1.         0.68181818 0.73913043 1.         0.84210526
 0.86666667 0.875      1.         0.52631579 0.13793103 0.33333333
 0.5106383  1.         0.88372093 0.51428571 0.85714286 0.73913043
 0.6969697  1.         0.66666667 0.8        0.775      0.725
 0.90909091 0.92857143 0.81818182 0.55882353 0.61764706 0.75
 0.87912088 0.375      0.54385965 0.68421053 0.69565217 0.48
 0.91304348 1.         0.92857143 0.76       0.72727273 0.5625
 0.94444444 0.76666667 0.28205128 0.875      0.68       0.6
 1.         0.74074074 0.64285714 0.71428571 0.5625     0.89655172
 0.75       0.71428571 0.875      0.94736842 0.5        0.91666667
 0.83333333 0.68181818 0.625      1.         0.92857143 0.36363636
 0.61290323 1.         0.5        0.55555556 0.33333333 1.
 0.62962963 0.55555556 0.80952381 0.425      0.5        0.93333333
 0.59090909 0.75       0.         0.61290323 0.46153846 0.53571429
 0.4375     0.29824561 0.77272727 0.65384615 0.66666667 1.
 1.         0.56666667 0.51428571 0.9047619  0.57142857 0.69565217
 0.66666667 0.72413793 0.78947368 0.92857143 0.92307692 0.93333333
 0.76       0.83333333 0.83333333 0.84615385 0.9        0.875
 0.58333333 0.48571429 0.94117647 0.65       0.95       0.63636364
 0.77777778 1.         0.82352941 0.76404494 0.375      0.36363636
 0.85714286 0.7        0.8        0.9375     1.         0.82608696
 0.5862069  0.80952381 1.         0.88888889 0.42857143 0.68421053
 0.57894737 0.59090909 0.42105263 0.95238095 0.77294686 0.96
 0.44615385 0.73684211 0.43589744 0.57142857]
,[0.85       0.7        0.77419355 0.23076923 0.9        0.44444444
 0.36363636 0.82978723 0.42857143 0.63157895 0.83928571 0.93181818
 0.6        0.44444444 0.92       0.57894737 0.38095238 0.52380952
 0.64       0.88235294 0.82758621 0.9        0.90909091 0.7826087
 0.17391304 0.13636364 0.9        0.54545455 0.9047619  0.23809524
 0.55555556 0.76190476 0.57142857 0.9        0.44444444 0.72727273
 0.875      0.18181818 0.17647059 0.72       0.94444444 0.27777778
 0.64       0.96       0.58823529 0.77777778 0.63157895 0.47619048
 0.72727273 0.5        0.60869565 0.35294118 0.88235294 0.79166667
 0.8        0.66666667 0.72727273 0.31578947 0.         0.05555556
 0.57142857 0.94117647 0.64       0.92592593 0.9047619  0.70588235
 0.94117647 0.72727273 0.         0.35294118 0.5        0.95833333
 0.8        0.13043478 0.52941176 0.70588235 0.84210526 0.33333333
 0.25       0.25       0.68421053 0.47058824 0.68421053 0.88235294
 0.7826087  0.8125     0.73684211 0.55       0.72727273 1.
 0.78947368 0.92682927 0.73913043 1.         0.72222222 0.78947368
 0.61111111 0.8        0.8125     0.84210526 0.89285714 0.44444444
 0.91304348 0.85       0.7962963  0.55555556 0.72222222 0.17647059
 0.71875    0.82352941 0.58823529 0.82352941 0.75       0.66666667
 0.27777778 0.77272727 0.6        0.77272727 0.11111111 0.61538462
 0.76470588 0.33333333 0.95652174 0.52631579 0.19047619 0.51020408
 0.92307692 0.33333333 1.         0.94736842 0.63157895 0.89473684
 0.82142857 0.58333333 0.10526316 0.63157895 0.96875    0.74358974
 0.55555556 0.72222222 0.75       0.86363636 0.80769231 0.17647059
 1.         0.17647059 0.75609756 0.74285714 0.76190476 0.52173913
 0.95454545 0.75       0.68421053 0.9047619  0.42105263 0.45
 0.80952381 0.76666667 0.26190476 0.82352941 0.80952381 0.47368421
 0.16666667 0.95238095 0.5        0.52631579 0.5        0.92857143
 0.47368421 0.71428571 0.41176471 0.9        0.04545455 0.64705882
 0.88235294 0.68181818 0.5        0.9        0.8125     0.19047619
 0.95       0.875      0.95       0.88235294 0.04761905 0.88235294
 0.89473684 0.27777778 0.70833333 0.73913043 0.04347826 0.60869565
 0.74285714 0.7826087  0.         0.9047619  0.6        0.68181818
 0.33333333 0.85       1.         0.85       0.73684211 0.9375
 0.5        0.85       0.7826087  0.86363636 0.19047619 0.69565217
 0.31578947 0.75       0.71428571 0.92857143 0.70588235 0.7
 0.9047619  0.58823529 0.29411765 0.57894737 0.85714286 0.73684211
 0.4375     0.77272727 0.88888889 0.65       0.63333333 0.73684211
 0.36842105 1.         0.60869565 0.94444444 0.15       0.8
 0.7826087  0.7        0.88888889 0.75       0.64705882 0.92682927
 0.89473684 0.89473684 0.38888889 0.42105263 0.15789474 0.61904762
 0.57894737 0.76470588 0.4        1.         1.         1.
 1.         0.73684211 0.80952381 0.72727273]
,[0.87179487 0.77777778 0.8        0.29268293 0.94736842 0.61538462
 0.48484848 0.75       0.52941176 0.66666667 0.91262136 0.87234043
 0.64864865 0.61538462 0.83636364 0.62857143 0.55172414 0.64705882
 0.56140351 0.75       0.69565217 0.76595745 0.70175439 0.85714286
 0.21052632 0.22222222 0.63157895 0.6        0.7037037  0.35714286
 0.60606061 0.86486486 0.58536585 0.87804878 0.57142857 0.69565217
 0.65625    0.30769231 0.1875     0.8        0.80952381 0.41666667
 0.69565217 0.61538462 0.60606061 0.72413793 0.68571429 0.48780488
 0.82051282 0.66666667 0.68292683 0.46153846 0.88235294 0.84444444
 0.82051282 0.68292683 0.66666667 0.375      0.         0.1
 0.46153846 0.96969697 0.68085106 0.86206897 0.84444444 0.8
 0.7804878  0.69565217 0.         0.38709677 0.60606061 0.83636364
 0.74418605 0.20689655 0.5625     0.8        0.86486486 0.5
 0.33333333 0.35294118 0.72222222 0.64       0.7027027  0.90909091
 0.67924528 0.76470588 0.77777778 0.70967742 0.58181818 0.78899083
 0.85714286 0.87356322 0.79069767 0.97674419 0.76470588 0.49450549
 0.70967742 0.82051282 0.8125     0.84210526 0.75757576 0.5
 0.89361702 0.87179487 0.59722222 0.625      0.83870968 0.3
 0.80701754 0.90322581 0.68965517 0.82352941 0.8372093  0.7804878
 0.32258065 0.87179487 0.63829787 0.75555556 0.2        0.71111111
 0.8125     0.48275862 0.97777778 0.52631579 0.16       0.40322581
 0.65753425 0.5        0.9382716  0.66666667 0.72727273 0.80952381
 0.75409836 0.73684211 0.18181818 0.70588235 0.86111111 0.73417722
 0.68965517 0.8125     0.7826087  0.67857143 0.7        0.28571429
 0.93567251 0.24       0.63265306 0.71232877 0.72727273 0.5
 0.93333333 0.85714286 0.78787879 0.82608696 0.53333333 0.5
 0.87179487 0.76666667 0.27160494 0.84848485 0.73913043 0.52941176
 0.28571429 0.83333333 0.5625     0.60606061 0.52941176 0.9122807
 0.58064516 0.71428571 0.56       0.92307692 0.08333333 0.75862069
 0.85714286 0.68181818 0.55555556 0.94736842 0.86666667 0.25
 0.74509804 0.93333333 0.65517241 0.68181818 0.08333333 0.9375
 0.73913043 0.37037037 0.75555556 0.53968254 0.08       0.73684211
 0.65822785 0.76595745 0.         0.73076923 0.52173913 0.6
 0.37837838 0.44155844 0.87179487 0.73913043 0.7        0.96774194
 0.66666667 0.68       0.62068966 0.88372093 0.28571429 0.69565217
 0.42857143 0.73684211 0.75       0.92857143 0.8        0.8
 0.82608696 0.68965517 0.43478261 0.6875     0.87804878 0.8
 0.5        0.59649123 0.91428571 0.65       0.76       0.68292683
 0.5        1.         0.7        0.8447205  0.21428571 0.5
 0.81818182 0.7        0.84210526 0.83333333 0.78571429 0.87356322
 0.70833333 0.85       0.56       0.57142857 0.23076923 0.65
 0.57894737 0.66666667 0.41025641 0.97560976 0.8719346  0.97959184
 0.61702128 0.73684211 0.56666667 0.64      ]
