mACC, mP, mR, mF1, ACC, P, R, F1
0.5990752972258917,0.6153468055383736,0.5465181548704903,0.5537075030976714
,[ 14  13  24   7  25   7   9  39   8   4  50  40   8  12  21   9   8   9
  14   9  21  12  11  17   5   6  15   3  14   3   8  17   9  17   9  14
  16   5   4  17  12   3  16  25   2  19   6   4  20   9  13   7  14  13
   9   9  11   2   0   3   3  15  17  19  13   9  11  10   3   4   2  21
  19   3   4   8  17   8  10   9   9   4   9  10  10   9  11   8  10  40
  16  39  18  16  11  37  12  14  12  16  23   2  22  13  40   1  14   7
  24  12   6  11  20  15   3  15  16  16   4  11   9   8  23   5   4  19
  24  12  38  15  12  31  21  16   2   4  28  24   9  11  16  15  20   5
 160   2  28  21  10  13  16  16  11  16   3   6  17  23  20   7  19   4
   5  15   4   4   2  24   8  16   7  14   3  10  12  12  12  19   8   3
  14  20  14  12   2  13  10   4  13  12  11   9  25   8   1  19   5  13
   4  12  15  12   8  15   6  12  16  16   7  16   4  24  10  21  10   5
  17   9   5   9  13   3   0  17  16   4  22   7   2  18  11  68   2  17
  16   7  16   9  11  38   7  13   5   0   4  12   7   8  11  19 159  24
  87  12   8  15]
,[0.93333333 0.92857143 0.54545455 0.35       0.67567568 0.58333333
 0.42857143 0.38235294 1.         0.33333333 0.66666667 0.57971014
 0.66666667 0.92307692 0.6        0.52941176 0.42105263 0.6
 0.63636364 0.81818182 0.61764706 0.70588235 0.55       0.77272727
 0.19230769 0.42857143 0.68181818 0.33333333 0.73684211 0.27272727
 0.66666667 0.5862069  0.39130435 0.85       0.5625     0.66666667
 0.8        0.41666667 0.28571429 0.60714286 0.66666667 0.5
 0.57142857 0.56818182 0.5        0.86363636 0.5        0.66666667
 0.66666667 0.69230769 0.33333333 0.46666667 0.77777778 0.56521739
 0.81818182 0.81818182 0.36666667 0.25       0.         0.75
 0.23076923 0.65217391 0.47222222 0.67857143 0.65       0.81818182
 0.61111111 0.76923077 0.42857143 0.44444444 0.25       0.80769231
 0.63333333 0.21428571 0.33333333 0.8        0.94444444 0.66666667
 0.52631579 0.375      0.9        1.         1.         1.
 0.45454545 0.9        0.73333333 0.66666667 0.58823529 0.57142857
 0.72727273 0.62903226 0.64285714 0.88888889 1.         0.51388889
 0.8        0.82352941 0.75       0.84210526 0.53488372 0.4
 0.88       0.44827586 0.35714286 1.         0.93333333 0.53846154
 0.58536585 0.75       0.46153846 0.47826087 0.8        0.71428571
 0.6        0.78947368 0.55172414 0.69565217 0.66666667 0.55
 0.75       0.42105263 0.85185185 0.5        0.30769231 0.19587629
 0.45283019 0.4137931  0.7755102  0.68181818 0.70588235 0.62
 0.80769231 0.59259259 0.28571429 0.57142857 0.66666667 0.40677966
 0.81818182 0.91666667 0.72727273 0.46875    0.54054054 0.5
 0.69868996 0.5        0.4057971  0.525      0.58823529 0.5
 0.8        0.61538462 0.6875     0.53333333 0.3        0.5
 0.77272727 0.76666667 0.24096386 0.63636364 0.65517241 0.66666667
 0.27777778 0.71428571 0.5        0.66666667 0.5        0.72727273
 0.4        0.48484848 0.7        0.875      0.42857143 0.90909091
 0.8        0.92307692 0.70588235 0.95       0.5        0.12
 0.35       1.         0.58333333 0.6        0.125      0.92857143
 0.76923077 0.44444444 0.52       0.5        0.36666667 0.75
 0.58139535 0.47058824 0.33333333 0.7037037  0.625      0.76470588
 0.30769231 0.6        0.9375     0.57142857 0.66666667 0.9375
 0.85714286 0.46153846 0.61538462 0.94117647 0.38888889 0.57142857
 0.33333333 0.53333333 0.90909091 0.91304348 1.         0.55555556
 0.70833333 0.9        0.625      0.9        0.65       0.33333333
 0.         0.5483871  0.84210526 0.66666667 0.52380952 0.5
 0.33333333 0.75       0.73333333 0.59649123 0.1        0.425
 0.84210526 0.4375     0.69565217 0.75       0.78571429 0.74509804
 0.53846154 0.72222222 0.625      0.         0.36363636 0.63157895
 1.         1.         0.2972973  0.95       0.73271889 1.
 0.87878788 0.75       0.5        0.53571429]
,[0.7        0.65       0.77419355 0.26923077 0.83333333 0.38888889
 0.40909091 0.82978723 0.38095238 0.21052632 0.89285714 0.90909091
 0.4        0.66666667 0.84       0.47368421 0.38095238 0.42857143
 0.56       0.52941176 0.72413793 0.6        0.5        0.73913043
 0.2173913  0.27272727 0.75       0.13636364 0.66666667 0.14285714
 0.44444444 0.80952381 0.42857143 0.85       0.5        0.63636364
 0.66666667 0.22727273 0.23529412 0.68       0.66666667 0.16666667
 0.64       1.         0.11764706 0.7037037  0.31578947 0.19047619
 0.90909091 0.45       0.56521739 0.41176471 0.82352941 0.54166667
 0.45       0.42857143 0.5        0.10526316 0.         0.16666667
 0.14285714 0.88235294 0.68       0.7037037  0.61904762 0.52941176
 0.64705882 0.45454545 0.15       0.23529412 0.1        0.875
 0.95       0.13043478 0.23529412 0.47058824 0.89473684 0.44444444
 0.5        0.375      0.47368421 0.23529412 0.47368421 0.58823529
 0.43478261 0.5625     0.57894737 0.4        0.45454545 0.93023256
 0.84210526 0.95121951 0.7826087  0.76190476 0.61111111 0.64912281
 0.66666667 0.7        0.75       0.84210526 0.82142857 0.11111111
 0.95652174 0.65       0.74074074 0.05555556 0.77777778 0.41176471
 0.75       0.70588235 0.35294118 0.64705882 0.83333333 0.625
 0.16666667 0.68181818 0.64       0.72727273 0.22222222 0.42307692
 0.52941176 0.38095238 1.         0.26315789 0.19047619 0.3877551
 0.92307692 0.57142857 1.         0.78947368 0.63157895 0.81578947
 0.75       0.66666667 0.10526316 0.21052632 0.875      0.61538462
 0.5        0.61111111 0.66666667 0.68181818 0.76923077 0.29411765
 1.         0.11764706 0.68292683 0.6        0.47619048 0.56521739
 0.72727273 0.66666667 0.57894737 0.76190476 0.15789474 0.3
 0.80952381 0.76666667 0.47619048 0.41176471 0.9047619  0.21052632
 0.27777778 0.71428571 0.22222222 0.21052632 0.11111111 0.85714286
 0.42105263 0.76190476 0.41176471 0.7        0.13636364 0.58823529
 0.70588235 0.54545455 0.6        0.95       0.5        0.14285714
 0.7        0.83333333 0.7        0.70588235 0.0952381  0.76470588
 0.52631579 0.22222222 0.54166667 0.52173913 0.47826087 0.39130435
 0.71428571 0.34782609 0.05555556 0.9047619  0.25       0.59090909
 0.19047619 0.6        0.88235294 0.6        0.42105263 0.9375
 0.33333333 0.6        0.69565217 0.72727273 0.33333333 0.69565217
 0.21052632 0.85714286 0.47619048 0.75       0.58823529 0.25
 0.80952381 0.52941176 0.29411765 0.47368421 0.61904762 0.15789474
 0.         0.77272727 0.88888889 0.2        0.73333333 0.36842105
 0.10526316 0.94736842 0.47826087 0.94444444 0.1        0.68
 0.69565217 0.35       0.88888889 0.45       0.64705882 0.92682927
 0.36842105 0.68421053 0.27777778 0.         0.21052632 0.57142857
 0.36842105 0.47058824 0.55       0.95       0.99375    1.
 1.         0.63157895 0.38095238 0.68181818]
,[0.8        0.76470588 0.64       0.30434783 0.74626866 0.46666667
 0.41860465 0.52348993 0.55172414 0.25806452 0.76335878 0.7079646
 0.5        0.77419355 0.7        0.5        0.4        0.5
 0.59574468 0.64285714 0.66666667 0.64864865 0.52380952 0.75555556
 0.20408163 0.33333333 0.71428571 0.19354839 0.7        0.1875
 0.53333333 0.68       0.40909091 0.85       0.52941176 0.65116279
 0.72727273 0.29411765 0.25806452 0.64150943 0.66666667 0.25
 0.60377358 0.72463768 0.19047619 0.7755102  0.38709677 0.2962963
 0.76923077 0.54545455 0.41935484 0.4375     0.8        0.55319149
 0.58064516 0.5625     0.42307692 0.14814815 0.         0.27272727
 0.17647059 0.75       0.55737705 0.69090909 0.63414634 0.64285714
 0.62857143 0.57142857 0.22222222 0.30769231 0.14285714 0.84
 0.76       0.16216216 0.27586207 0.59259259 0.91891892 0.53333333
 0.51282051 0.375      0.62068966 0.38095238 0.64285714 0.74074074
 0.44444444 0.69230769 0.64705882 0.5        0.51282051 0.7079646
 0.7804878  0.75728155 0.70588235 0.82051282 0.75862069 0.57364341
 0.72727273 0.75675676 0.75       0.84210526 0.64788732 0.17391304
 0.91666667 0.53061224 0.48192771 0.10526316 0.84848485 0.46666667
 0.65753425 0.72727273 0.4        0.55       0.81632653 0.66666667
 0.26086957 0.73170732 0.59259259 0.71111111 0.33333333 0.47826087
 0.62068966 0.4        0.92       0.34482759 0.23529412 0.26027397
 0.60759494 0.48       0.87356322 0.73170732 0.66666667 0.70454545
 0.77777778 0.62745098 0.15384615 0.30769231 0.75675676 0.48979592
 0.62068966 0.73333333 0.69565217 0.55555556 0.63492063 0.37037037
 0.82262211 0.19047619 0.50909091 0.56       0.52631579 0.53061224
 0.76190476 0.64       0.62857143 0.62745098 0.20689655 0.375
 0.79069767 0.76666667 0.32       0.5        0.76       0.32
 0.27777778 0.71428571 0.30769231 0.32       0.18181818 0.78688525
 0.41025641 0.59259259 0.51851852 0.77777778 0.20689655 0.71428571
 0.75       0.68571429 0.64864865 0.95       0.5        0.13043478
 0.46666667 0.90909091 0.63636364 0.64864865 0.10810811 0.83870968
 0.625      0.2962963  0.53061224 0.5106383  0.41509434 0.51428571
 0.64102564 0.4        0.0952381  0.79166667 0.35714286 0.66666667
 0.23529412 0.6        0.90909091 0.58536585 0.51612903 0.9375
 0.48       0.52173913 0.65306122 0.82051282 0.35897436 0.62745098
 0.25806452 0.65753425 0.625      0.82352941 0.74074074 0.34482759
 0.75555556 0.66666667 0.4        0.62068966 0.63414634 0.21428571
 0.         0.64150943 0.86486486 0.30769231 0.61111111 0.42424242
 0.16       0.8372093  0.57894737 0.7311828  0.1        0.52307692
 0.76190476 0.38888889 0.7804878  0.5625     0.70967742 0.82608696
 0.4375     0.7027027  0.38461538 0.         0.26666667 0.6
 0.53846154 0.64       0.38596491 0.95       0.84350133 1.
 0.93548387 0.68571429 0.43243243 0.6       ]
