mACC, mP, mR, mF1, ACC, P, R, F1
0.5615482233502538,0.5640384200888755,0.46117447803198247,0.459036948382479
,[ 47   0  13  55  65  16 114  49  31  16  91   0  28   8  24  20   3  16
   0  48   5  18  12   2   0  16  23   6  21  29  38  30   0   6  91   1
  12 118   2  41   2  98   0  16  13  18  19   0  16   5   7  67  14   6
  66   6   5  22  11  82  53   5   9   3   2  74  36]
,[0.4017094  0.         0.36111111 0.67073171 0.49242424 0.8
 0.40860215 0.51041667 0.68888889 0.72727273 0.7398374  0.
 0.75675676 0.8        0.63157895 0.64516129 0.5        0.8
 0.         0.48484848 0.33333333 0.36       0.63157895 1.
 0.         0.76190476 0.359375   0.54545455 0.65625    0.58
 0.74509804 0.71428571 0.         0.66666667 0.53529412 1.
 0.48       0.60204082 0.66666667 0.82       0.66666667 0.47804878
 0.         0.3902439  0.46428571 0.69230769 0.42222222 0.
 0.66666667 0.55555556 0.63636364 0.78823529 0.77777778 0.66666667
 0.51968504 0.6        0.83333333 0.84615385 0.91666667 0.44324324
 0.53535354 0.625      0.75       0.375      0.66666667 0.74
 0.85714286]
,[0.3852459  0.         0.36111111 0.67901235 0.53719008 0.4
 0.85714286 0.64473684 0.72093023 0.69565217 0.88349515 0.
 0.77777778 0.34782609 1.         0.74074074 0.13636364 0.69565217
 0.         0.68571429 0.09615385 0.66666667 0.21818182 0.0952381
 0.         0.76190476 0.88461538 0.28571429 1.         0.6744186
 0.80851064 0.625      0.         0.28571429 0.98913043 0.03125
 0.46153846 0.80272109 0.08       0.73214286 0.09090909 0.69014085
 0.         0.32       0.36111111 0.38297872 0.54285714 0.
 0.55172414 0.22727273 0.25925926 0.87012987 0.4        0.28571429
 0.6407767  0.27272727 0.20833333 0.70967742 0.5        0.75925926
 0.75714286 0.16129032 0.26470588 0.13636364 0.06666667 0.7254902
 0.66666667]
,[0.39330544 0.         0.36111111 0.67484663 0.51383399 0.53333333
 0.55339806 0.56976744 0.70454545 0.71111111 0.80530973 0.
 0.76712329 0.48484848 0.77419355 0.68965517 0.21428571 0.74418605
 0.         0.56804734 0.14925373 0.46753247 0.32432432 0.17391304
 0.         0.76190476 0.51111111 0.375      0.79245283 0.62365591
 0.7755102  0.66666667 0.         0.4        0.69465649 0.06060606
 0.47058824 0.68804665 0.14285714 0.77358491 0.16       0.5648415
 0.         0.35164835 0.40625    0.49315068 0.475      0.
 0.60377358 0.32258065 0.36842105 0.82716049 0.52830189 0.4
 0.57391304 0.375      0.33333333 0.77192982 0.64705882 0.55972696
 0.62721893 0.25641026 0.39130435 0.2        0.12121212 0.73267327
 0.75      ]
