mACC, mP, mR, mF1, ACC, P, R, F1
0.36706852791878175,0.3195738109460841,0.22366027938340458,0.21425345509592858
,[ 64   0   0  57  45  12  82  43  12   0  70   0   7   0   6   0   1   5
   0  51   0  10  13   0   0   1   8   0   3   5  22   5   0   0  79   1
   0 123   0  35   0  58   0  11   2  11  21   2   8   0   0  70   4   0
  42   0   0   0   0  40  41   0   2   0   5  67  13]
,[0.28193833 0.         0.         0.44186047 0.34090909 0.46153846
 0.39047619 0.55844156 1.         0.         0.35714286 0.
 0.53846154 0.         1.         0.         1.         0.5
 0.         0.35664336 0.         0.55555556 0.56521739 0.
 0.         1.         1.         0.         0.75       0.19230769
 0.42307692 0.625      0.         0.         0.42021277 0.5
 0.         0.34166667 0.         0.85365854 0.         0.23966942
 0.         0.37931034 0.5        0.52380952 0.40384615 0.25
 0.88888889 0.         0.         0.56       0.66666667 0.
 0.28378378 0.         0.         0.         0.         0.31007752
 0.36936937 0.         0.33333333 0.         0.41666667 0.24100719
 0.59090909]
,[0.52459016 0.         0.         0.7037037  0.37190083 0.3
 0.61654135 0.56578947 0.27906977 0.         0.67961165 0.
 0.19444444 0.         0.25       0.         0.04545455 0.2173913
 0.         0.72857143 0.         0.37037037 0.23636364 0.
 0.         0.04761905 0.30769231 0.         0.14285714 0.11627907
 0.46808511 0.10416667 0.         0.         0.85869565 0.03125
 0.         0.83673469 0.         0.625      0.         0.4084507
 0.         0.22       0.05555556 0.23404255 0.6        0.05882353
 0.27586207 0.         0.         0.90909091 0.11428571 0.
 0.40776699 0.         0.         0.         0.         0.37037037
 0.58571429 0.         0.05882353 0.         0.16666667 0.65686275
 0.24074074]
,[0.36676218 0.         0.         0.54285714 0.35573123 0.36363636
 0.47813411 0.5620915  0.43636364 0.         0.46822742 0.
 0.28571429 0.         0.4        0.         0.08695652 0.3030303
 0.         0.47887324 0.         0.44444444 0.33333333 0.
 0.         0.09090909 0.47058824 0.         0.24       0.14492754
 0.44444444 0.17857143 0.         0.         0.56428571 0.05882353
 0.         0.4852071  0.         0.72164948 0.         0.30208333
 0.         0.27848101 0.1        0.32352941 0.48275862 0.0952381
 0.42105263 0.         0.         0.69306931 0.19512195 0.
 0.33466135 0.         0.         0.         0.         0.33755274
 0.45303867 0.         0.1        0.         0.23809524 0.35263158
 0.34210526]
