mACC, mP, mR, mF1, ACC, P, R, F1
0.6091370558375635,0.6075575832317609,0.5207596078347556,0.5394315364074199
,[ 71   6  17  63  64  28 105  47  30  14  94   0  23  14  23  18  13  10
  11  50  14  10  25   5   1  13  16   5  20  20  33  28   6   8  84   2
  13 111   8  49   0 100   4  24  18  29  22   6  17   6   9  70  31  10
  66   4   4  20   6  89  38  15  15   6  11  87  41]
,[0.6173913  0.54545455 0.44736842 0.48091603 0.68085106 0.7
 0.64814815 0.61038961 0.85714286 0.93333333 0.74015748 0.
 0.76666667 0.58333333 0.60526316 0.75       0.59090909 0.55555556
 0.78571429 0.41322314 0.19178082 0.47619048 0.625      0.71428571
 0.125      0.86666667 0.88888889 0.625      0.86956522 0.52631579
 0.66       0.65116279 0.75       0.72727273 0.59574468 0.28571429
 0.59090909 0.74496644 0.61538462 0.83050847 0.         0.56497175
 0.57142857 0.46153846 0.85714286 0.76315789 0.59459459 0.25
 0.89473684 0.46153846 0.375      0.61403509 0.91176471 0.90909091
 0.41509434 0.33333333 0.57142857 0.68965517 0.85714286 0.58169935
 0.56716418 0.83333333 0.68181818 0.4        0.42307692 0.75652174
 0.69491525]
,[0.58196721 0.21428571 0.47222222 0.77777778 0.52892562 0.7
 0.78947368 0.61842105 0.69767442 0.60869565 0.91262136 0.
 0.63888889 0.60869565 0.95833333 0.66666667 0.59090909 0.43478261
 0.52380952 0.71428571 0.26923077 0.37037037 0.45454545 0.23809524
 0.04166667 0.61904762 0.61538462 0.23809524 0.95238095 0.46511628
 0.70212766 0.58333333 0.28571429 0.38095238 0.91304348 0.0625
 0.5        0.75510204 0.32       0.875      0.         0.70422535
 0.19047619 0.48       0.5        0.61702128 0.62857143 0.17647059
 0.5862069  0.27272727 0.33333333 0.90909091 0.88571429 0.47619048
 0.6407767  0.18181818 0.16666667 0.64516129 0.27272727 0.82407407
 0.54285714 0.48387097 0.44117647 0.27272727 0.36666667 0.85294118
 0.75925926]
,[0.59915612 0.30769231 0.45945946 0.59433962 0.59534884 0.7
 0.71186441 0.61437908 0.76923077 0.73684211 0.8173913  0.
 0.6969697  0.59574468 0.74193548 0.70588235 0.59090909 0.48780488
 0.62857143 0.52356021 0.224      0.41666667 0.52631579 0.35714286
 0.0625     0.72222222 0.72727273 0.34482759 0.90909091 0.49382716
 0.68041237 0.61538462 0.4137931  0.5        0.72103004 0.1025641
 0.54166667 0.75       0.42105263 0.85217391 0.         0.62695925
 0.28571429 0.47058824 0.63157895 0.68235294 0.61111111 0.20689655
 0.70833333 0.34285714 0.35294118 0.73298429 0.89855072 0.625
 0.50381679 0.23529412 0.25806452 0.66666667 0.4137931  0.68199234
 0.55474453 0.6122449  0.53571429 0.32432432 0.39285714 0.80184332
 0.72566372]
