mACC, mP, mR, mF1, ACC, P, R, F1
0.4901649746192893,0.4484202001748863,0.3832889906001231,0.3822341217933879
,[ 64   0   9  54  70  25  76  57  29   7  91   0  15   4  23  16   2  19
   0  46   4  11   7   0   0   5  16   0  11  20  29  25   2   2  53   1
   8 103  14  46   0  93   0  16  17  28  19   4  15   2   5  67  13   2
  56   0   2  12   7  61  34   8  16   0  10  76  18]
,[0.43243243 0.         0.33333333 0.6        0.46357616 0.80645161
 0.53521127 0.4453125  0.51785714 0.5        0.45049505 0.
 0.75       0.33333333 0.56097561 0.66666667 0.5        0.59375
 0.         0.54117647 0.2        0.44       0.4375     0.
 0.         0.83333333 0.72727273 0.         0.35483871 0.58823529
 0.80555556 0.71428571 0.2        0.5        0.8030303  0.05555556
 0.53333333 0.65189873 0.1627907  0.83636364 0.         0.34572491
 0.         0.42105263 0.45945946 0.5        0.61290323 0.19047619
 0.57692308 0.66666667 0.45454545 0.54032258 0.76470588 0.4
 0.51851852 0.         0.66666667 1.         0.7        0.29756098
 0.53968254 0.5        0.48484848 0.         0.5        0.48407643
 0.54545455]
,[0.52459016 0.         0.25       0.66666667 0.5785124  0.625
 0.57142857 0.75       0.6744186  0.30434783 0.88349515 0.
 0.41666667 0.17391304 0.95833333 0.59259259 0.09090909 0.82608696
 0.         0.65714286 0.07692308 0.40740741 0.12727273 0.
 0.         0.23809524 0.61538462 0.         0.52380952 0.46511628
 0.61702128 0.52083333 0.0952381  0.0952381  0.57608696 0.03125
 0.30769231 0.70068027 0.56       0.82142857 0.         0.65492958
 0.         0.32       0.47222222 0.59574468 0.54285714 0.11764706
 0.51724138 0.09090909 0.18518519 0.87012987 0.37142857 0.0952381
 0.54368932 0.         0.08333333 0.38709677 0.31818182 0.56481481
 0.48571429 0.25806452 0.47058824 0.         0.33333333 0.74509804
 0.33333333]
,[0.47407407 0.         0.28571429 0.63157895 0.51470588 0.70422535
 0.55272727 0.55882353 0.58585859 0.37837838 0.59672131 0.
 0.53571429 0.22857143 0.70769231 0.62745098 0.15384615 0.69090909
 0.         0.59354839 0.11111111 0.42307692 0.1971831  0.
 0.         0.37037037 0.66666667 0.         0.42307692 0.51948052
 0.69879518 0.60240964 0.12903226 0.16       0.67088608 0.04
 0.3902439  0.67540984 0.25225225 0.82882883 0.         0.45255474
 0.         0.36363636 0.46575342 0.54368932 0.57575758 0.14545455
 0.54545455 0.16       0.26315789 0.66666667 0.5        0.15384615
 0.53080569 0.         0.14814815 0.55813953 0.4375     0.38977636
 0.5112782  0.34042553 0.47761194 0.         0.4        0.58687259
 0.4137931 ]
