mACC, mP, mR, mF1, ACC, P, R, F1
0.5231598984771574,0.5380885362951179,0.4000456905985647,0.4117792803935822
,[ 57   5  12  56  71  19 107  49  27   6  84   2  20   9  22  12   1  11
   7  49  11   7  18   1   0   4  13   1  16  20  34  27   0   4  89   1
  10 126   8  36   0  66   0  21   6  19  21   4  10   2   3  71  26   2
  64   2   0  10   4  82  42  16   9   0   9  76  32]
,[0.51351351 0.41666667 0.48       0.50909091 0.33809524 0.55882353
 0.52970297 0.60493827 0.75       0.54545455 0.61313869 0.66666667
 0.71428571 0.39130435 0.73333333 0.92307692 1.         0.42307692
 0.53846154 0.5        0.32352941 0.33333333 0.51428571 0.25
 0.         1.         0.92857143 0.5        0.76190476 0.44444444
 0.51515152 0.55102041 0.         0.8        0.6137931  0.33333333
 0.58823529 0.51219512 0.61538462 0.92307692 0.         0.47826087
 0.         0.44680851 0.6        0.73076923 0.47727273 0.25
 0.83333333 0.5        0.5        0.59663866 0.89655172 0.28571429
 0.3575419  1.         0.         0.71428571 1.         0.52229299
 0.3853211  0.66666667 0.64285714 0.         0.75       0.50666667
 0.65306122]
,[0.46721311 0.17857143 0.33333333 0.69135802 0.58677686 0.475
 0.80451128 0.64473684 0.62790698 0.26086957 0.81553398 0.08695652
 0.55555556 0.39130435 0.91666667 0.44444444 0.04545455 0.47826087
 0.33333333 0.7        0.21153846 0.25925926 0.32727273 0.04761905
 0.         0.19047619 0.5        0.04761905 0.76190476 0.46511628
 0.72340426 0.5625     0.         0.19047619 0.9673913  0.03125
 0.38461538 0.85714286 0.32       0.64285714 0.         0.46478873
 0.         0.42       0.16666667 0.40425532 0.6        0.11764706
 0.34482759 0.09090909 0.11111111 0.92207792 0.74285714 0.0952381
 0.62135922 0.09090909 0.         0.32258065 0.18181818 0.75925926
 0.6        0.51612903 0.26470588 0.         0.3        0.74509804
 0.59259259]
,[0.48927039 0.25       0.39344262 0.58638743 0.42900302 0.51351351
 0.63880597 0.62420382 0.6835443  0.35294118 0.7        0.15384615
 0.625      0.39130435 0.81481481 0.6        0.08695652 0.44897959
 0.41176471 0.58333333 0.25581395 0.29166667 0.4        0.08
 0.         0.32       0.65       0.08695652 0.76190476 0.45454545
 0.60176991 0.55670103 0.         0.30769231 0.75105485 0.05714286
 0.46511628 0.64122137 0.42105263 0.75789474 0.         0.47142857
 0.         0.43298969 0.26086957 0.52054795 0.53164557 0.16
 0.48780488 0.15384615 0.18181818 0.7244898  0.8125     0.14285714
 0.45390071 0.16666667 0.         0.44444444 0.30769231 0.61886792
 0.46927374 0.58181818 0.375      0.         0.42857143 0.6031746
 0.62135922]
