mACC, mP, mR, mF1, ACC, P, R, F1
0.5951776649746193,0.6042048944968128,0.5087690671200764,0.5210009481407688
,[ 66   1  13  60  81  23  76  52  29  15  89   1  28   5  23  22   9  16
   5  43  15  10  17  12   0  17  17   3  20  26  32  28   1  12  88  10
  19 116   7  44   0 114   0  27  11  27  25   3  14   4   8  69  22   7
  74   6   5  20  12  74  43  10  14   9   9  75  43]
,[0.53658537 0.33333333 0.29545455 0.625      0.50310559 0.88461538
 0.69090909 0.56521739 1.         0.625      0.78761062 0.2
 0.84848485 0.71428571 0.53488372 0.75862069 0.81818182 0.66666667
 0.71428571 0.68253968 0.3125     0.52631579 0.70833333 0.36363636
 0.         0.80952381 0.48571429 0.75       0.95238095 0.78787879
 0.82051282 0.50909091 0.5        0.8        0.60273973 0.35714286
 0.57575758 0.62702703 0.41176471 0.89795918 0.         0.3877551
 0.         0.44262295 0.84615385 0.36486486 0.38461538 0.42857143
 1.         0.4        0.47058824 0.7752809  0.95652174 0.77777778
 0.46835443 0.54545455 0.55555556 0.90909091 0.54545455 0.69158879
 0.61428571 0.66666667 0.66666667 1.         0.52941176 0.74257426
 0.72881356]
,[0.54098361 0.03571429 0.36111111 0.74074074 0.66942149 0.575
 0.57142857 0.68421053 0.6744186  0.65217391 0.86407767 0.04347826
 0.77777778 0.2173913  0.95833333 0.81481481 0.40909091 0.69565217
 0.23809524 0.61428571 0.28846154 0.37037037 0.30909091 0.57142857
 0.         0.80952381 0.65384615 0.14285714 0.95238095 0.60465116
 0.68085106 0.58333333 0.04761905 0.57142857 0.95652174 0.3125
 0.73076923 0.78911565 0.28       0.78571429 0.         0.8028169
 0.         0.54       0.30555556 0.57446809 0.71428571 0.08823529
 0.48275862 0.18181818 0.2962963  0.8961039  0.62857143 0.33333333
 0.7184466  0.27272727 0.20833333 0.64516129 0.54545455 0.68518519
 0.61428571 0.32258065 0.41176471 0.40909091 0.3        0.73529412
 0.7962963 ]
,[0.53877551 0.06451613 0.325      0.6779661  0.57446809 0.6969697
 0.6255144  0.61904762 0.80555556 0.63829787 0.82407407 0.07142857
 0.8115942  0.33333333 0.68656716 0.78571429 0.54545455 0.68085106
 0.35714286 0.64661654 0.3        0.43478261 0.43037975 0.44444444
 0.         0.80952381 0.55737705 0.24       0.95238095 0.68421053
 0.74418605 0.54368932 0.08695652 0.66666667 0.7394958  0.33333333
 0.6440678  0.69879518 0.33333333 0.83809524 0.         0.52293578
 0.         0.48648649 0.44897959 0.44628099 0.5        0.14634146
 0.65116279 0.25       0.36363636 0.8313253  0.75862069 0.46666667
 0.56704981 0.36363636 0.3030303  0.75471698 0.54545455 0.68837209
 0.61428571 0.43478261 0.50909091 0.58064516 0.38297872 0.73891626
 0.76106195]
