mACC, mP, mR, mF1, ACC, P, R, F1
0.5390228426395939,0.5070752070935395,0.42231499750070034,0.4200978895116581
,[ 89   0  16  56  75  33 104  58  25   3  88   0  25   0  17  15  13  18
   0  47  13  14  24   0   0  13  15   1  12   1  32  39   5  11  85   0
  14 125   2  36   2  81   0  20   8  32  22   1  19   1   2  64  18   0
  60   0   1  18   9  56  46   8  14   0   5  53  35]
,[0.32841328 0.         0.30769231 0.56       0.42372881 0.66
 0.62650602 0.51785714 1.         0.6        0.83809524 0.
 0.45454545 0.         0.53125    0.78947368 0.56521739 0.51428571
 0.         0.51086957 0.1031746  0.48275862 0.52173913 0.
 0.         0.86666667 0.78947368 1.         0.63157895 0.25
 0.74418605 0.57352941 0.83333333 0.73333333 0.69672131 0.
 0.60869565 0.57077626 0.22222222 0.94736842 0.5        0.45505618
 0.         0.55555556 0.8        0.34408602 0.52380952 0.33333333
 0.86363636 0.16666667 0.66666667 0.60952381 0.9        0.
 0.57692308 0.         0.14285714 0.81818182 1.         0.65882353
 0.54761905 1.         0.63636364 0.         0.83333333 0.89830508
 0.33980583]
,[0.7295082  0.         0.44444444 0.69135802 0.61983471 0.825
 0.78195489 0.76315789 0.58139535 0.13043478 0.85436893 0.
 0.69444444 0.         0.70833333 0.55555556 0.59090909 0.7826087
 0.         0.67142857 0.25       0.51851852 0.43636364 0.
 0.         0.61904762 0.57692308 0.04761905 0.57142857 0.02325581
 0.68085106 0.8125     0.23809524 0.52380952 0.92391304 0.
 0.53846154 0.85034014 0.08       0.64285714 0.09090909 0.57042254
 0.         0.4        0.22222222 0.68085106 0.62857143 0.02941176
 0.65517241 0.04545455 0.07407407 0.83116883 0.51428571 0.
 0.58252427 0.         0.04166667 0.58064516 0.40909091 0.51851852
 0.65714286 0.25806452 0.41176471 0.         0.16666667 0.51960784
 0.64814815]
,[0.45292621 0.         0.36363636 0.61878453 0.5033557  0.73333333
 0.69565217 0.61702128 0.73529412 0.21428571 0.84615385 0.
 0.54945055 0.         0.60714286 0.65217391 0.57777778 0.62068966
 0.         0.58024691 0.14606742 0.5        0.47524752 0.
 0.         0.72222222 0.66666667 0.09090909 0.6        0.04255319
 0.71111111 0.67241379 0.37037037 0.61111111 0.79439252 0.
 0.57142857 0.68306011 0.11764706 0.76595745 0.15384615 0.50625
 0.         0.46511628 0.34782609 0.45714286 0.57142857 0.05405405
 0.74509804 0.07142857 0.13333333 0.7032967  0.65454545 0.
 0.57971014 0.         0.06451613 0.67924528 0.58064516 0.58031088
 0.5974026  0.41025641 0.5        0.         0.27777778 0.65838509
 0.44585987]
