mACC, mP, mR, mF1, ACC, P, R, F1
0.5669416243654822,0.5514248982631575,0.49638785885212644,0.49680373613381185
,[ 75   3   6  60  75  17  89  60  31  15  85   8  30   7  18  22  14  17
   7  36   8  11  13   6   2  15  16   5  20  11  36  37   0   7  85   5
  20 112  10  42   3  88   3   7  21  22  24   3  15   2  12  68  29  10
  45   4   5  20  14  72  39  13  10   3  14  71  34]
,[0.45731707 0.6        0.35294118 0.60606061 0.43604651 0.80952381
 0.59333333 0.49180328 0.75609756 0.78947368 0.75892857 0.36363636
 0.54545455 0.4375     0.94736842 0.64705882 0.7        0.4047619
 0.53846154 0.73469388 0.2        0.36666667 0.65       0.31578947
 0.16666667 0.88235294 0.59259259 0.3125     0.74074074 0.78571429
 0.43902439 0.37373737 0.         0.63636364 0.64885496 0.35714286
 0.54054054 0.69135802 0.3125     0.89361702 0.375      0.42926829
 0.5        0.28       0.58333333 0.47826087 0.42857143 0.375
 0.88235294 0.22222222 0.4137931  0.85       0.96666667 0.4
 0.69230769 0.66666667 0.5        0.90909091 0.48275862 0.62068966
 0.73584906 0.48148148 0.47619048 0.42857143 0.46666667 0.65137615
 0.77272727]
,[0.6147541  0.10714286 0.16666667 0.74074074 0.61983471 0.425
 0.66917293 0.78947368 0.72093023 0.65217391 0.82524272 0.34782609
 0.83333333 0.30434783 0.75       0.81481481 0.63636364 0.73913043
 0.33333333 0.51428571 0.15384615 0.40740741 0.23636364 0.28571429
 0.08333333 0.71428571 0.61538462 0.23809524 0.95238095 0.25581395
 0.76595745 0.77083333 0.         0.33333333 0.92391304 0.15625
 0.76923077 0.76190476 0.4        0.75       0.13636364 0.61971831
 0.14285714 0.14       0.58333333 0.46808511 0.68571429 0.08823529
 0.51724138 0.09090909 0.44444444 0.88311688 0.82857143 0.47619048
 0.4368932  0.18181818 0.20833333 0.64516129 0.63636364 0.66666667
 0.55714286 0.41935484 0.29411765 0.13636364 0.46666667 0.69607843
 0.62962963]
,[0.52447552 0.18181818 0.22641509 0.66666667 0.51194539 0.55737705
 0.62897527 0.60606061 0.73809524 0.71428571 0.79069767 0.35555556
 0.65934066 0.35897436 0.8372093  0.72131148 0.66666667 0.52307692
 0.41176471 0.60504202 0.17391304 0.38596491 0.34666667 0.3
 0.11111111 0.78947368 0.60377358 0.27027027 0.83333333 0.38596491
 0.55813953 0.50340136 0.         0.4375     0.76233184 0.2173913
 0.63492063 0.72491909 0.35087719 0.81553398 0.2        0.50720461
 0.22222222 0.18666667 0.58333333 0.47311828 0.52747253 0.14285714
 0.65217391 0.12903226 0.42857143 0.86624204 0.89230769 0.43478261
 0.53571429 0.28571429 0.29411765 0.75471698 0.54901961 0.64285714
 0.63414634 0.44827586 0.36363636 0.20689655 0.46666667 0.67298578
 0.69387755]
