mACC, mP, mR, mF1, ACC, P, R, F1
0.5828045685279187,0.5858338568909924,0.5416968364499439,0.5397108495590682
,[66  7  9 63 71 25 91 55 32 15 71  3 25 11 22 17 17 11 14 42 12 13 26  5
 10 15 18  3 18 25 36 31 11 10 80  9 18 95  5 43  4 83  5 18 11 27 26  6
 20  1 18 57 29  9 47 10  6 24 14 58 34 23 13 12 13 87 32]
,[0.4962406  0.58333333 0.33333333 0.57798165 0.48965517 0.64102564
 0.78448276 0.53921569 0.71111111 0.65217391 0.78888889 0.33333333
 0.86206897 0.6875     0.61111111 0.77272727 0.73913043 0.47826087
 0.31818182 0.7        0.26086957 0.22807018 0.33333333 0.55555556
 0.32258065 0.68181818 0.85714286 0.6        0.9        0.53191489
 0.70588235 0.54385965 0.57894737 0.66666667 0.6779661  0.28125
 0.62068966 0.72519084 0.35714286 0.7962963  0.8        0.52531646
 0.41666667 0.54545455 0.55       0.47368421 0.57777778 0.42857143
 0.57142857 0.33333333 0.30508475 0.93442623 0.90625    1.
 0.5875     0.47619048 0.66666667 0.66666667 0.51851852 0.77333333
 0.69387755 0.34328358 0.61904762 0.375      0.52       0.51785714
 0.8       ]
,[0.54098361 0.25       0.25       0.77777778 0.58677686 0.625
 0.68421053 0.72368421 0.74418605 0.65217391 0.68932039 0.13043478
 0.69444444 0.47826087 0.91666667 0.62962963 0.77272727 0.47826087
 0.66666667 0.6        0.23076923 0.48148148 0.47272727 0.23809524
 0.41666667 0.71428571 0.69230769 0.14285714 0.85714286 0.58139535
 0.76595745 0.64583333 0.52380952 0.47619048 0.86956522 0.28125
 0.69230769 0.6462585  0.2        0.76785714 0.18181818 0.58450704
 0.23809524 0.36       0.30555556 0.57446809 0.74285714 0.17647059
 0.68965517 0.04545455 0.66666667 0.74025974 0.82857143 0.42857143
 0.45631068 0.45454545 0.25       0.77419355 0.63636364 0.53703704
 0.48571429 0.74193548 0.38235294 0.54545455 0.43333333 0.85294118
 0.59259259]
,[0.51764706 0.35       0.28571429 0.66315789 0.53383459 0.63291139
 0.73092369 0.61797753 0.72727273 0.65217391 0.7357513  0.1875
 0.76923077 0.56410256 0.73333333 0.69387755 0.75555556 0.47826087
 0.43076923 0.64615385 0.24489796 0.30952381 0.39097744 0.33333333
 0.36363636 0.69767442 0.76595745 0.23076923 0.87804878 0.55555556
 0.73469388 0.59047619 0.55       0.55555556 0.76190476 0.28125
 0.65454545 0.68345324 0.25641026 0.78181818 0.2962963  0.55333333
 0.3030303  0.43373494 0.39285714 0.51923077 0.65       0.25
 0.625      0.08       0.41860465 0.82608696 0.86567164 0.6
 0.5136612  0.46511628 0.36363636 0.71641791 0.57142857 0.63387978
 0.57142857 0.46938776 0.47272727 0.44444444 0.47272727 0.64444444
 0.68085106]
