mACC, mP, mR, mF1, ACC, P, R, F1
0.6425,0.666594758772683,0.6425,0.6395121980071846
,[ 5  6 15 13 16 10 18 17 14 18  8  6 17 13  9 14 17  9 10  7 14 14 15  5
 16 12 19 16 12 13 16  8 11 12 11 18 14  6  8 14 12 12 12 12 14 12  4 18
  8 15 13 14 15 11  8  5 13 20  7 14 11 18 17 11 11 10  6 11 14 12 15 14
  8 17 15 17  9 13 10 17 15 19 10 14  6 14 15 19 16 16 20  9 12 15 10 20
 17 18 13 16]
,[0.45454545 0.46153846 0.625      0.61904762 0.61538462 0.43478261
 0.66666667 0.65384615 0.51851852 0.9        0.36363636 0.5
 0.89473684 0.61904762 0.375      0.41176471 0.5        0.81818182
 0.52631579 0.46666667 0.93333333 0.42424242 0.75       0.26315789
 0.57142857 0.8        0.82608696 0.69565217 0.46153846 0.72222222
 0.84210526 0.53333333 0.52380952 0.8        0.64705882 0.75
 0.51851852 0.23076923 0.5        0.53846154 0.85714286 0.5
 1.         0.48       0.53846154 0.63157895 1.         0.66666667
 0.88888889 0.9375     0.59090909 0.77777778 0.75       0.84615385
 0.5        0.625      0.5        0.95238095 0.46666667 0.66666667
 0.61111111 0.9        1.         0.47826087 0.55       0.58823529
 0.33333333 0.64705882 0.53846154 0.92307692 0.9375     0.66666667
 0.44444444 1.         0.78947368 0.85       0.5625     0.72222222
 0.52631579 0.85       0.83333333 0.86363636 0.90909091 0.38888889
 0.4        0.66666667 0.75       0.52777778 0.61538462 0.84210526
 0.90909091 0.42857143 0.66666667 0.9375     1.         0.71428571
 0.94444444 0.7826087  0.86666667 0.76190476]
,[0.25 0.3  0.75 0.65 0.8  0.5  0.9  0.85 0.7  0.9  0.4  0.3  0.85 0.65
 0.45 0.7  0.85 0.45 0.5  0.35 0.7  0.7  0.75 0.25 0.8  0.6  0.95 0.8
 0.6  0.65 0.8  0.4  0.55 0.6  0.55 0.9  0.7  0.3  0.4  0.7  0.6  0.6
 0.6  0.6  0.7  0.6  0.2  0.9  0.4  0.75 0.65 0.7  0.75 0.55 0.4  0.25
 0.65 1.   0.35 0.7  0.55 0.9  0.85 0.55 0.55 0.5  0.3  0.55 0.7  0.6
 0.75 0.7  0.4  0.85 0.75 0.85 0.45 0.65 0.5  0.85 0.75 0.95 0.5  0.7
 0.3  0.7  0.75 0.95 0.8  0.8  1.   0.45 0.6  0.75 0.5  1.   0.85 0.9
 0.65 0.8 ]
,[0.32258065 0.36363636 0.68181818 0.63414634 0.69565217 0.46511628
 0.76595745 0.73913043 0.59574468 0.9        0.38095238 0.375
 0.87179487 0.63414634 0.40909091 0.51851852 0.62962963 0.58064516
 0.51282051 0.4        0.8        0.52830189 0.75       0.25641026
 0.66666667 0.68571429 0.88372093 0.74418605 0.52173913 0.68421053
 0.82051282 0.45714286 0.53658537 0.68571429 0.59459459 0.81818182
 0.59574468 0.26086957 0.44444444 0.60869565 0.70588235 0.54545455
 0.75       0.53333333 0.60869565 0.61538462 0.33333333 0.76595745
 0.55172414 0.83333333 0.61904762 0.73684211 0.75       0.66666667
 0.44444444 0.35714286 0.56521739 0.97560976 0.4        0.68292683
 0.57894737 0.9        0.91891892 0.51162791 0.55       0.54054054
 0.31578947 0.59459459 0.60869565 0.72727273 0.83333333 0.68292683
 0.42105263 0.91891892 0.76923077 0.85       0.5        0.68421053
 0.51282051 0.85       0.78947368 0.9047619  0.64516129 0.5
 0.34285714 0.68292683 0.75       0.67857143 0.69565217 0.82051282
 0.95238095 0.43902439 0.63157895 0.83333333 0.66666667 0.83333333
 0.89473684 0.8372093  0.74285714 0.7804878 ]
