mACC, mP, mR, mF1, ACC, P, R, F1
0.549,0.550663802915875,0.5489999999999999,0.5240341052089104
,[ 4 12 13 15 13  1 14 11  7 16  3  0 18  0  3  0 14  8 16  3 15 15  8  7
  9 12 19 18 12 15  8 11  1  0 13 18  5  0 17  7 20 13 13 11 10 13 13 17
 12 17 13 16 18 14 13 10 10 18 11 12  4 18 17  9  7 10  0  0  9 13 17 11
  1 15 16 18  0 16  5 17 17 20 14 12  5  4 15 17 16 16 20  0  4  8 13  7
 19 18 15  0]
,[0.22222222 0.70588235 0.56521739 0.6        0.92857143 0.03333333
 0.4375     0.84615385 0.77777778 0.94117647 0.6        0.
 0.69230769 0.         0.5        0.         0.4        0.57142857
 0.21052632 0.6        0.375      0.625      0.53333333 0.30434783
 0.9        0.35294118 0.59375    0.85714286 1.         0.55555556
 0.32       0.52380952 0.5        0.         0.36111111 0.85714286
 0.83333333 0.         0.62962963 0.63636364 0.28985507 0.36111111
 0.76470588 0.61111111 0.55555556 0.56521739 0.92857143 0.47222222
 0.85714286 0.5483871  0.44827586 0.64       0.52941176 0.77777778
 0.44827586 0.29411765 0.58823529 0.72       0.73333333 0.63157895
 0.16       0.75       0.89473684 0.42857143 0.58333333 0.27027027
 0.         0.         0.81818182 0.72222222 0.89473684 0.73333333
 0.2        1.         0.76190476 0.94736842 0.         0.48484848
 0.29411765 0.80952381 0.62962963 0.76923077 0.60869565 0.75
 0.625      0.26666667 0.57692308 0.65384615 0.69565217 0.8
 1.         0.         0.36363636 0.53333333 1.         0.53846154
 0.73076923 0.7826087  0.83333333 0.        ]
,[0.2  0.6  0.65 0.75 0.65 0.05 0.7  0.55 0.35 0.8  0.15 0.   0.9  0.
 0.15 0.   0.7  0.4  0.8  0.15 0.75 0.75 0.4  0.35 0.45 0.6  0.95 0.9
 0.6  0.75 0.4  0.55 0.05 0.   0.65 0.9  0.25 0.   0.85 0.35 1.   0.65
 0.65 0.55 0.5  0.65 0.65 0.85 0.6  0.85 0.65 0.8  0.9  0.7  0.65 0.5
 0.5  0.9  0.55 0.6  0.2  0.9  0.85 0.45 0.35 0.5  0.   0.   0.45 0.65
 0.85 0.55 0.05 0.75 0.8  0.9  0.   0.8  0.25 0.85 0.85 1.   0.7  0.6
 0.25 0.2  0.75 0.85 0.8  0.8  1.   0.   0.2  0.4  0.65 0.35 0.95 0.9
 0.75 0.  ]
,[0.21052632 0.64864865 0.60465116 0.66666667 0.76470588 0.04
 0.53846154 0.66666667 0.48275862 0.86486486 0.24       0.
 0.7826087  0.         0.23076923 0.         0.50909091 0.47058824
 0.33333333 0.24       0.5        0.68181818 0.45714286 0.3255814
 0.6        0.44444444 0.73076923 0.87804878 0.75       0.63829787
 0.35555556 0.53658537 0.09090909 0.         0.46428571 0.87804878
 0.38461538 0.         0.72340426 0.4516129  0.4494382  0.46428571
 0.7027027  0.57894737 0.52631579 0.60465116 0.76470588 0.60714286
 0.70588235 0.66666667 0.53061224 0.71111111 0.66666667 0.73684211
 0.53061224 0.37037037 0.54054054 0.8        0.62857143 0.61538462
 0.17777778 0.81818182 0.87179487 0.43902439 0.4375     0.35087719
 0.         0.         0.58064516 0.68421053 0.87179487 0.62857143
 0.08       0.85714286 0.7804878  0.92307692 0.         0.60377358
 0.27027027 0.82926829 0.72340426 0.86956522 0.65116279 0.66666667
 0.35714286 0.22857143 0.65217391 0.73913043 0.74418605 0.8
 1.         0.         0.25806452 0.45714286 0.78787879 0.42424242
 0.82608696 0.8372093  0.78947368 0.        ]
