mACC, mP, mR, mF1, ACC, P, R, F1
0.432,0.4801315485951121,0.43199999999999994,0.4182096532562632
,[ 3  8  7  1  2  1 15 11  1 14  6  0  7  1  0  5  7  8  1 11 11 12  1 10
 11 10 19 16  9  8  3  8  5  1  5 16 10  1 17  7  4  9  4  7 14  7  7  4
  4 16  6 13 13 15 14  7 16 17 12  7  8 15 15  7  2  3  3  1  1  3 13 10
  5 20 10 14  2  8  2 13 13 19 11 14  3 11 13 17 15 15 19  9 12  4  5  6
 11 14 12  1]
,[0.12       0.61538462 0.7        0.14285714 0.4        0.05
 0.40540541 0.91666667 0.5        0.82352941 0.3        0.
 0.77777778 0.07142857 0.         0.15151515 0.77777778 0.57142857
 0.14285714 0.64705882 0.6875     0.42857143 0.08333333 0.34482759
 0.52380952 0.4        0.59375    0.66666667 0.42857143 0.72727273
 0.5        0.53333333 0.07575758 0.09090909 0.19230769 0.88888889
 0.58823529 0.02941176 0.34       0.53846154 1.         0.24324324
 0.57142857 0.7        0.53846154 0.46666667 1.         0.4
 0.4        0.43243243 0.46153846 0.76470588 0.56521739 0.375
 0.4        0.36842105 0.27586207 0.65384615 0.27272727 0.36842105
 0.14545455 0.55555556 0.9375     0.4375     0.5        0.13636364
 0.23076923 0.25       0.125      0.42857143 0.52       0.76923077
 0.38461538 0.8        0.45454545 0.58333333 0.18181818 0.27586207
 0.13333333 0.86666667 0.59090909 0.61290323 0.40740741 0.42424242
 1.         0.275      0.76470588 0.70833333 0.40540541 0.65217391
 0.9047619  0.5        0.20689655 0.5        1.         0.75
 0.6875     0.82352941 0.8        0.25      ]
,[0.15 0.4  0.35 0.05 0.1  0.05 0.75 0.55 0.05 0.7  0.3  0.   0.35 0.05
 0.   0.25 0.35 0.4  0.05 0.55 0.55 0.6  0.05 0.5  0.55 0.5  0.95 0.8
 0.45 0.4  0.15 0.4  0.25 0.05 0.25 0.8  0.5  0.05 0.85 0.35 0.2  0.45
 0.2  0.35 0.7  0.35 0.35 0.2  0.2  0.8  0.3  0.65 0.65 0.75 0.7  0.35
 0.8  0.85 0.6  0.35 0.4  0.75 0.75 0.35 0.1  0.15 0.15 0.05 0.05 0.15
 0.65 0.5  0.25 1.   0.5  0.7  0.1  0.4  0.1  0.65 0.65 0.95 0.55 0.7
 0.15 0.55 0.65 0.85 0.75 0.75 0.95 0.45 0.6  0.2  0.25 0.3  0.55 0.7
 0.6  0.05]
,[0.13333333 0.48484848 0.46666667 0.07407407 0.16       0.05
 0.52631579 0.6875     0.09090909 0.75675676 0.3        0.
 0.48275862 0.05882353 0.         0.18867925 0.48275862 0.47058824
 0.07407407 0.59459459 0.61111111 0.5        0.0625     0.40816327
 0.53658537 0.44444444 0.73076923 0.72727273 0.43902439 0.51612903
 0.23076923 0.45714286 0.11627907 0.06451613 0.2173913  0.84210526
 0.54054054 0.03703704 0.48571429 0.42424242 0.33333333 0.31578947
 0.2962963  0.46666667 0.60869565 0.4        0.51851852 0.26666667
 0.26666667 0.56140351 0.36363636 0.7027027  0.60465116 0.5
 0.50909091 0.35897436 0.41025641 0.73913043 0.375      0.35897436
 0.21333333 0.63829787 0.83333333 0.38888889 0.16666667 0.14285714
 0.18181818 0.08333333 0.07142857 0.22222222 0.57777778 0.60606061
 0.3030303  0.88888889 0.47619048 0.63636364 0.12903226 0.32653061
 0.11428571 0.74285714 0.61904762 0.74509804 0.46808511 0.52830189
 0.26086957 0.36666667 0.7027027  0.77272727 0.52631579 0.69767442
 0.92682927 0.47368421 0.30769231 0.28571429 0.4        0.42857143
 0.61111111 0.75675676 0.68571429 0.08333333]
