mACC, mP, mR, mF1, ACC, P, R, F1
0.682,0.7225326274380806,0.6819999999999999,0.6726708873654956
,[ 3 16 15 14 11 14 16 17 11 18  8 12 11 16 11  9 17 12 13 12 13 15 15  5
 14  3 19 13 19 18 13 10 14 17 12 17 16  8 16 17 15 14 17 15 15 19 12 16
 15 19 15 17 15 12  3  7 14 18 10 15 11 16 19 15 15  1  7  9  7  9 19 16
 10 18 10 19  9 20  9 19 20 19 18 12  8 13 14 16 11 18 20  2 12 11 10 16
 20 17 20 16]
,[0.25       0.84210526 0.83333333 0.93333333 1.         0.5
 0.51612903 0.89473684 0.6875     0.9        0.72727273 0.70588235
 0.91666667 0.66666667 0.55       0.33333333 0.5862069  0.75
 0.86666667 0.75       0.76470588 0.88235294 0.78947368 0.625
 0.82352941 1.         0.9047619  1.         0.61290323 0.66666667
 0.44827586 0.90909091 0.51851852 0.73913043 0.375      0.94444444
 0.37209302 0.8        0.72727273 0.53125    0.53571429 0.51851852
 0.68       0.5        0.57692308 0.57575758 0.92307692 0.66666667
 0.78947368 0.76       0.65217391 0.77272727 0.83333333 0.70588235
 1.         0.38888889 0.7        0.94736842 0.66666667 0.68181818
 0.55       0.76190476 0.79166667 0.55555556 0.65217391 0.5
 0.2        0.6        0.63636364 1.         0.9047619  0.8
 0.52631579 0.94736842 0.71428571 0.95       0.69230769 0.64516129
 0.64285714 0.59375    0.54054054 0.95       0.66666667 0.85714286
 0.66666667 0.92857143 0.875      0.84210526 0.84615385 0.5625
 1.         1.         0.63157895 0.78571429 1.         0.94117647
 0.64516129 0.85       0.90909091 0.57142857]
,[0.15 0.8  0.75 0.7  0.55 0.7  0.8  0.85 0.55 0.9  0.4  0.6  0.55 0.8
 0.55 0.45 0.85 0.6  0.65 0.6  0.65 0.75 0.75 0.25 0.7  0.15 0.95 0.65
 0.95 0.9  0.65 0.5  0.7  0.85 0.6  0.85 0.8  0.4  0.8  0.85 0.75 0.7
 0.85 0.75 0.75 0.95 0.6  0.8  0.75 0.95 0.75 0.85 0.75 0.6  0.15 0.35
 0.7  0.9  0.5  0.75 0.55 0.8  0.95 0.75 0.75 0.05 0.35 0.45 0.35 0.45
 0.95 0.8  0.5  0.9  0.5  0.95 0.45 1.   0.45 0.95 1.   0.95 0.9  0.6
 0.4  0.65 0.7  0.8  0.55 0.9  1.   0.1  0.6  0.55 0.5  0.8  1.   0.85
 1.   0.8 ]
,[0.1875     0.82051282 0.78947368 0.8        0.70967742 0.58333333
 0.62745098 0.87179487 0.61111111 0.9        0.51612903 0.64864865
 0.6875     0.72727273 0.55       0.38297872 0.69387755 0.66666667
 0.74285714 0.66666667 0.7027027  0.81081081 0.76923077 0.35714286
 0.75675676 0.26086957 0.92682927 0.78787879 0.74509804 0.76595745
 0.53061224 0.64516129 0.59574468 0.79069767 0.46153846 0.89473684
 0.50793651 0.53333333 0.76190476 0.65384615 0.625      0.59574468
 0.75555556 0.6        0.65217391 0.71698113 0.72727273 0.72727273
 0.76923077 0.84444444 0.69767442 0.80952381 0.78947368 0.64864865
 0.26086957 0.36842105 0.7        0.92307692 0.57142857 0.71428571
 0.55       0.7804878  0.86363636 0.63829787 0.69767442 0.09090909
 0.25454545 0.51428571 0.4516129  0.62068966 0.92682927 0.8
 0.51282051 0.92307692 0.58823529 0.95       0.54545455 0.78431373
 0.52941176 0.73076923 0.70175439 0.95       0.76595745 0.70588235
 0.5        0.76470588 0.77777778 0.82051282 0.66666667 0.69230769
 1.         0.18181818 0.61538462 0.64705882 0.66666667 0.86486486
 0.78431373 0.85       0.95238095 0.66666667]
