mACC, mP, mR, mF1, ACC, P, R, F1
0.668,0.6988020896642895,0.6679999999999999,0.6623452017232553
,[ 2 12 11 16 10 12 18 15 16 19  9  9 12 15  7 10 16  8 15 12 16 18 17 13
 11 20 19 15 18 15 15 14 11 18  5 17 15  5 17 15 14 14 17 12 17 15 12 19
 11 18 16 13 12 10  9  7 16 14 14 12 12 13 18 14 14  7  5 11  9  7 18 13
  9 18 12 19  5 18 13 17  7 20  7 16  7 11 15 18 13 14 20 14  7  6 13 19
 19 17 17 14]
,[0.33333333 0.85714286 0.91666667 0.36363636 1.         0.52173913
 0.64285714 0.75       0.45714286 0.79166667 0.42857143 0.75
 0.85714286 0.625      0.46666667 0.41666667 0.8        0.66666667
 0.71428571 0.42857143 0.84210526 0.5625     0.70833333 0.65
 0.73333333 0.625      0.7037037  1.         0.6        0.65217391
 1.         0.63636364 0.47826087 0.62068966 0.5        0.94444444
 0.55555556 0.71428571 0.56666667 0.71428571 0.875      0.46666667
 0.73913043 0.54545455 0.68       0.68181818 0.75       0.67857143
 1.         0.66666667 0.88888889 1.         0.75       0.90909091
 0.6        0.29166667 0.55172414 0.93333333 0.63636364 0.70588235
 0.54545455 0.86666667 0.9        0.4516129  0.7        0.4375
 0.38461538 0.47826087 0.64285714 0.77777778 1.         0.72222222
 0.40909091 0.9        0.70588235 0.86363636 0.71428571 0.6
 0.43333333 0.77272727 0.63636364 0.95238095 1.         0.43243243
 0.53846154 0.78571429 0.83333333 0.9        0.65       0.93333333
 0.95238095 0.7        0.29166667 1.         0.8125     0.86363636
 0.95       0.85       0.80952381 0.73684211]
,[0.1  0.6  0.55 0.8  0.5  0.6  0.9  0.75 0.8  0.95 0.45 0.45 0.6  0.75
 0.35 0.5  0.8  0.4  0.75 0.6  0.8  0.9  0.85 0.65 0.55 1.   0.95 0.75
 0.9  0.75 0.75 0.7  0.55 0.9  0.25 0.85 0.75 0.25 0.85 0.75 0.7  0.7
 0.85 0.6  0.85 0.75 0.6  0.95 0.55 0.9  0.8  0.65 0.6  0.5  0.45 0.35
 0.8  0.7  0.7  0.6  0.6  0.65 0.9  0.7  0.7  0.35 0.25 0.55 0.45 0.35
 0.9  0.65 0.45 0.9  0.6  0.95 0.25 0.9  0.65 0.85 0.35 1.   0.35 0.8
 0.35 0.55 0.75 0.9  0.65 0.7  1.   0.7  0.35 0.3  0.65 0.95 0.95 0.85
 0.85 0.7 ]
,[0.15384615 0.70588235 0.6875     0.5        0.66666667 0.55813953
 0.75       0.75       0.58181818 0.86363636 0.43902439 0.5625
 0.70588235 0.68181818 0.4        0.45454545 0.8        0.5
 0.73170732 0.5        0.82051282 0.69230769 0.77272727 0.65
 0.62857143 0.76923077 0.80851064 0.85714286 0.72       0.69767442
 0.85714286 0.66666667 0.51162791 0.73469388 0.33333333 0.89473684
 0.63829787 0.37037037 0.68       0.73170732 0.77777778 0.56
 0.79069767 0.57142857 0.75555556 0.71428571 0.66666667 0.79166667
 0.70967742 0.76595745 0.84210526 0.78787879 0.66666667 0.64516129
 0.51428571 0.31818182 0.65306122 0.8        0.66666667 0.64864865
 0.57142857 0.74285714 0.9        0.54901961 0.7        0.38888889
 0.3030303  0.51162791 0.52941176 0.48275862 0.94736842 0.68421053
 0.42857143 0.9        0.64864865 0.9047619  0.37037037 0.72
 0.52       0.80952381 0.4516129  0.97560976 0.51851852 0.56140351
 0.42424242 0.64705882 0.78947368 0.9        0.65       0.8
 0.97560976 0.7        0.31818182 0.46153846 0.72222222 0.9047619
 0.95       0.85       0.82926829 0.71794872]
