mACC, mP, mR, mF1, ACC, P, R, F1
0.665,0.6931153954413951,0.6650000000000001,0.659175597265249
,[ 5 15 14 17 16 16 17 18 15 17  5 14 15  7 10  6 18  6 16  7 16 14 16 10
 10 14 19 14 16 13 18  8 11 12 12 17 13  5 10 12 17 12 15  7 10  8 13 15
 12 20 18 16 10 14  5 12 16 20 11 14 11 19 18 13 12 10  2  9 10 16 19 15
  6 14 13 19  7 17 13 18 18 19 15 12  9  8 16 14 15 16 20 14  6 10 15 17
 20 19 13 14]
,[0.25       0.78947368 0.73684211 0.73913043 0.5        0.33333333
 0.68       0.58064516 0.68181818 0.80952381 0.55555556 0.58333333
 0.9375     0.875      0.71428571 0.42857143 0.6        1.
 0.57142857 0.58333333 0.76190476 0.37837838 0.53333333 0.45454545
 0.71428571 0.7        1.         1.         0.59259259 0.86666667
 0.62068966 0.72727273 0.42307692 1.         0.54545455 0.89473684
 0.65       0.625      0.90909091 0.8        0.80952381 0.5
 0.6        0.46666667 0.76923077 0.72727273 0.65       0.6
 0.8        0.68965517 0.94736842 0.76190476 0.76923077 0.48275862
 0.625      0.32432432 0.69565217 0.86956522 0.78571429 0.63636364
 0.52380952 0.9047619  0.81818182 0.44827586 0.75       0.76923077
 0.22222222 0.9        0.625      0.8        0.9047619  0.71428571
 0.75       1.         0.39393939 0.95       0.35       0.73913043
 0.72222222 0.72       0.69230769 0.95       0.68181818 0.8
 0.45       0.53333333 0.64       0.82352941 0.71428571 0.88888889
 0.86956522 0.63636364 0.54545455 0.625      0.75       0.94444444
 0.86956522 0.52777778 0.92857143 0.77777778]
,[0.25 0.75 0.7  0.85 0.8  0.8  0.85 0.9  0.75 0.85 0.25 0.7  0.75 0.35
 0.5  0.3  0.9  0.3  0.8  0.35 0.8  0.7  0.8  0.5  0.5  0.7  0.95 0.7
 0.8  0.65 0.9  0.4  0.55 0.6  0.6  0.85 0.65 0.25 0.5  0.6  0.85 0.6
 0.75 0.35 0.5  0.4  0.65 0.75 0.6  1.   0.9  0.8  0.5  0.7  0.25 0.6
 0.8  1.   0.55 0.7  0.55 0.95 0.9  0.65 0.6  0.5  0.1  0.45 0.5  0.8
 0.95 0.75 0.3  0.7  0.65 0.95 0.35 0.85 0.65 0.9  0.9  0.95 0.75 0.6
 0.45 0.4  0.8  0.7  0.75 0.8  1.   0.7  0.3  0.5  0.75 0.85 1.   0.95
 0.65 0.7 ]
,[0.25       0.76923077 0.71794872 0.79069767 0.61538462 0.47058824
 0.75555556 0.70588235 0.71428571 0.82926829 0.34482759 0.63636364
 0.83333333 0.5        0.58823529 0.35294118 0.72       0.46153846
 0.66666667 0.4375     0.7804878  0.49122807 0.64       0.47619048
 0.58823529 0.7        0.97435897 0.82352941 0.68085106 0.74285714
 0.73469388 0.51612903 0.47826087 0.75       0.57142857 0.87179487
 0.65       0.35714286 0.64516129 0.68571429 0.82926829 0.54545455
 0.66666667 0.4        0.60606061 0.51612903 0.65       0.66666667
 0.68571429 0.81632653 0.92307692 0.7804878  0.60606061 0.57142857
 0.35714286 0.42105263 0.74418605 0.93023256 0.64705882 0.66666667
 0.53658537 0.92682927 0.85714286 0.53061224 0.66666667 0.60606061
 0.13793103 0.6        0.55555556 0.8        0.92682927 0.73170732
 0.42857143 0.82352941 0.49056604 0.95       0.35       0.79069767
 0.68421053 0.8        0.7826087  0.95       0.71428571 0.68571429
 0.45       0.45714286 0.71111111 0.75675676 0.73170732 0.84210526
 0.93023256 0.66666667 0.38709677 0.55555556 0.75       0.89473684
 0.93023256 0.67857143 0.76470588 0.73684211]
