mACC, mP, mR, mF1, ACC, P, R, F1
0.4977791878172589,0.5645230498121093,0.3521538496026515,0.3686784746648109
,[ 84   1  10  62  72  16  89  60  21   1  85   1  22   7  20  14   5   0
   1  53   5   4  15   3   0   4  10   1  10   7  28  20   1   2  91   1
  11 126   1  41   0  98   0  13  11  22  20   0   9   0   6  70  19   3
  55   3   0  18   6  65  31   4   0   1   3  83  24]
,[0.36363636 0.25       0.35714286 0.45925926 0.38918919 0.84210526
 0.40454545 0.45801527 0.91304348 1.         0.55555556 0.25
 0.57894737 0.7        0.83333333 1.         1.         0.
 1.         0.6625     0.33333333 0.57142857 0.71428571 1.
 0.         0.8        0.90909091 0.2        0.76923077 0.30434783
 0.63636364 0.46511628 1.         1.         0.39737991 0.5
 0.84615385 0.47727273 0.25       0.91111111 0.         0.38582677
 0.         0.43333333 0.61111111 0.57894737 0.55555556 0.
 1.         0.         0.54545455 0.66037736 0.9047619  0.75
 0.47826087 0.75       0.         0.81818182 1.         0.53719008
 0.36046512 0.5        0.         0.5        1.         0.49404762
 0.85714286]
,[0.68852459 0.03571429 0.27777778 0.7654321  0.59504132 0.4
 0.66917293 0.78947368 0.48837209 0.04347826 0.82524272 0.04347826
 0.61111111 0.30434783 0.83333333 0.51851852 0.22727273 0.
 0.04761905 0.75714286 0.09615385 0.14814815 0.27272727 0.14285714
 0.         0.19047619 0.38461538 0.04761905 0.47619048 0.1627907
 0.59574468 0.41666667 0.04761905 0.0952381  0.98913043 0.03125
 0.42307692 0.85714286 0.04       0.73214286 0.         0.69014085
 0.         0.26       0.30555556 0.46808511 0.57142857 0.
 0.31034483 0.         0.22222222 0.90909091 0.54285714 0.14285714
 0.53398058 0.13636364 0.         0.58064516 0.27272727 0.60185185
 0.44285714 0.12903226 0.         0.04545455 0.1        0.81372549
 0.44444444]
,[0.47592068 0.0625     0.3125     0.57407407 0.47058824 0.54237288
 0.50424929 0.57971014 0.63636364 0.08333333 0.6640625  0.07407407
 0.59459459 0.42424242 0.83333333 0.68292683 0.37037037 0.
 0.09090909 0.70666667 0.14925373 0.23529412 0.39473684 0.25
 0.         0.30769231 0.54054054 0.07692308 0.58823529 0.21212121
 0.61538462 0.43956044 0.09090909 0.17391304 0.56697819 0.05882353
 0.56410256 0.61313869 0.06896552 0.81188119 0.         0.49494949
 0.         0.325      0.40740741 0.51764706 0.56338028 0.
 0.47368421 0.         0.31578947 0.76502732 0.67857143 0.24
 0.50458716 0.23076923 0.         0.67924528 0.42857143 0.56768559
 0.3974359  0.20512821 0.         0.08333333 0.18181818 0.61481481
 0.58536585]
