mACC, mP, mR, mF1, ACC, P, R, F1
0.5853426395939086,0.6283134334154192,0.48101577425424885,0.48533261012137585
,[ 63   5  20  72  84  26 110  63  33  14  89   1  28   3  19  19   6  17
   7  47   0  14   0  11   0  19  14   1  21  21  36  25   6   8  91   6
   7 125   3  44   0  91   0  20   5  32  14   1  22   2   7  75  29  11
  72   4  10  27   9  76  39   6   0   4   1  92  18]
,[0.40645161 0.83333333 0.37735849 0.41618497 0.55263158 0.72222222
 0.64327485 0.56756757 1.         0.66666667 0.87254902 0.16666667
 0.73684211 0.5        0.67857143 0.7037037  1.         0.62962963
 0.4375     0.5875     0.         0.48275862 0.         0.28947368
 0.         0.86363636 1.         1.         0.91304348 0.65625
 0.57142857 0.96153846 0.85714286 1.         0.55828221 0.66666667
 0.77777778 0.56818182 0.75       0.89795918 0.         0.45273632
 0.         0.44444444 0.83333333 0.45070423 0.5        1.
 0.75862069 0.66666667 0.77777778 0.68181818 0.96666667 0.91666667
 0.48979592 1.         0.55555556 0.87096774 0.69230769 0.58461538
 0.52       0.6        0.         0.57142857 1.         0.50273224
 0.94736842]
,[0.51639344 0.17857143 0.55555556 0.88888889 0.69421488 0.65
 0.82706767 0.82894737 0.76744186 0.60869565 0.86407767 0.04347826
 0.77777778 0.13043478 0.79166667 0.7037037  0.27272727 0.73913043
 0.33333333 0.67142857 0.         0.51851852 0.         0.52380952
 0.         0.9047619  0.53846154 0.04761905 1.         0.48837209
 0.76595745 0.52083333 0.28571429 0.38095238 0.98913043 0.1875
 0.26923077 0.85034014 0.12       0.78571429 0.         0.64084507
 0.         0.4        0.13888889 0.68085106 0.4        0.02941176
 0.75862069 0.09090909 0.25925926 0.97402597 0.82857143 0.52380952
 0.69902913 0.18181818 0.41666667 0.87096774 0.40909091 0.7037037
 0.55714286 0.19354839 0.         0.18181818 0.03333333 0.90196078
 0.33333333]
,[0.45487365 0.29411765 0.4494382  0.56692913 0.61538462 0.68421053
 0.72368421 0.67379679 0.86842105 0.63636364 0.86829268 0.06896552
 0.75675676 0.20689655 0.73076923 0.7037037  0.42857143 0.68
 0.37837838 0.62666667 0.         0.5        0.         0.37288136
 0.         0.88372093 0.7        0.09090909 0.95454545 0.56
 0.65454545 0.67567568 0.42857143 0.55172414 0.71372549 0.29268293
 0.4        0.68119891 0.20689655 0.83809524 0.         0.53061224
 0.         0.42105263 0.23809524 0.54237288 0.44444444 0.05714286
 0.75862069 0.16       0.38888889 0.80213904 0.89230769 0.66666667
 0.576      0.30769231 0.47619048 0.87096774 0.51428571 0.63865546
 0.53793103 0.29268293 0.         0.27586207 0.06451613 0.64561404
 0.49315068]
