mACC, mP, mR, mF1, ACC, P, R, F1
0.5329949238578681,0.5019329691736683,0.41077002856373435,0.40322251486068095
,[ 83   2  24  67  62  28  98  52  27  14  92   0  29   0  20  20  12   0
   2  34   1  14   4   2   0   7  16   1  21  13  38  29   1   5  86   0
  15 129   0  41   0  92   0   8   0  28  10   0  24   2   4  67  29  10
  77   5   0  22   0  55  48   4   0   0   2  86  18]
,[0.37899543 0.25       0.44444444 0.45890411 0.63265306 0.77777778
 0.5505618  0.43333333 0.75       0.82352941 0.53179191 0.
 0.76315789 0.         0.71428571 0.74074074 0.8        0.
 1.         0.45945946 0.1        0.42424242 1.         0.22222222
 0.         1.         0.8        1.         0.72413793 0.44827586
 0.63333333 0.78378378 1.         0.55555556 0.6056338  0.
 0.71428571 0.57079646 0.         1.         0.         0.31724138
 0.         0.8        0.         0.4516129  0.45454545 0.
 0.75       0.33333333 1.         0.78823529 0.96666667 1.
 0.51677852 0.625      0.         0.70967742 0.         0.69620253
 0.57831325 0.4        0.         0.         0.125      0.35833333
 0.66666667]
,[0.68032787 0.07142857 0.66666667 0.82716049 0.51239669 0.7
 0.73684211 0.68421053 0.62790698 0.60869565 0.89320388 0.
 0.80555556 0.         0.83333333 0.74074074 0.54545455 0.
 0.0952381  0.48571429 0.01923077 0.51851852 0.07272727 0.0952381
 0.         0.33333333 0.61538462 0.04761905 1.         0.30232558
 0.80851064 0.60416667 0.04761905 0.23809524 0.93478261 0.
 0.57692308 0.87755102 0.         0.73214286 0.         0.64788732
 0.         0.16       0.         0.59574468 0.28571429 0.
 0.82758621 0.09090909 0.14814815 0.87012987 0.82857143 0.47619048
 0.74757282 0.22727273 0.         0.70967742 0.         0.50925926
 0.68571429 0.12903226 0.         0.         0.06666667 0.84313725
 0.33333333]
,[0.48680352 0.11111111 0.53333333 0.59030837 0.56621005 0.73684211
 0.63022508 0.53061224 0.6835443  0.7        0.66666667 0.
 0.78378378 0.         0.76923077 0.74074074 0.64864865 0.
 0.17391304 0.47222222 0.03225806 0.46666667 0.13559322 0.13333333
 0.         0.5        0.69565217 0.09090909 0.84       0.36111111
 0.71028037 0.68235294 0.09090909 0.33333333 0.73504274 0.
 0.63829787 0.69168901 0.         0.84536082 0.         0.42592593
 0.         0.26666667 0.         0.51376147 0.35087719 0.
 0.78688525 0.14285714 0.25806452 0.82716049 0.89230769 0.64516129
 0.61111111 0.33333333 0.         0.70967742 0.         0.58823529
 0.62745098 0.19512195 0.         0.         0.08695652 0.50292398
 0.44444444]
