mACC, mP, mR, mF1, ACC, P, R, F1
0.636738578680203,0.6500753613934743,0.5390005161831316,0.5456629714373817
,[ 90   0  21  74  69  26 106  59  33  17  89   0  30   3  23  21  10  20
   4  51   5  12  32   6   1  20  15   2  20  23  40  34  10  10  87   0
  11 122   8  48   0  93   1  28   3  39  15   4  19   4   9  75  32   7
  70   7   8  24  16  78  50   5  20   6   6  92  44]
,[0.39647577 0.         0.4375     0.47435897 0.64485981 0.8125
 0.69736842 0.52212389 0.91666667 0.73913043 0.86407767 0.
 0.88235294 0.75       0.60526316 0.80769231 0.90909091 0.60606061
 0.66666667 0.5483871  0.35714286 0.52173913 0.48484848 0.85714286
 1.         1.         0.88235294 0.4        0.95238095 0.76666667
 0.71428571 0.75555556 0.90909091 0.90909091 0.58389262 0.
 0.57894737 0.68539326 0.53333333 0.92307692 0.         0.61589404
 0.5        0.5        1.         0.49367089 0.57692308 0.26666667
 0.73076923 0.5        0.75       0.74257426 0.96969697 0.875
 0.64814815 0.36842105 0.61538462 0.8        0.76190476 0.7027027
 0.52631579 1.         0.86956522 0.6        0.66666667 0.69172932
 0.6875    ]
,[0.73770492 0.         0.58333333 0.91358025 0.57024793 0.65
 0.79699248 0.77631579 0.76744186 0.73913043 0.86407767 0.
 0.83333333 0.13043478 0.95833333 0.77777778 0.45454545 0.86956522
 0.19047619 0.72857143 0.09615385 0.44444444 0.58181818 0.28571429
 0.04166667 0.95238095 0.57692308 0.0952381  0.95238095 0.53488372
 0.85106383 0.70833333 0.47619048 0.47619048 0.94565217 0.
 0.42307692 0.82993197 0.32       0.85714286 0.         0.65492958
 0.04761905 0.56       0.08333333 0.82978723 0.42857143 0.11764706
 0.65517241 0.18181818 0.33333333 0.97402597 0.91428571 0.33333333
 0.67961165 0.31818182 0.33333333 0.77419355 0.72727273 0.72222222
 0.71428571 0.16129032 0.58823529 0.27272727 0.2        0.90196078
 0.81481481]
,[0.51575931 0.         0.5        0.62447257 0.60526316 0.72222222
 0.74385965 0.62433862 0.83544304 0.73913043 0.86407767 0.
 0.85714286 0.22222222 0.74193548 0.79245283 0.60606061 0.71428571
 0.2962963  0.62576687 0.15151515 0.48       0.52892562 0.42857143
 0.08       0.97560976 0.69767442 0.15384615 0.95238095 0.63013699
 0.77669903 0.7311828  0.625      0.625      0.7219917  0.
 0.48888889 0.75076923 0.4        0.88888889 0.         0.63481229
 0.08695652 0.52830189 0.15384615 0.61904762 0.49180328 0.16326531
 0.69090909 0.26666667 0.46153846 0.84269663 0.94117647 0.48275862
 0.66350711 0.34146341 0.43243243 0.78688525 0.74418605 0.71232877
 0.60606061 0.27777778 0.70175439 0.375      0.30769231 0.78297872
 0.74576271]
