mACC, mP, mR, mF1, ACC, P, R, F1
0.5888324873096447,0.5833689714861451,0.5082015361733522,0.5213913563816222
,[ 68   8  18  55  73  31 109  51  34  12  84   5  22   7  23  21  14   9
   9  41  16   1  20  13   2  11  15   7  19  39  36  34   4   6  87   8
  14 125   5  46   7  89   6   9  14  29  18   2  15   2   4  68  30   9
  61   3  15  26   8  63  31   9   7   5  10  87  27]
,[0.42236025 0.5        0.40909091 0.625      0.52142857 0.59615385
 0.6374269  0.6        0.60714286 0.46153846 0.92307692 0.33333333
 0.73333333 0.58333333 0.82142857 0.80769231 0.5        0.81818182
 0.69230769 0.58571429 0.47058824 0.2        0.39215686 0.54166667
 0.08333333 0.78571429 0.83333333 0.46666667 0.79166667 0.43820225
 0.76595745 0.57627119 0.33333333 0.75       0.63043478 0.36363636
 0.58333333 0.54112554 0.26315789 0.92       0.46666667 0.51149425
 0.46153846 0.33333333 0.7        0.69047619 0.62068966 0.10526316
 0.9375     0.4        0.5        0.90666667 0.9375     0.5625
 0.54954955 0.75       0.55555556 0.83870968 0.61538462 0.54310345
 0.55357143 0.27272727 0.4375     0.625      0.83333333 0.6744186
 0.79411765]
,[0.55737705 0.28571429 0.5        0.67901235 0.60330579 0.775
 0.81954887 0.67105263 0.79069767 0.52173913 0.81553398 0.2173913
 0.61111111 0.30434783 0.95833333 0.77777778 0.63636364 0.39130435
 0.42857143 0.58571429 0.30769231 0.03703704 0.36363636 0.61904762
 0.08333333 0.52380952 0.57692308 0.33333333 0.9047619  0.90697674
 0.76595745 0.70833333 0.19047619 0.28571429 0.94565217 0.25
 0.53846154 0.85034014 0.2        0.82142857 0.31818182 0.62676056
 0.28571429 0.18       0.38888889 0.61702128 0.51428571 0.05882353
 0.51724138 0.09090909 0.14814815 0.88311688 0.85714286 0.42857143
 0.59223301 0.13636364 0.625      0.83870968 0.36363636 0.58333333
 0.44285714 0.29032258 0.20588235 0.22727273 0.33333333 0.85294118
 0.5       ]
,[0.48056537 0.36363636 0.45       0.65088757 0.55938697 0.67391304
 0.71710526 0.63354037 0.68686869 0.48979592 0.86597938 0.26315789
 0.66666667 0.4        0.88461538 0.79245283 0.56       0.52941176
 0.52941176 0.58571429 0.37209302 0.0625     0.37735849 0.57777778
 0.08333333 0.62857143 0.68181818 0.38888889 0.84444444 0.59090909
 0.76595745 0.63551402 0.24242424 0.4137931  0.75652174 0.2962963
 0.56       0.66137566 0.22727273 0.86792453 0.37837838 0.56329114
 0.35294118 0.23376623 0.5        0.65168539 0.5625     0.0754717
 0.66666667 0.14814815 0.22857143 0.89473684 0.89552239 0.48648649
 0.57009346 0.23076923 0.58823529 0.83870968 0.45714286 0.5625
 0.49206349 0.28125    0.28       0.33333333 0.47619048 0.75324675
 0.61363636]
