mACC, mP, mR, mF1, ACC, P, R, F1
0.4873096446700508,0.4708052590903378,0.35027231564704353,0.3394709357791099
,[ 84   7  29  58  84  27 103  38  18   0  85   0  27   1   5  21   4   0
   5  49   6   2   3   0   0   2  16   1   4  33  29  32   3   5  79   1
  15 124   1  44   1  74   0   5   3  22   2   0  10   5   3  68  29   4
  38   1   0  25   1  68  37   1   0   0   2  72  20]
,[0.3559322  0.35       0.3625     0.46774194 0.38356164 0.6
 0.59195402 0.58461538 0.85714286 0.         0.61151079 0.
 0.48214286 0.5        1.         0.58333333 1.         0.
 0.625      0.38582677 0.12244898 0.5        0.6        0.
 0.         1.         0.64       1.         0.36363636 0.38823529
 0.70731707 0.53333333 0.6        0.83333333 0.62204724 0.08333333
 0.57692308 0.46441948 0.08333333 0.91666667 1.         0.35406699
 0.         1.         0.17647059 0.44897959 0.5        0.
 0.83333333 0.33333333 0.10344828 0.63551402 0.85294118 1.
 0.63333333 0.5        0.         0.625      0.11111111 0.53543307
 0.52857143 0.0625     0.         0.         0.33333333 0.5106383
 0.68965517]
,[0.68852459 0.25       0.80555556 0.71604938 0.69421488 0.675
 0.77443609 0.5        0.41860465 0.         0.82524272 0.
 0.75       0.04347826 0.20833333 0.77777778 0.18181818 0.
 0.23809524 0.7        0.11538462 0.07407407 0.05454545 0.
 0.         0.0952381  0.61538462 0.04761905 0.19047619 0.76744186
 0.61702128 0.66666667 0.14285714 0.23809524 0.85869565 0.03125
 0.57692308 0.84353741 0.04       0.78571429 0.04545455 0.52112676
 0.         0.1        0.08333333 0.46808511 0.05714286 0.
 0.34482759 0.22727273 0.11111111 0.88311688 0.82857143 0.19047619
 0.36893204 0.04545455 0.         0.80645161 0.04545455 0.62962963
 0.52857143 0.03225806 0.         0.         0.06666667 0.70588235
 0.37037037]
,[0.46927374 0.29166667 0.5        0.56585366 0.49411765 0.63529412
 0.67100977 0.53900709 0.5625     0.         0.70247934 0.
 0.58695652 0.08       0.34482759 0.66666667 0.30769231 0.
 0.34482759 0.49746193 0.11881188 0.12903226 0.1        0.
 0.         0.17391304 0.62745098 0.09090909 0.25       0.515625
 0.65909091 0.59259259 0.23076923 0.37037037 0.72146119 0.04545455
 0.57692308 0.59903382 0.05405405 0.84615385 0.08695652 0.42165242
 0.         0.18181818 0.11320755 0.45833333 0.1025641  0.
 0.48780488 0.27027027 0.10714286 0.73913043 0.84057971 0.32
 0.46625767 0.08333333 0.         0.70422535 0.06451613 0.5787234
 0.52857143 0.04255319 0.         0.         0.11111111 0.59259259
 0.48192771]
