mACC, mP, mR, mF1, ACC, P, R, F1
0.6519670050761421,0.6403863989520899,0.5754568194000547,0.5834107577035477
,[ 84   2  13  64  79  34  96  47  33  14  96   3  28  11  22  23  10  17
  13  51  13  26  29   8   7  17  17   5  17  27  39  32   7   9  88   3
  14 119  14  45   6 101   3  29  20  32  14   8  22   5  10  72  26  13
  61   7   5  27  11  90  48   4  21   3  15  84  42]
,[0.5915493  0.18181818 0.39393939 0.59813084 0.58088235 0.59649123
 0.768      0.55952381 0.80487805 0.66666667 0.72727273 0.6
 0.82352941 0.6875     0.75862069 0.74193548 0.66666667 0.5862069
 0.43333333 0.6        0.38235294 0.52       0.4084507  0.8
 0.63636364 0.68       0.73913043 0.83333333 1.         0.81818182
 0.66101695 0.86486486 0.53846154 0.9        0.76521739 0.33333333
 0.7        0.72121212 0.60869565 0.86538462 0.35294118 0.50753769
 0.75       0.59183673 0.8        0.69565217 0.58333333 0.32
 0.70967742 0.41666667 0.66666667 0.76595745 0.92857143 0.44827586
 0.5754717  0.5        0.5        0.77142857 0.73333333 0.67164179
 0.64864865 0.5        0.63636364 0.42857143 0.5        0.90322581
 0.85714286]
,[0.68852459 0.07142857 0.36111111 0.79012346 0.65289256 0.85
 0.72180451 0.61842105 0.76744186 0.60869565 0.93203883 0.13043478
 0.77777778 0.47826087 0.91666667 0.85185185 0.45454545 0.73913043
 0.61904762 0.72857143 0.25       0.96296296 0.52727273 0.38095238
 0.29166667 0.80952381 0.65384615 0.23809524 0.80952381 0.62790698
 0.82978723 0.66666667 0.33333333 0.42857143 0.95652174 0.09375
 0.53846154 0.80952381 0.56       0.80357143 0.27272727 0.71126761
 0.14285714 0.58       0.55555556 0.68085106 0.4        0.23529412
 0.75862069 0.22727273 0.37037037 0.93506494 0.74285714 0.61904762
 0.59223301 0.31818182 0.20833333 0.87096774 0.5        0.83333333
 0.68571429 0.12903226 0.61764706 0.13636364 0.5        0.82352941
 0.77777778]
,[0.63636364 0.1025641  0.37681159 0.68085106 0.61478599 0.70103093
 0.74418605 0.5875     0.78571429 0.63636364 0.81702128 0.21428571
 0.8        0.56410256 0.83018868 0.79310345 0.54054054 0.65384615
 0.50980392 0.65806452 0.30232558 0.67532468 0.46031746 0.51612903
 0.4        0.73913043 0.69387755 0.37037037 0.89473684 0.71052632
 0.73584906 0.75294118 0.41176471 0.58064516 0.85024155 0.14634146
 0.60869565 0.76282051 0.58333333 0.83333333 0.30769231 0.59237537
 0.24       0.58585859 0.6557377  0.68817204 0.47457627 0.27118644
 0.73333333 0.29411765 0.47619048 0.84210526 0.82539683 0.52
 0.58373206 0.38888889 0.29411765 0.81818182 0.59459459 0.74380165
 0.66666667 0.20512821 0.62686567 0.20689655 0.5        0.86153846
 0.81553398]
