mACC, mP, mR, mF1, ACC, P, R, F1
0.6208756345177665,0.6475617323784776,0.5184237805326111,0.5457665371972888
,[ 93   7  22  47  85  23 110  54  24  13  98   1  24  12  19  18   5  18
   6  54  23  10  26  10   2  10  10   6  19  22  35  34   5   9  88   6
  18 127   5  46   5  94   1  24  17  35  15   4  15   5   8  70  31   4
  48   6   3  19   9  82  48   8  15   7  16  86  38]
,[0.56363636 0.46666667 0.46808511 0.72307692 0.4047619  0.71875
 0.57894737 0.66666667 0.96       0.8125     0.64052288 0.25
 0.66666667 0.85714286 0.76       0.62068966 0.83333333 0.64285714
 0.75       0.55102041 0.37704918 0.5        0.60465116 0.90909091
 0.4        1.         0.90909091 0.5        0.79166667 0.75862069
 0.61403509 0.70833333 0.83333333 1.         0.71544715 0.6
 0.58064516 0.53813559 0.33333333 0.90196078 0.625      0.56287425
 0.25       0.55813953 0.5        0.71428571 0.65217391 0.22222222
 0.88235294 0.625      0.61538462 0.82352941 0.79487179 0.57142857
 0.6        0.66666667 0.42857143 0.7037037  0.52941176 0.69491525
 0.6        0.72727273 0.83333333 0.53846154 0.64       0.671875
 0.84444444]
,[0.76229508 0.25       0.61111111 0.58024691 0.70247934 0.575
 0.82706767 0.71052632 0.55813953 0.56521739 0.95145631 0.04347826
 0.66666667 0.52173913 0.79166667 0.66666667 0.22727273 0.7826087
 0.28571429 0.77142857 0.44230769 0.37037037 0.47272727 0.47619048
 0.08333333 0.47619048 0.38461538 0.28571429 0.9047619  0.51162791
 0.74468085 0.70833333 0.23809524 0.42857143 0.95652174 0.1875
 0.69230769 0.86394558 0.2        0.82142857 0.22727273 0.66197183
 0.04761905 0.48       0.47222222 0.74468085 0.42857143 0.11764706
 0.51724138 0.22727273 0.2962963  0.90909091 0.88571429 0.19047619
 0.46601942 0.27272727 0.125      0.61290323 0.40909091 0.75925926
 0.68571429 0.25806452 0.44117647 0.31818182 0.53333333 0.84313725
 0.7037037 ]
,[0.64808362 0.3255814  0.53012048 0.64383562 0.51359517 0.63888889
 0.68111455 0.68789809 0.70588235 0.66666667 0.765625   0.07407407
 0.66666667 0.64864865 0.7755102  0.64285714 0.35714286 0.70588235
 0.4137931  0.64285714 0.40707965 0.42553191 0.53061224 0.625
 0.13793103 0.64516129 0.54054054 0.36363636 0.84444444 0.61111111
 0.67307692 0.70833333 0.37037037 0.6        0.81860465 0.28571429
 0.63157895 0.66318538 0.25       0.85981308 0.33333333 0.60841424
 0.08       0.51612903 0.48571429 0.72916667 0.51724138 0.15384615
 0.65217391 0.33333333 0.4        0.86419753 0.83783784 0.28571429
 0.52459016 0.38709677 0.19354839 0.65517241 0.46153846 0.72566372
 0.64       0.38095238 0.57692308 0.4        0.58181818 0.74782609
 0.76767677]
