mACC, mP, mR, mF1, ACC, P, R, F1
0.33185279187817257,0.3075176438691418,0.17073539787771458,0.1573565149406476
,[ 79   1   2  46  76   4 101  34   7   0  55   0  11   0   1   3   0   0
   0  22   3   2   1   0   0   0   1   0   1   0   7   1   0   0  54   0
   0 119   0  38   0  79   0   3   0  16   0   0   2   0   0  70   2   1
  36   0   0   0   0  66  26   0   0   0   0  61  15]
,[0.23795181 1.         0.5        0.37096774 0.17592593 1.
 0.36594203 0.5483871  0.63636364 0.         0.32352941 0.
 0.84615385 0.         1.         1.         0.         0.
 0.         0.53658537 0.13043478 0.5        0.1        0.
 0.         0.         1.         0.         0.5        0.
 0.77777778 0.14285714 0.         0.         0.55670103 0.
 0.         0.32075472 0.         0.9047619  0.         0.27915194
 0.         0.75       0.         0.55172414 0.         0.
 1.         0.         0.         0.60869565 1.         1.
 0.19251337 0.         0.         0.         0.         0.40490798
 0.49056604 0.         0.         0.         0.         0.25102881
 0.6       ]
,[0.64754098 0.03571429 0.05555556 0.56790123 0.62809917 0.1
 0.7593985  0.44736842 0.1627907  0.         0.53398058 0.
 0.30555556 0.         0.04166667 0.11111111 0.         0.
 0.         0.31428571 0.05769231 0.07407407 0.01818182 0.
 0.         0.         0.03846154 0.         0.04761905 0.
 0.14893617 0.02083333 0.         0.         0.58695652 0.
 0.         0.80952381 0.         0.67857143 0.         0.55633803
 0.         0.06       0.         0.34042553 0.         0.
 0.06896552 0.         0.         0.90909091 0.05714286 0.04761905
 0.34951456 0.         0.         0.         0.         0.61111111
 0.37142857 0.         0.         0.         0.         0.59803922
 0.27777778]
,[0.34801762 0.06896552 0.1        0.44878049 0.27486438 0.18181818
 0.49388753 0.49275362 0.25925926 0.         0.4029304  0.
 0.44897959 0.         0.08       0.2        0.         0.
 0.         0.3963964  0.08       0.12903226 0.03076923 0.
 0.         0.         0.07407407 0.         0.08695652 0.
 0.25       0.03636364 0.         0.         0.57142857 0.
 0.         0.45945946 0.         0.7755102  0.         0.37176471
 0.         0.11111111 0.         0.42105263 0.         0.
 0.12903226 0.         0.         0.72916667 0.10810811 0.09090909
 0.24827586 0.         0.         0.         0.         0.48708487
 0.42276423 0.         0.         0.         0.         0.35362319
 0.37974684]
