mACC, mP, mR, mF1, ACC, P, R, F1
0.5256979695431472,0.4944440868033512,0.42985502742739645,0.4309793432783708
,[ 49   2  18  54  59  27 105  47  32   0  91   1  25   8  20  22  12   5
   2  49  13   1  12   3   1   8  18   1  20  26  28  26   5   4  77   2
  19 102   1  44   1  78   1   9  17  31  20   0  17   3   5  69  26   5
  52   5   6  20  10  86  18   3   5   5   7  88  31]
,[0.52688172 0.125      0.35294118 0.42857143 0.40410959 0.81818182
 0.54123711 0.51648352 0.7804878  0.         0.67407407 0.07142857
 0.73529412 0.32       1.         0.73333333 0.63157895 0.5
 0.5        0.52688172 0.17567568 0.5        0.34285714 0.42857143
 0.16666667 0.72727273 0.62068966 0.2        0.74074074 0.50980392
 0.77777778 0.46428571 0.41666667 0.8        0.57462687 0.22222222
 0.51351351 0.67105263 0.25       0.75862069 0.25       0.34666667
 0.33333333 0.39130435 0.68       0.31       0.54054054 0.
 0.73913043 0.375      0.35714286 0.72631579 0.92857143 0.35714286
 0.52525253 0.35714286 0.42857143 0.74074074 0.33333333 0.51190476
 0.6        0.21428571 0.45454545 0.71428571 0.46666667 0.56050955
 0.83783784]
,[0.40163934 0.07142857 0.5        0.66666667 0.48760331 0.675
 0.78947368 0.61842105 0.74418605 0.         0.88349515 0.04347826
 0.69444444 0.34782609 0.83333333 0.81481481 0.54545455 0.2173913
 0.0952381  0.7        0.25       0.03703704 0.21818182 0.14285714
 0.04166667 0.38095238 0.69230769 0.04761905 0.95238095 0.60465116
 0.59574468 0.54166667 0.23809524 0.19047619 0.83695652 0.0625
 0.73076923 0.69387755 0.04       0.78571429 0.04545455 0.54929577
 0.04761905 0.18       0.47222222 0.65957447 0.57142857 0.
 0.5862069  0.13636364 0.18518519 0.8961039  0.74285714 0.23809524
 0.50485437 0.22727273 0.25       0.64516129 0.45454545 0.7962963
 0.25714286 0.09677419 0.14705882 0.22727273 0.23333333 0.8627451
 0.57407407]
,[0.45581395 0.09090909 0.4137931  0.52173913 0.44194757 0.73972603
 0.64220183 0.56287425 0.76190476 0.         0.76470588 0.05405405
 0.71428571 0.33333333 0.90909091 0.77192982 0.58536585 0.3030303
 0.16       0.60122699 0.20634921 0.06896552 0.26666667 0.21428571
 0.06666667 0.5        0.65454545 0.07692308 0.83333333 0.55319149
 0.6746988  0.5        0.3030303  0.30769231 0.68141593 0.09756098
 0.6031746  0.68227425 0.06896552 0.77192982 0.07692308 0.42506812
 0.08333333 0.24657534 0.55737705 0.42176871 0.55555556 0.
 0.65384615 0.2        0.24390244 0.80232558 0.82539683 0.28571429
 0.51485149 0.27777778 0.31578947 0.68965517 0.38461538 0.62318841
 0.36       0.13333333 0.22222222 0.34482759 0.31111111 0.67953668
 0.68131868]
