mACC, mP, mR, mF1, ACC, P, R, F1
0.462246192893401,0.408723943236863,0.345223466292612,0.3350616685245361
,[ 43   2   9  39  59  27  91  63  22  12  95   0  17   0   1  22   5   0
   8  38   6   8   0   8   0   7  15   0  21  18  35  19   0   3  66   0
   5 110   0  34   0  83   0   1   1  19  17   0  21   1   2  67  30   8
  49   1   0  19   0  86  42   1   0   1   0  85  15]
,[0.38053097 0.33333333 0.36       0.53424658 0.50862069 0.79411765
 0.4375     0.45652174 0.32352941 0.92307692 0.40084388 0.
 0.68       0.         0.5        0.70967742 1.         0.
 0.57142857 0.32758621 0.13953488 0.33333333 0.         0.34782609
 0.         0.875      0.75       0.         0.58333333 0.46153846
 0.81395349 0.51351351 0.         1.         0.67346939 0.
 0.41666667 0.55       0.         0.94444444 0.         0.24269006
 0.         0.09090909 0.16666667 0.475      0.1440678  0.
 0.65625    1.         0.66666667 0.74444444 0.75       0.66666667
 0.50515464 0.11111111 0.         0.82608696 0.         0.47252747
 0.53846154 0.03448276 0.         0.5        0.         0.52469136
 0.625     ]
,[0.35245902 0.07142857 0.25       0.48148148 0.48760331 0.675
 0.68421053 0.82894737 0.51162791 0.52173913 0.9223301  0.
 0.47222222 0.         0.04166667 0.81481481 0.22727273 0.
 0.38095238 0.54285714 0.11538462 0.2962963  0.         0.38095238
 0.         0.33333333 0.57692308 0.         1.         0.41860465
 0.74468085 0.39583333 0.         0.14285714 0.7173913  0.
 0.19230769 0.74829932 0.         0.60714286 0.         0.58450704
 0.         0.02       0.02777778 0.40425532 0.48571429 0.
 0.72413793 0.04545455 0.07407407 0.87012987 0.85714286 0.38095238
 0.47572816 0.04545455 0.         0.61290323 0.         0.7962963
 0.6        0.03225806 0.         0.04545455 0.         0.83333333
 0.27777778]
,[0.36595745 0.11764706 0.29508197 0.50649351 0.4978903  0.72972973
 0.53372434 0.58878505 0.3963964  0.66666667 0.55882353 0.
 0.55737705 0.         0.07692308 0.75862069 0.37037037 0.
 0.45714286 0.40860215 0.12631579 0.31372549 0.         0.36363636
 0.         0.48275862 0.65217391 0.         0.73684211 0.43902439
 0.77777778 0.44705882 0.         0.25       0.69473684 0.
 0.26315789 0.63400576 0.         0.73913043 0.         0.34297521
 0.         0.03278689 0.04761905 0.43678161 0.22222222 0.
 0.68852459 0.08695652 0.13333333 0.80239521 0.8        0.48484848
 0.49       0.06451613 0.         0.7037037  0.         0.59310345
 0.56756757 0.03333333 0.         0.08333333 0.         0.64393939
 0.38461538]
