mACC, mP, mR, mF1, ACC, P, R, F1
0.5650380710659898,0.5793236334429259,0.4915993184995672,0.5038357960348375
,[ 69   4   8  59  66  26 115  42  31   9  93   0  24  10  20  21  10   5
   9  45   6   7  24  12   4  16  10   5  21  22  40  33   1  12  85   3
   9 106   4  45   4  62   2  30   9  20  23   9  11   4   5  67  29   8
  50   7   8  19  13  57  48  11  13  11  17  74  39]
,[0.4893617  0.4        0.61538462 0.55660377 0.41772152 0.89655172
 0.48523207 0.7        0.59615385 1.         0.51381215 0.
 0.68571429 0.58823529 0.8        0.72413793 0.4        0.55555556
 0.52941176 0.71428571 0.31578947 0.4375     0.42857143 0.8
 0.23529412 0.76190476 0.76923077 0.55555556 0.91304348 0.56410256
 0.74074074 0.61111111 0.1        0.8        0.67460317 0.5
 0.6        0.64242424 0.8        0.69230769 0.36363636 0.40522876
 0.66666667 0.37974684 0.69230769 0.52631579 0.51111111 0.39130435
 0.91666667 0.57142857 0.26315789 0.85897436 0.85294118 0.8
 0.49019608 0.25925926 0.36363636 0.86363636 0.48148148 0.7125
 0.61538462 0.73333333 0.52       0.36666667 0.22972973 0.74
 0.62903226]
,[0.56557377 0.14285714 0.22222222 0.72839506 0.54545455 0.65
 0.86466165 0.55263158 0.72093023 0.39130435 0.90291262 0.
 0.66666667 0.43478261 0.83333333 0.77777778 0.45454545 0.2173913
 0.42857143 0.64285714 0.11538462 0.25925926 0.43636364 0.57142857
 0.16666667 0.76190476 0.38461538 0.23809524 1.         0.51162791
 0.85106383 0.6875     0.04761905 0.57142857 0.92391304 0.09375
 0.34615385 0.72108844 0.16       0.80357143 0.18181818 0.43661972
 0.0952381  0.6        0.25       0.42553191 0.65714286 0.26470588
 0.37931034 0.18181818 0.18518519 0.87012987 0.82857143 0.38095238
 0.48543689 0.31818182 0.33333333 0.61290323 0.59090909 0.52777778
 0.68571429 0.35483871 0.38235294 0.5        0.56666667 0.7254902
 0.72222222]
,[0.52471483 0.21052632 0.32653061 0.63101604 0.47311828 0.75362319
 0.62162162 0.61764706 0.65263158 0.5625     0.65492958 0.
 0.67605634 0.5        0.81632653 0.75       0.42553191 0.3125
 0.47368421 0.67669173 0.16901408 0.3255814  0.43243243 0.66666667
 0.19512195 0.76190476 0.51282051 0.33333333 0.95454545 0.53658537
 0.79207921 0.64705882 0.06451613 0.66666667 0.77981651 0.15789474
 0.43902439 0.67948718 0.26666667 0.74380165 0.24242424 0.42033898
 0.16666667 0.46511628 0.36734694 0.47058824 0.575      0.31578947
 0.53658537 0.27586207 0.2173913  0.86451613 0.84057971 0.51612903
 0.48780488 0.28571429 0.34782609 0.71698113 0.53061224 0.60638298
 0.64864865 0.47826087 0.44067797 0.42307692 0.32692308 0.73267327
 0.67241379]
