mACC, mP, mR, mF1, ACC, P, R, F1
0.3194796954314721,0.24812800302815535,0.16909382866712827,0.1511249156627743
,[ 63   0   7  53  76   9  85  36   5   0  56   0  18   0   1   1   0   0
   0  33   5   0   1   0   0   0   0   0   0   2  10   1   0   0  42   0
   1 118   0  40   0  62   0   1   0   4   0   0   2   0   0  69   1   2
  40   0   0   4   0  71  18   0   1   0   0  56  13]
,[0.28       0.         0.41176471 0.30813953 0.21652422 0.9
 0.44973545 0.41860465 0.45454545 0.         0.36601307 0.
 0.5625     0.         1.         1.         0.         0.
 0.         0.45833333 0.19230769 0.         0.33333333 0.
 0.         0.         0.         0.         0.         0.18181818
 0.83333333 0.1        0.         0.         0.36521739 0.
 1.         0.3025641  0.         0.85106383 0.         0.20875421
 0.         0.125      0.         0.21052632 0.         0.
 1.         0.         0.         0.48251748 0.5        0.66666667
 0.1793722  0.         0.         0.57142857 0.         0.35148515
 0.30508475 0.         0.25       0.         0.         0.26794258
 0.52      ]
,[0.51639344 0.         0.19444444 0.65432099 0.62809917 0.225
 0.63909774 0.47368421 0.11627907 0.         0.54368932 0.
 0.5        0.         0.04166667 0.03703704 0.         0.
 0.         0.47142857 0.09615385 0.         0.01818182 0.
 0.         0.         0.         0.         0.         0.04651163
 0.21276596 0.02083333 0.         0.         0.45652174 0.
 0.03846154 0.80272109 0.         0.71428571 0.         0.43661972
 0.         0.02       0.         0.08510638 0.         0.
 0.06896552 0.         0.         0.8961039  0.02857143 0.0952381
 0.38834951 0.         0.         0.12903226 0.         0.65740741
 0.25714286 0.         0.02941176 0.         0.         0.54901961
 0.24074074]
,[0.36311239 0.         0.26415094 0.41897233 0.3220339  0.36
 0.52795031 0.44444444 0.18518519 0.         0.4375     0.
 0.52941176 0.         0.08       0.07142857 0.         0.
 0.         0.46478873 0.12820513 0.         0.03448276 0.
 0.         0.         0.         0.         0.         0.07407407
 0.33898305 0.03448276 0.         0.         0.4057971  0.
 0.07407407 0.43947858 0.         0.77669903 0.         0.28246014
 0.         0.03448276 0.         0.12121212 0.         0.
 0.12903226 0.         0.         0.62727273 0.05405405 0.16666667
 0.24539877 0.         0.         0.21052632 0.         0.45806452
 0.27906977 0.         0.05263158 0.         0.         0.36012862
 0.32911392]
