mACC, mP, mR, mF1, ACC, P, R, F1
0.45241116751269034,0.3952191745843359,0.3307128462532187,0.3238731478007539
,[ 60   7   8  63  54  16 103  60  18   2  86   0  24   5   4  21   5   0
   7  49   4   3  10   5   0   2  17   0  11  25  31  22   0   3  57   0
   5 106   0  43   0  57   0   8   1  14  20   0  18   2   3  61  25   6
  67   3   0   5   0  64  32   0   3   0   6  65  30]
,[0.32432432 0.18918919 0.30769231 0.39622642 0.41860465 0.69565217
 0.5255102  0.36809816 0.45       1.         0.5375     0.
 0.55813953 0.29411765 0.66666667 0.61764706 1.         0.
 0.33333333 0.29341317 0.11428571 0.17647059 0.35714286 0.5
 0.         1.         0.45945946 0.         0.6875     0.48076923
 0.83783784 0.51162791 0.         0.75       0.54285714 0.
 0.5        0.69736842 0.         0.87755102 0.         0.39041096
 0.         0.4        0.33333333 0.25925926 0.35087719 0.
 0.52941176 0.15384615 0.09375    0.83561644 0.89285714 1.
 0.40606061 0.2        0.         0.71428571 0.         0.48120301
 0.33684211 0.         0.21428571 0.         0.16666667 0.57017544
 0.68181818]
,[0.49180328 0.25       0.22222222 0.77777778 0.44628099 0.4
 0.77443609 0.78947368 0.41860465 0.08695652 0.83495146 0.
 0.66666667 0.2173913  0.16666667 0.77777778 0.22727273 0.
 0.33333333 0.7        0.07692308 0.11111111 0.18181818 0.23809524
 0.         0.0952381  0.65384615 0.         0.52380952 0.58139535
 0.65957447 0.45833333 0.         0.14285714 0.61956522 0.
 0.19230769 0.72108844 0.         0.76785714 0.         0.40140845
 0.         0.16       0.02777778 0.29787234 0.57142857 0.
 0.62068966 0.09090909 0.11111111 0.79220779 0.71428571 0.28571429
 0.65048544 0.13636364 0.         0.16129032 0.         0.59259259
 0.45714286 0.         0.08823529 0.         0.2        0.6372549
 0.55555556]
,[0.39087948 0.21538462 0.25806452 0.525      0.432      0.50793651
 0.62613982 0.50209205 0.43373494 0.16       0.6539924  0.
 0.60759494 0.25       0.26666667 0.68852459 0.37037037 0.
 0.33333333 0.41350211 0.09195402 0.13636364 0.24096386 0.32258065
 0.         0.17391304 0.53968254 0.         0.59459459 0.52631579
 0.73809524 0.48351648 0.         0.24       0.5786802  0.
 0.27777778 0.7090301  0.         0.81904762 0.         0.39583333
 0.         0.22857143 0.05128205 0.27722772 0.43478261 0.
 0.57142857 0.11428571 0.10169492 0.81333333 0.79365079 0.44444444
 0.5        0.16216216 0.         0.26315789 0.         0.53112033
 0.38787879 0.         0.125      0.         0.18181818 0.60185185
 0.6122449 ]
