mACC, mP, mR, mF1, ACC, P, R, F1
0.569479695431472,0.6093744415506367,0.4777384593789813,0.4859636679911746
,[ 73   7  27  65  48  24  92  60  33  15  89   2  27   3  24  20  16  17
   8  40   4  11  11   8   2  14  13   2  15  22  39  25   0   7  87   1
   9 116   5  38   0  94   0  27  10  17  12   4  16   1   2  69  30  11
  63   3   4  22  12  77  49   3  13   3  13  82  39]
,[0.48344371 0.46666667 0.36986301 0.45774648 0.70588235 0.70588235
 0.63448276 0.40268456 0.62264151 0.83333333 0.76724138 0.11111111
 0.71052632 0.75       0.6        0.86956522 0.8        0.35416667
 0.72727273 0.71428571 0.16666667 0.40740741 0.61111111 0.61538462
 0.28571429 0.73684211 0.86666667 0.66666667 0.88235294 0.62857143
 0.67241379 0.625      0.         0.875      0.56493506 0.25
 0.81818182 0.58585859 0.45454545 0.9047619  0.         0.35338346
 0.         0.3253012  0.83333333 0.35416667 0.75       0.8
 0.88888889 1.         0.33333333 0.85185185 0.625      0.78571429
 0.45652174 0.6        0.8        0.81481481 0.85714286 0.65811966
 0.44954128 1.         0.68421053 0.75       0.72222222 0.74545455
 0.68421053]
,[0.59836066 0.25       0.75       0.80246914 0.39669421 0.6
 0.69172932 0.78947368 0.76744186 0.65217391 0.86407767 0.08695652
 0.75       0.13043478 1.         0.74074074 0.72727273 0.73913043
 0.38095238 0.57142857 0.07692308 0.40740741 0.2        0.38095238
 0.08333333 0.66666667 0.5        0.0952381  0.71428571 0.51162791
 0.82978723 0.52083333 0.         0.33333333 0.94565217 0.03125
 0.34615385 0.78911565 0.2        0.67857143 0.         0.66197183
 0.         0.54       0.27777778 0.36170213 0.34285714 0.11764706
 0.55172414 0.04545455 0.07407407 0.8961039  0.85714286 0.52380952
 0.61165049 0.13636364 0.16666667 0.70967742 0.54545455 0.71296296
 0.7        0.09677419 0.38235294 0.13636364 0.43333333 0.80392157
 0.72222222]
,[0.53479853 0.3255814  0.49541284 0.58295964 0.50793651 0.64864865
 0.6618705  0.53333333 0.6875     0.73170732 0.81278539 0.09756098
 0.72972973 0.22222222 0.75       0.8        0.76190476 0.47887324
 0.5        0.63492063 0.10526316 0.40740741 0.30136986 0.47058824
 0.12903226 0.7        0.63414634 0.16666667 0.78947368 0.56410256
 0.74285714 0.56818182 0.         0.48275862 0.70731707 0.05555556
 0.48648649 0.67246377 0.27777778 0.7755102  0.         0.46078431
 0.         0.40601504 0.41666667 0.35789474 0.47058824 0.20512821
 0.68085106 0.08695652 0.12121212 0.87341772 0.72289157 0.62857143
 0.52282158 0.22222222 0.27586207 0.75862069 0.66666667 0.68444444
 0.54748603 0.17647059 0.49056604 0.23076923 0.54166667 0.77358491
 0.7027027 ]
