mACC, mP, mR, mF1, ACC, P, R, F1
0.549492385786802,0.5701816978399572,0.45205170507022346,0.47207465428661727
,[ 73   8  15  59  69  23  98  50  29   9  77   1  20  13  21  16   6   9
   3  50   9   0  19  11   4  13  13   3  17  26  32  33   2   6  80   3
  13 119   2  45   5  81   2  23  13  21  21   9  14   1   3  67  29  10
  56   3   2  14   6  66  37   6   8   2  14  82  38]
,[0.44242424 0.22222222 0.32608696 0.53636364 0.345      0.60526316
 0.64900662 0.56179775 0.85294118 0.9        0.69369369 0.25
 0.76923077 0.86666667 0.7        0.76190476 0.75       0.75
 0.75       0.64935065 0.29032258 0.         0.39583333 0.84615385
 0.44444444 0.76470588 0.59090909 0.33333333 0.89473684 0.44067797
 0.64       0.35106383 0.4        1.         0.72072072 0.42857143
 0.65       0.5483871  0.2        0.83333333 0.35714286 0.48214286
 1.         0.47916667 0.65       0.61764706 0.525      0.45
 0.82352941 0.33333333 0.17647059 0.5877193  0.87878788 0.625
 0.46280992 0.6        0.28571429 1.         0.75       0.62264151
 0.44047619 0.35294118 0.36363636 0.28571429 0.56       0.56164384
 0.7755102 ]
,[0.59836066 0.28571429 0.41666667 0.72839506 0.57024793 0.575
 0.73684211 0.65789474 0.6744186  0.39130435 0.74757282 0.04347826
 0.55555556 0.56521739 0.875      0.59259259 0.27272727 0.39130435
 0.14285714 0.71428571 0.17307692 0.         0.34545455 0.52380952
 0.16666667 0.61904762 0.5        0.14285714 0.80952381 0.60465116
 0.68085106 0.6875     0.0952381  0.28571429 0.86956522 0.09375
 0.5        0.80952381 0.08       0.80357143 0.22727273 0.57042254
 0.0952381  0.46       0.36111111 0.44680851 0.6        0.26470588
 0.48275862 0.04545455 0.11111111 0.87012987 0.82857143 0.47619048
 0.54368932 0.13636364 0.08333333 0.4516129  0.27272727 0.61111111
 0.52857143 0.19354839 0.23529412 0.09090909 0.46666667 0.80392157
 0.7037037 ]
,[0.5087108  0.25       0.36585366 0.61780105 0.42990654 0.58974359
 0.69014085 0.60606061 0.75324675 0.54545455 0.71962617 0.07407407
 0.64516129 0.68421053 0.77777778 0.66666667 0.4        0.51428571
 0.24       0.68027211 0.21686747 0.         0.36893204 0.64705882
 0.24242424 0.68421053 0.54166667 0.2        0.85       0.50980392
 0.65979381 0.46478873 0.15384615 0.44444444 0.78817734 0.15384615
 0.56521739 0.65384615 0.11428571 0.81818182 0.27777778 0.52258065
 0.17391304 0.46938776 0.46428571 0.51851852 0.56       0.33333333
 0.60869565 0.08       0.13636364 0.70157068 0.85294118 0.54054054
 0.5        0.22222222 0.12903226 0.62222222 0.4        0.61682243
 0.48051948 0.25       0.28571429 0.13793103 0.50909091 0.66129032
 0.73786408]
