mACC, mP, mR, mF1, ACC, P, R, F1
0.4543147208121827,0.44774379206438863,0.310248269687782,0.3166440471871678
,[ 72   1  11  57  64   6 107  47  17   1  83   1  20   1  20  13   2   2
   1  39   2   0  15   9   0   5   6   0  12   3  22  17   0   2  83   2
   5 119   0  42   1  91   0  15   8  11  16   0   9   1   0  68  14   4
  49   1   0  14   2  73  33   7   1   0   7  76  22]
,[0.40677966 0.2        0.36666667 0.42857143 0.38787879 0.85714286
 0.37024221 0.45631068 0.5483871  0.5        0.54605263 0.33333333
 0.68965517 0.16666667 0.83333333 0.86666667 1.         0.28571429
 1.         0.57352941 0.11111111 0.         0.45454545 0.75
 0.         0.71428571 1.         0.         0.70588235 0.42857143
 0.55       0.22666667 0.         0.66666667 0.56081081 0.25
 0.71428571 0.4204947  0.         0.7        0.2        0.35826772
 0.         0.35714286 0.66666667 0.28947368 0.5        0.
 0.64285714 0.25       0.         0.59130435 0.875      0.5
 0.44144144 0.5        0.         0.60869565 0.5        0.43975904
 0.33673469 0.53846154 0.2        0.         0.77777778 0.475
 0.88      ]
,[0.59016393 0.03571429 0.30555556 0.7037037  0.52892562 0.15
 0.80451128 0.61842105 0.39534884 0.04347826 0.80582524 0.04347826
 0.55555556 0.04347826 0.83333333 0.48148148 0.09090909 0.08695652
 0.04761905 0.55714286 0.03846154 0.         0.27272727 0.42857143
 0.         0.23809524 0.23076923 0.         0.57142857 0.06976744
 0.46808511 0.35416667 0.         0.0952381  0.90217391 0.0625
 0.19230769 0.80952381 0.         0.75       0.04545455 0.64084507
 0.         0.3        0.22222222 0.23404255 0.45714286 0.
 0.31034483 0.04545455 0.         0.88311688 0.4        0.19047619
 0.47572816 0.04545455 0.         0.4516129  0.09090909 0.67592593
 0.47142857 0.22580645 0.02941176 0.         0.23333333 0.74509804
 0.40740741]
,[0.48160535 0.06060606 0.33333333 0.53271028 0.44755245 0.25531915
 0.507109   0.52513966 0.45945946 0.08       0.65098039 0.07692308
 0.61538462 0.06896552 0.83333333 0.61904762 0.16666667 0.13333333
 0.09090909 0.56521739 0.05714286 0.         0.34090909 0.54545455
 0.         0.35714286 0.375      0.         0.63157895 0.12
 0.50574713 0.27642276 0.         0.16666667 0.69166667 0.1
 0.3030303  0.55348837 0.         0.72413793 0.07407407 0.45959596
 0.         0.32608696 0.33333333 0.25882353 0.47761194 0.
 0.41860465 0.07692308 0.         0.70833333 0.54901961 0.27586207
 0.45794393 0.08333333 0.         0.51851852 0.15384615 0.53284672
 0.39285714 0.31818182 0.05128205 0.         0.35897436 0.58015267
 0.55696203]
