mACC, mP, mR, mF1, ACC, P, R, F1
0.5421954314720813,0.5592540396825632,0.4384828797272855,0.43549803802244286
,[ 62   3  23  69  69  20 102  44  29  12  88   0  28   0  24  20   5  13
   7  44   2  12   2   8   0  13  18   1  21  10  38  28   0   9  84   0
  13 120   0  39   0  92   3  20  20  17  16   0  15   0   3  68  29   6
  63   2   2  25  10  72  39   4   6   3   2  86  26]
,[0.41891892 0.75       0.41818182 0.41317365 0.58974359 0.95238095
 0.58959538 0.48888889 0.90625    0.70588235 0.7394958  0.
 0.71794872 0.         0.53333333 0.74074074 1.         0.61904762
 0.53846154 0.54320988 0.5        0.38709677 1.         0.66666667
 0.         0.61904762 0.66666667 1.         0.72413793 0.55555556
 0.69090909 0.4057971  0.         1.         0.56375839 0.
 0.54166667 0.51502146 0.         0.92857143 0.         0.34586466
 0.6        0.33333333 0.47619048 0.44736842 0.64       0.
 0.83333333 0.         0.5        0.80952381 0.74358974 0.75
 0.33157895 0.4        1.         0.73529412 0.76923077 0.59016393
 0.40206186 0.44444444 1.         0.5        1.         0.62318841
 0.76470588]
,[0.50819672 0.10714286 0.63888889 0.85185185 0.57024793 0.5
 0.76691729 0.57894737 0.6744186  0.52173913 0.85436893 0.
 0.77777778 0.         1.         0.74074074 0.22727273 0.56521739
 0.33333333 0.62857143 0.03846154 0.44444444 0.03636364 0.38095238
 0.         0.61904762 0.69230769 0.04761905 1.         0.23255814
 0.80851064 0.58333333 0.         0.42857143 0.91304348 0.
 0.5        0.81632653 0.         0.69642857 0.         0.64788732
 0.14285714 0.4        0.55555556 0.36170213 0.45714286 0.
 0.51724138 0.         0.11111111 0.88311688 0.82857143 0.28571429
 0.61165049 0.09090909 0.08333333 0.80645161 0.45454545 0.66666667
 0.55714286 0.12903226 0.17647059 0.13636364 0.06666667 0.84313725
 0.48148148]
,[0.45925926 0.1875     0.50549451 0.55645161 0.57983193 0.6557377
 0.66666667 0.53012048 0.77333333 0.6        0.79279279 0.
 0.74666667 0.         0.69565217 0.74074074 0.37037037 0.59090909
 0.41176471 0.58278146 0.07142857 0.4137931  0.07017544 0.48484848
 0.         0.61904762 0.67924528 0.09090909 0.84       0.32786885
 0.74509804 0.47863248 0.         0.6        0.69709544 0.
 0.52       0.63157895 0.         0.79591837 0.         0.45098039
 0.23076923 0.36363636 0.51282051 0.4        0.53333333 0.
 0.63829787 0.         0.18181818 0.8447205  0.78378378 0.4137931
 0.43003413 0.14814815 0.15384615 0.76923077 0.57142857 0.62608696
 0.46706587 0.2        0.3        0.21428571 0.125      0.71666667
 0.59090909]
