mACC, mP, mR, mF1, ACC, P, R, F1
0.5263324873096447,0.5161844948642128,0.40320236330086207,0.4025819723432183
,[ 89   1   0  67  73  29 114  56  37   1  87   0  21   0  15  21   9  15
   0  45   4  19  13   1   0   9  17   1  10  16  42  24   6   2  89   0
  15 129   7  45   0  56   0  11  11  16  27   1  17   0   5  70  16   0
  57   1   0  20  11  47  40   0  15   0   0  77  32]
,[0.34362934 1.         0.         0.37016575 0.38421053 0.69047619
 0.45783133 0.61538462 0.84090909 0.5        0.73728814 0.
 0.53846154 0.         0.88235294 0.7        0.75       0.625
 0.         0.58441558 0.06153846 0.32758621 0.44827586 0.5
 0.         0.9        0.70833333 1.         0.66666667 0.72727273
 0.57534247 0.96       1.         1.         0.60544218 0.
 0.68181818 0.5375     0.875      1.         0.         0.37086093
 0.         0.6875     0.6875     0.59259259 0.3253012  0.5
 0.89473684 0.         0.625      0.625      1.         0.
 0.41911765 0.33333333 0.         0.68965517 0.78571429 0.47
 0.61538462 0.         0.83333333 0.         0.         0.66956522
 0.86486486]
,[0.7295082  0.03571429 0.         0.82716049 0.60330579 0.725
 0.85714286 0.73684211 0.86046512 0.04347826 0.84466019 0.
 0.58333333 0.         0.625      0.77777778 0.40909091 0.65217391
 0.         0.64285714 0.07692308 0.7037037  0.23636364 0.04761905
 0.         0.42857143 0.65384615 0.04761905 0.47619048 0.37209302
 0.89361702 0.5        0.28571429 0.0952381  0.9673913  0.
 0.57692308 0.87755102 0.28       0.80357143 0.         0.3943662
 0.         0.22       0.30555556 0.34042553 0.77142857 0.02941176
 0.5862069  0.         0.18518519 0.90909091 0.45714286 0.
 0.55339806 0.04545455 0.         0.64516129 0.5        0.43518519
 0.57142857 0.         0.44117647 0.         0.         0.75490196
 0.59259259]
,[0.4671916  0.06896552 0.         0.51145038 0.46945338 0.70731707
 0.59685864 0.67065868 0.85057471 0.08       0.78733032 0.
 0.56       0.         0.73170732 0.73684211 0.52941176 0.63829787
 0.         0.6122449  0.06837607 0.44705882 0.30952381 0.08695652
 0.         0.58064516 0.68       0.09090909 0.55555556 0.49230769
 0.7        0.65753425 0.44444444 0.17391304 0.74476987 0.
 0.625      0.66666667 0.42424242 0.89108911 0.         0.38225256
 0.         0.33333333 0.42307692 0.43243243 0.45762712 0.05555556
 0.70833333 0.         0.28571429 0.74074074 0.62745098 0.
 0.47698745 0.08       0.         0.66666667 0.61111111 0.45192308
 0.59259259 0.         0.57692308 0.         0.         0.70967742
 0.7032967 ]
