mACC, mP, mR, mF1, ACC, P, R, F1
0.6246827411167513,0.6040195429948614,0.5476067277938449,0.5523508076808633
,[ 67   7  12  63  75  32 113  60  30  19  95   2  28   6  24  20   7  17
  10  42   5   8  19  12   4  17  17   8  20  28  42  39   5  10  77   3
  14 115   6  49   8  96   6  26  16  30  26   9  19   4  10  69  30   6
  60   4   9  25  10  82  36  11   6   5   9  87  43]
,[0.63809524 0.35       0.4137931  0.62376238 0.60483871 0.71111111
 0.63841808 0.51282051 0.85714286 0.73076923 0.73643411 0.2
 0.82352941 0.54545455 0.52173913 0.64516129 0.7        0.70833333
 0.45454545 0.65625    0.38461538 0.30769231 0.51351351 0.46153846
 0.4        0.94444444 0.70833333 0.57142857 0.95238095 0.63636364
 0.65625    0.51315789 0.5        0.90909091 0.6875     0.3
 0.875      0.66473988 0.2        0.84482759 0.57142857 0.49484536
 0.5        0.65       0.53333333 0.63829787 0.52       0.375
 0.7037037  0.57142857 0.41666667 0.74193548 0.85714286 0.6
 0.74074074 0.36363636 0.40909091 0.56818182 0.58823529 0.64566929
 0.58064516 0.44       0.4        1.         0.9        0.71311475
 0.84313725]
,[0.54918033 0.25       0.33333333 0.77777778 0.61983471 0.8
 0.84962406 0.78947368 0.69767442 0.82608696 0.9223301  0.08695652
 0.77777778 0.26086957 1.         0.74074074 0.31818182 0.73913043
 0.47619048 0.6        0.09615385 0.2962963  0.34545455 0.57142857
 0.16666667 0.80952381 0.65384615 0.38095238 0.95238095 0.65116279
 0.89361702 0.8125     0.23809524 0.47619048 0.83695652 0.09375
 0.53846154 0.78231293 0.24       0.875      0.36363636 0.67605634
 0.28571429 0.52       0.44444444 0.63829787 0.74285714 0.26470588
 0.65517241 0.18181818 0.37037037 0.8961039  0.85714286 0.28571429
 0.58252427 0.18181818 0.375      0.80645161 0.45454545 0.75925926
 0.51428571 0.35483871 0.17647059 0.22727273 0.3        0.85294118
 0.7962963 ]
,[0.59030837 0.29166667 0.36923077 0.69230769 0.6122449  0.75294118
 0.72903226 0.62176166 0.76923077 0.7755102  0.81896552 0.12121212
 0.8        0.35294118 0.68571429 0.68965517 0.4375     0.72340426
 0.46511628 0.62686567 0.15384615 0.30188679 0.41304348 0.5106383
 0.23529412 0.87179487 0.68       0.45714286 0.95238095 0.64367816
 0.75675676 0.62903226 0.32258065 0.625      0.75490196 0.14285714
 0.66666667 0.71875    0.21818182 0.85964912 0.44444444 0.57142857
 0.36363636 0.57777778 0.48484848 0.63829787 0.61176471 0.31034483
 0.67857143 0.27586207 0.39215686 0.81176471 0.85714286 0.38709677
 0.65217391 0.24242424 0.39130435 0.66666667 0.51282051 0.69787234
 0.54545455 0.39285714 0.24489796 0.37037037 0.45       0.77678571
 0.81904762]
