mACC, mP, mR, mF1, ACC, P, R, F1
0.33153553299492383,0.2779953537918459,0.17162763222685243,0.15385556608952572
,[ 82   0   1  55  47   0  88  50   7   0  61   0   4   0   5   0   0   0
   0  29   2   0   2   0   0   0   1   0   1   1  14  10   0   0  80   0
   0 110   0  28   0  74   0   1   5   4   5   0   2   0   0  67   0   0
  64   0   0   0   0  41  28   0   0   0   0  62  14]
,[0.25867508 0.         1.         0.41044776 0.21962617 0.
 0.26268657 0.45045045 0.875      0.         0.305      0.
 0.8        0.         1.         0.         0.         0.
 0.         0.64444444 0.10526316 0.         0.28571429 0.
 0.         0.         1.         0.         1.         0.5
 0.77777778 0.5        0.         0.         0.39408867 0.
 0.         0.37037037 0.         0.875      0.         0.18781726
 0.         0.5        0.625      0.8        0.83333333 0.
 1.         0.         0.         0.46853147 0.         0.
 0.23272727 0.         0.         0.         0.         0.26973684
 0.49122807 0.         0.         0.         0.         0.57407407
 0.60869565]
,[0.67213115 0.         0.02777778 0.67901235 0.38842975 0.
 0.66165414 0.65789474 0.1627907  0.         0.59223301 0.
 0.11111111 0.         0.20833333 0.         0.         0.
 0.         0.41428571 0.03846154 0.         0.03636364 0.
 0.         0.         0.03846154 0.         0.04761905 0.02325581
 0.29787234 0.20833333 0.         0.         0.86956522 0.
 0.         0.74829932 0.         0.5        0.         0.52112676
 0.         0.02       0.13888889 0.08510638 0.14285714 0.
 0.06896552 0.         0.         0.87012987 0.         0.
 0.62135922 0.         0.         0.         0.         0.37962963
 0.4        0.         0.         0.         0.         0.60784314
 0.25925926]
,[0.37357631 0.         0.05405405 0.51162791 0.28059701 0.
 0.37606838 0.53475936 0.2745098  0.         0.40264026 0.
 0.19512195 0.         0.34482759 0.         0.         0.
 0.         0.50434783 0.05633803 0.         0.06451613 0.
 0.         0.         0.07407407 0.         0.09090909 0.04444444
 0.43076923 0.29411765 0.         0.         0.54237288 0.
 0.         0.4954955  0.         0.63636364 0.         0.2761194
 0.         0.03846154 0.22727273 0.15384615 0.24390244 0.
 0.12903226 0.         0.         0.60909091 0.         0.
 0.33862434 0.         0.         0.         0.         0.31538462
 0.44094488 0.         0.         0.         0.         0.59047619
 0.36363636]
