mACC, mP, mR, mF1, ACC, P, R, F1
0.4958756345177665,0.5302759510748505,0.34751975409460295,0.3657199374664435
,[ 72   3  10  58  59  15 100  58  18   5  91   1  23   4  15  11   4   7
   2  51  12   4  13   0   0   6   9   0  12  15  30  28   0   4  85   0
   8 123   6  38   0  92   0  12  10  17  17   3   7   0   6  73  12   1
  63   0   0   8   2  83  31   8  10   0   0  80  28]
,[0.38502674 0.6        0.4        0.4957265  0.38064516 0.68181818
 0.42553191 0.50877193 0.85714286 0.625      0.45728643 0.5
 0.60526316 1.         1.         0.73333333 1.         0.53846154
 1.         0.6375     0.34285714 0.5        0.44827586 0.
 0.         0.85714286 0.9        0.         0.85714286 0.5
 0.63829787 0.59574468 0.         1.         0.55921053 0.
 0.66666667 0.53947368 0.5        0.95       0.         0.36507937
 0.         0.4137931  0.71428571 0.62962963 0.47222222 0.33333333
 1.         0.         0.5        0.56589147 1.         1.
 0.31343284 0.         0.         1.         1.         0.43005181
 0.53448276 0.88888889 0.52631579 0.         0.         0.57142857
 0.58333333]
,[0.59016393 0.10714286 0.27777778 0.71604938 0.48760331 0.375
 0.7518797  0.76315789 0.41860465 0.2173913  0.88349515 0.04347826
 0.63888889 0.17391304 0.625      0.40740741 0.18181818 0.30434783
 0.0952381  0.72857143 0.23076923 0.14814815 0.23636364 0.
 0.         0.28571429 0.34615385 0.         0.57142857 0.34883721
 0.63829787 0.58333333 0.         0.19047619 0.92391304 0.
 0.30769231 0.83673469 0.24       0.67857143 0.         0.64788732
 0.         0.24       0.27777778 0.36170213 0.48571429 0.08823529
 0.24137931 0.         0.22222222 0.94805195 0.34285714 0.04761905
 0.61165049 0.         0.         0.25806452 0.09090909 0.76851852
 0.44285714 0.25806452 0.29411765 0.         0.         0.78431373
 0.51851852]
,[0.46601942 0.18181818 0.32786885 0.58585859 0.42753623 0.48387097
 0.54347826 0.61052632 0.5625     0.32258065 0.60264901 0.08
 0.62162162 0.2962963  0.76923077 0.52380952 0.30769231 0.38888889
 0.17391304 0.68       0.27586207 0.22857143 0.30952381 0.
 0.         0.42857143 0.5        0.         0.68571429 0.4109589
 0.63829787 0.58947368 0.         0.32       0.69672131 0.
 0.42105263 0.656      0.32432432 0.79166667 0.         0.46700508
 0.         0.30379747 0.4        0.45945946 0.47887324 0.13953488
 0.38888889 0.         0.30769231 0.70873786 0.5106383  0.09090909
 0.41447368 0.         0.         0.41025641 0.16666667 0.55149502
 0.484375   0.4        0.37735849 0.         0.         0.66115702
 0.54901961]
