mACC, mP, mR, mF1, ACC, P, R, F1
0.496510152284264,0.4151699736946659,0.36494730492763705,0.35785854381603616
,[ 67   0   5  65  81  34  99  62  28   9  83   0  23   1   8  15   5  17
   0  47   5  11  17   0   0   0  16   0   9  14  34  23   0   0  85   0
  13 105   2  43   0  83   0  21   8  27  21   2  19   1   7  66   6   3
  60   0   0  13   4  49  40   4  11   0   0  62  32]
,[0.34183673 0.         0.26315789 0.44827586 0.42857143 0.5483871
 0.46478873 0.45925926 0.82352941 0.5625     0.53205128 0.
 0.46938776 0.5        0.66666667 0.55555556 1.         0.56666667
 0.         0.48453608 0.05747126 0.32352941 0.34       0.
 0.         0.         0.84210526 0.         0.33333333 0.56
 0.85       0.82142857 0.         0.         0.68548387 0.
 0.39393939 0.70945946 0.66666667 0.95555556 0.         0.38425926
 0.         0.3        0.53333333 0.62790698 0.42       0.15384615
 0.73076923 0.33333333 0.58333333 0.68041237 0.85714286 0.42857143
 0.5        0.         0.         0.72222222 0.8        0.50515464
 0.45454545 0.26666667 0.6875     0.         0.         0.51239669
 0.68085106]
,[0.54918033 0.         0.13888889 0.80246914 0.66942149 0.85
 0.7443609  0.81578947 0.65116279 0.39130435 0.80582524 0.
 0.63888889 0.04347826 0.33333333 0.55555556 0.22727273 0.73913043
 0.         0.67142857 0.09615385 0.40740741 0.30909091 0.
 0.         0.         0.61538462 0.         0.42857143 0.3255814
 0.72340426 0.47916667 0.         0.         0.92391304 0.
 0.5        0.71428571 0.08       0.76785714 0.         0.58450704
 0.         0.42       0.22222222 0.57446809 0.6        0.05882353
 0.65517241 0.04545455 0.25925926 0.85714286 0.17142857 0.14285714
 0.58252427 0.         0.         0.41935484 0.18181818 0.4537037
 0.57142857 0.12903226 0.32352941 0.         0.         0.60784314
 0.59259259]
,[0.42138365 0.         0.18181818 0.57522124 0.52258065 0.66666667
 0.57225434 0.58767773 0.72727273 0.46153846 0.64092664 0.
 0.54117647 0.08       0.44444444 0.55555556 0.37037037 0.64150943
 0.         0.56287425 0.07194245 0.36065574 0.32380952 0.
 0.         0.         0.71111111 0.         0.375      0.41176471
 0.7816092  0.60526316 0.         0.         0.78703704 0.
 0.44067797 0.71186441 0.14285714 0.85148515 0.         0.46368715
 0.         0.35       0.31372549 0.6        0.49411765 0.08510638
 0.69090909 0.08       0.35897436 0.75862069 0.28571429 0.21428571
 0.53811659 0.         0.         0.53061224 0.2962963  0.47804878
 0.50632911 0.17391304 0.44       0.         0.         0.55605381
 0.63366337]
