mACC, mP, mR, mF1, ACC, P, R, F1
0.5894670050761421,0.5806925697767804,0.4986551577531746,0.500668484889978
,[ 61   3  14  53  86  29  94  59  33  18  92   1  27  11  22  24  13  13
   5  54   8  11  19   1   0  16  17   3  17  24  38  34   1   6  90   4
  17 118   3  45   0  91   0  28  20  26  22   4  19   7   8  68  20   6
  63   8   7  15  10  77  42   7  17   3   6  64  36]
,[0.44525547 0.27272727 0.34146341 0.6625     0.50292398 0.65909091
 0.62666667 0.53153153 0.6        0.58064516 0.74193548 0.33333333
 0.77142857 0.78571429 0.70967742 0.57142857 0.56521739 0.72222222
 0.55555556 0.55670103 0.24242424 0.31428571 0.42222222 1.
 0.         0.59259259 0.73913043 0.75       0.80952381 0.5
 0.62295082 0.68       0.5        1.         0.58441558 0.8
 0.5483871  0.69411765 0.6        0.9375     0.         0.44390244
 0.         0.57142857 0.64516129 0.54166667 0.5        0.30769231
 0.9047619  0.5        0.34782609 0.85       0.95238095 0.66666667
 0.525      0.34782609 0.7        0.68181818 0.71428571 0.55
 0.71186441 0.63636364 0.47222222 0.6        0.4        0.72727273
 0.73469388]
,[0.5        0.10714286 0.38888889 0.65432099 0.7107438  0.725
 0.70676692 0.77631579 0.76744186 0.7826087  0.89320388 0.04347826
 0.75       0.47826087 0.91666667 0.88888889 0.59090909 0.56521739
 0.23809524 0.77142857 0.15384615 0.40740741 0.34545455 0.04761905
 0.         0.76190476 0.65384615 0.14285714 0.80952381 0.55813953
 0.80851064 0.70833333 0.04761905 0.28571429 0.97826087 0.125
 0.65384615 0.80272109 0.12       0.80357143 0.         0.64084507
 0.         0.56       0.55555556 0.55319149 0.62857143 0.11764706
 0.65517241 0.31818182 0.2962963  0.88311688 0.57142857 0.28571429
 0.61165049 0.36363636 0.29166667 0.48387097 0.45454545 0.71296296
 0.6        0.22580645 0.5        0.13636364 0.2        0.62745098
 0.66666667]
,[0.47104247 0.15384615 0.36363636 0.65838509 0.5890411  0.69047619
 0.66431095 0.63101604 0.67346939 0.66666667 0.81057269 0.07692308
 0.76056338 0.59459459 0.8        0.69565217 0.57777778 0.63414634
 0.33333333 0.64670659 0.18823529 0.35483871 0.38       0.09090909
 0.         0.66666667 0.69387755 0.24       0.80952381 0.52747253
 0.7037037  0.69387755 0.08695652 0.44444444 0.73170732 0.21621622
 0.59649123 0.7444795  0.2        0.86538462 0.         0.52449568
 0.         0.56565657 0.59701493 0.54736842 0.55696203 0.17021277
 0.76       0.38888889 0.32       0.86624204 0.71428571 0.4
 0.56502242 0.35555556 0.41176471 0.56603774 0.55555556 0.62096774
 0.65116279 0.33333333 0.48571429 0.22222222 0.26666667 0.67368421
 0.69902913]
