mACC, mP, mR, mF1, ACC, P, R, F1
0.6199238578680203,0.6536113229162344,0.5207917048583103,0.5340141569595254
,[ 79   2  20  63  85  31 115  65  30  16  90   2  27   8  22  19  12  17
   8  46  11  22  10   7   2  14  17   2  21  23  37  36   1   5  89   0
  11 129   8  43   1  91   0  24  18  23  11   9  19   1   6  67  31   8
  65   4   9  26  13  74  46   8  21   3   7  92  32]
,[0.56028369 0.33333333 0.38461538 0.61764706 0.5        0.73809524
 0.55555556 0.58035714 0.90909091 0.84210526 0.87378641 0.33333333
 0.81818182 0.88888889 0.52380952 0.76       1.         0.65384615
 0.61538462 0.52272727 0.64705882 0.55       0.83333333 0.41176471
 0.66666667 0.875      0.80952381 1.         0.80769231 0.60526316
 0.78723404 0.76595745 0.2        0.83333333 0.52662722 0.
 0.6875     0.59174312 0.47058824 0.93478261 0.2        0.53846154
 0.         0.47058824 0.7826087  0.575      0.57894737 0.69230769
 0.86363636 1.         0.42857143 0.93055556 0.91176471 0.72727273
 0.54621849 0.66666667 0.81818182 0.60465116 0.86666667 0.58267717
 0.58974359 0.42105263 0.63636364 1.         0.875      0.52873563
 0.94117647]
,[0.64754098 0.07142857 0.55555556 0.77777778 0.70247934 0.775
 0.86466165 0.85526316 0.69767442 0.69565217 0.87378641 0.08695652
 0.75       0.34782609 0.91666667 0.7037037  0.54545455 0.73913043
 0.38095238 0.65714286 0.21153846 0.81481481 0.18181818 0.33333333
 0.08333333 0.66666667 0.65384615 0.0952381  1.         0.53488372
 0.78723404 0.75       0.04761905 0.23809524 0.9673913  0.
 0.42307692 0.87755102 0.32       0.76785714 0.04545455 0.64084507
 0.         0.48       0.5        0.4893617  0.31428571 0.26470588
 0.65517241 0.04545455 0.22222222 0.87012987 0.88571429 0.38095238
 0.63106796 0.18181818 0.375      0.83870968 0.59090909 0.68518519
 0.65714286 0.25806452 0.61764706 0.13636364 0.23333333 0.90196078
 0.59259259]
,[0.60076046 0.11764706 0.45454545 0.68852459 0.58419244 0.75609756
 0.67647059 0.69148936 0.78947368 0.76190476 0.87378641 0.13793103
 0.7826087  0.5        0.66666667 0.73076923 0.70588235 0.69387755
 0.47058824 0.58227848 0.31884058 0.65671642 0.29850746 0.36842105
 0.14814815 0.75675676 0.72340426 0.17391304 0.89361702 0.56790123
 0.78723404 0.75789474 0.07692308 0.37037037 0.68199234 0.
 0.52380952 0.70684932 0.38095238 0.84313725 0.07407407 0.585209
 0.         0.47524752 0.61016949 0.52873563 0.40740741 0.38297872
 0.74509804 0.08695652 0.29268293 0.89932886 0.89855072 0.5
 0.58558559 0.28571429 0.51428571 0.7027027  0.7027027  0.62978723
 0.62162162 0.32       0.62686567 0.24       0.36842105 0.66666667
 0.72727273]
