mACC, mP, mR, mF1, ACC, P, R, F1
0.5815355329949239,0.6025795079998684,0.47534102901932407,0.4835002016157972
,[ 83   1  17  62  83  31 116  55  35  16  85   0  27  10  18  23  10  14
   1  44   5  14   5   4   0  16  17   3  18  12  30  33   1   7  87   4
  16 118   5  41   5  80   0  21   6  19  19   2  16   0   7  70  20   8
  73   5   5  26  13  78  44   6  17   0   0  86  40]
,[0.43005181 1.         0.29310345 0.57407407 0.53205128 0.75609756
 0.43445693 0.53921569 0.8974359  0.88888889 0.88541667 0.
 0.69230769 0.90909091 0.7826087  0.76666667 1.         0.77777778
 0.25       0.75862069 0.16666667 0.35       0.55555556 1.
 0.         0.72727273 0.77272727 1.         0.94736842 0.66666667
 0.73170732 0.67346939 1.         0.875      0.45549738 0.33333333
 0.5        0.67428571 0.625      0.97619048 0.5        0.55944056
 0.         0.77777778 0.85714286 0.7037037  0.52777778 0.66666667
 0.88888889 0.         0.31818182 0.88607595 0.83333333 0.57142857
 0.41242938 0.625      0.45454545 0.66666667 0.40625    0.65
 0.46808511 0.6        0.24285714 0.         0.         0.62773723
 0.93023256]
,[0.68032787 0.03571429 0.47222222 0.7654321  0.68595041 0.775
 0.87218045 0.72368421 0.81395349 0.69565217 0.82524272 0.
 0.75       0.43478261 0.75       0.85185185 0.45454545 0.60869565
 0.04761905 0.62857143 0.09615385 0.51851852 0.09090909 0.19047619
 0.         0.76190476 0.65384615 0.14285714 0.85714286 0.27906977
 0.63829787 0.6875     0.04761905 0.33333333 0.94565217 0.125
 0.61538462 0.80272109 0.2        0.73214286 0.22727273 0.56338028
 0.         0.42       0.16666667 0.40425532 0.54285714 0.05882353
 0.55172414 0.         0.25925926 0.90909091 0.57142857 0.38095238
 0.70873786 0.22727273 0.20833333 0.83870968 0.59090909 0.72222222
 0.62857143 0.19354839 0.5        0.         0.         0.84313725
 0.74074074]
,[0.52698413 0.06896552 0.36170213 0.65608466 0.59927798 0.7654321
 0.58       0.61797753 0.85365854 0.7804878  0.85427136 0.
 0.72       0.58823529 0.76595745 0.80701754 0.625      0.68292683
 0.08       0.6875     0.12195122 0.41791045 0.15625    0.32
 0.         0.74418605 0.70833333 0.25       0.9        0.39344262
 0.68181818 0.68041237 0.09090909 0.48275862 0.61484099 0.18181818
 0.55172414 0.73291925 0.3030303  0.83673469 0.3125     0.56140351
 0.         0.54545455 0.27906977 0.51351351 0.53521127 0.10810811
 0.68085106 0.         0.28571429 0.8974359  0.6779661  0.45714286
 0.52142857 0.33333333 0.28571429 0.74285714 0.48148148 0.68421053
 0.53658537 0.29268293 0.32692308 0.         0.         0.71966527
 0.82474227]
