mACC, mP, mR, mF1, ACC, P, R, F1
0.5983502538071066,0.6006772200094859,0.506934904877923,0.5275128268582695
,[ 80   4  21  62  81  24  91  51  34  13  83   2  21  15  22  18  12  14
   6  53   9   5  24   9   2  13  14   4  17  26  34  36   7   5  87   0
  14 126   2  44   6 100   0  28  15  30  19  10  17   6   7  70  28  10
  55   7   4  15  10  67  39   6  12   5  14  85  36]
,[0.5        0.21052632 0.40384615 0.484375   0.46022727 0.82758621
 0.75833333 0.62195122 0.82926829 0.92857143 0.76146789 0.5
 0.63636364 0.83333333 0.78571429 0.75       1.         0.66666667
 0.4        0.68831169 0.25714286 0.38461538 0.46153846 0.64285714
 0.25       0.8125     0.875      1.         0.89473684 0.63414634
 0.56666667 0.57142857 0.58333333 1.         0.58389262 0.
 0.53846154 0.5915493  0.22222222 0.93617021 0.31578947 0.51020408
 0.         0.54901961 0.71428571 0.625      0.67857143 0.4
 0.89473684 0.6        0.31818182 0.73684211 0.8        0.66666667
 0.56122449 0.46666667 0.5        0.83333333 0.52631579 0.59292035
 0.55714286 0.375      0.46153846 0.71428571 0.58333333 0.61151079
 0.8       ]
,[0.6557377  0.14285714 0.58333333 0.7654321  0.66942149 0.6
 0.68421053 0.67105263 0.79069767 0.56521739 0.80582524 0.08695652
 0.58333333 0.65217391 0.91666667 0.66666667 0.54545455 0.60869565
 0.28571429 0.75714286 0.17307692 0.18518519 0.43636364 0.42857143
 0.08333333 0.61904762 0.53846154 0.19047619 0.80952381 0.60465116
 0.72340426 0.75       0.33333333 0.23809524 0.94565217 0.
 0.53846154 0.85714286 0.08       0.78571429 0.27272727 0.70422535
 0.         0.56       0.41666667 0.63829787 0.54285714 0.29411765
 0.5862069  0.27272727 0.25925926 0.90909091 0.8        0.47619048
 0.53398058 0.31818182 0.16666667 0.48387097 0.45454545 0.62037037
 0.55714286 0.19354839 0.35294118 0.22727273 0.46666667 0.83333333
 0.66666667]
,[0.56737589 0.17021277 0.47727273 0.59330144 0.54545455 0.69565217
 0.71936759 0.64556962 0.80952381 0.7027027  0.78301887 0.14814815
 0.60869565 0.73170732 0.84615385 0.70588235 0.70588235 0.63636364
 0.33333333 0.72108844 0.20689655 0.25       0.44859813 0.51428571
 0.125      0.7027027  0.66666667 0.32       0.85       0.61904762
 0.63551402 0.64864865 0.42424242 0.38461538 0.7219917  0.
 0.53846154 0.7        0.11764706 0.85436893 0.29268293 0.59171598
 0.         0.55445545 0.52631579 0.63157895 0.6031746  0.33898305
 0.70833333 0.375      0.28571429 0.81395349 0.8        0.55555556
 0.54726368 0.37837838 0.25       0.6122449  0.48780488 0.60633484
 0.55714286 0.25531915 0.4        0.34482759 0.51851852 0.70539419
 0.72727273]
