mACC, mP, mR, mF1, ACC, P, R, F1
0.6215,0.6483417567247524,0.6214999999999999,0.5987266759314782
,[ 4 16 14 14 13  9 18  1  5 17 14  2 19 13  8  6 14 17 13  8 17 16 12  7
 11 19 19 17 12 11 18 13  1 13  8 18 12  0 14 14 16 13  9  7 16 11 10 14
 17 15 17 17 18 13 14 13  7 18 13 15 17 19 14  5 14  1  1  1  6  7 18 16
  7 20 14 18  5 12 12 20 15 20 16  7  9 16 15 20 11  6 20  6  4 12 13 17
 16 15 16 12]
,[0.30769231 0.69565217 0.4375     0.60869565 0.65       0.52941176
 0.54545455 1.         0.83333333 0.73913043 0.58333333 1.
 0.67857143 0.72222222 0.5        0.23076923 0.46666667 0.60714286
 0.61904762 1.         0.47222222 0.47058824 0.8        0.58333333
 0.6875     0.57575758 0.7037037  0.89473684 0.63157895 0.78571429
 0.85714286 0.54166667 0.33333333 0.68421053 0.66666667 0.81818182
 0.63157895 0.         0.82352941 0.60869565 0.66666667 0.5
 1.         0.77777778 0.55172414 0.78571429 0.83333333 0.38888889
 0.68       0.57692308 0.65384615 0.80952381 0.81818182 0.5
 0.41176471 0.46428571 0.77777778 0.7826087  0.86666667 0.5
 0.45945946 0.65517241 0.82352941 1.         0.56       0.14285714
 0.33333333 1.         0.26086957 0.58333333 1.         0.55172414
 0.53846154 0.66666667 0.77777778 0.81818182 0.55555556 1.
 0.35294118 0.68965517 0.625      0.8        0.57142857 0.63636364
 0.3        0.76190476 0.83333333 0.76923077 0.6875     0.6
 0.95238095 0.25       0.26666667 0.75       1.         0.89473684
 0.72727273 0.75       0.55172414 0.66666667]
,[0.2  0.8  0.7  0.7  0.65 0.45 0.9  0.05 0.25 0.85 0.7  0.1  0.95 0.65
 0.4  0.3  0.7  0.85 0.65 0.4  0.85 0.8  0.6  0.35 0.55 0.95 0.95 0.85
 0.6  0.55 0.9  0.65 0.05 0.65 0.4  0.9  0.6  0.   0.7  0.7  0.8  0.65
 0.45 0.35 0.8  0.55 0.5  0.7  0.85 0.75 0.85 0.85 0.9  0.65 0.7  0.65
 0.35 0.9  0.65 0.75 0.85 0.95 0.7  0.25 0.7  0.05 0.05 0.05 0.3  0.35
 0.9  0.8  0.35 1.   0.7  0.9  0.25 0.6  0.6  1.   0.75 1.   0.8  0.35
 0.45 0.8  0.75 1.   0.55 0.3  1.   0.3  0.2  0.6  0.65 0.85 0.8  0.75
 0.8  0.6 ]
,[0.24242424 0.74418605 0.53846154 0.65116279 0.65       0.48648649
 0.67924528 0.0952381  0.38461538 0.79069767 0.63636364 0.18181818
 0.79166667 0.68421053 0.44444444 0.26086957 0.56       0.70833333
 0.63414634 0.57142857 0.60714286 0.59259259 0.68571429 0.4375
 0.61111111 0.71698113 0.80851064 0.87179487 0.61538462 0.64705882
 0.87804878 0.59090909 0.08695652 0.66666667 0.5        0.85714286
 0.61538462 0.         0.75675676 0.65116279 0.72727273 0.56521739
 0.62068966 0.48275862 0.65306122 0.64705882 0.625      0.5
 0.75555556 0.65217391 0.73913043 0.82926829 0.85714286 0.56521739
 0.51851852 0.54166667 0.48275862 0.8372093  0.74285714 0.6
 0.59649123 0.7755102  0.75675676 0.4        0.62222222 0.07407407
 0.08695652 0.0952381  0.27906977 0.4375     0.94736842 0.65306122
 0.42424242 0.8        0.73684211 0.85714286 0.34482759 0.75
 0.44444444 0.81632653 0.68181818 0.88888889 0.66666667 0.4516129
 0.36       0.7804878  0.78947368 0.86956522 0.61111111 0.4
 0.97560976 0.27272727 0.22857143 0.66666667 0.78787879 0.87179487
 0.76190476 0.75       0.65306122 0.63157895]
