mACC, mP, mR, mF1, ACC, P, R, F1
0.212,0.2545348851470568,0.212,0.2058236142593893
,[ 0  9  1  4  1  0  1  5  1  8  1  0  6  3  0  0  1 10  0  2  4  5  1  4
  2  9  8  4  1  1  0  4  3  2  3  7  4  0  9  9  5  3  3  7  8  6  0  3
  1 12  7  8  6  7  8  8  8  4  1  3  3 10 10  1  2  1  1  2  1  0 10  0
  2 14  9  4  1  5  3  0  2 13  4 11  2  3  1  5  8  6  7  9  0  1  1  2
  7 14  8  0]
,[0.         0.17307692 0.08333333 0.22222222 0.5        0.
 0.1        0.3125     0.33333333 0.57142857 0.16666667 0.
 0.46153846 0.33333333 0.         0.         0.14285714 0.32258065
 0.         0.5        0.16       0.5        0.125      0.0952381
 1.         0.29032258 0.8        0.30769231 0.07142857 0.1
 0.         0.25       0.04109589 0.11111111 0.15       0.7
 0.13333333 0.         0.6        0.33333333 0.55555556 0.13043478
 0.16666667 0.30434783 0.33333333 0.11538462 0.         0.13043478
 0.25       0.32432432 0.21875    0.2962963  0.25       0.58333333
 0.24242424 0.18604651 0.28571429 0.4        0.14285714 0.75
 0.15789474 0.58823529 1.         0.02083333 0.07407407 0.09090909
 0.04545455 0.05555556 0.01785714 0.         0.33333333 0.
 0.25       0.58333333 0.13846154 0.33333333 0.03225806 0.26315789
 0.10344828 0.         0.28571429 0.52       0.08       0.39285714
 0.28571429 0.12       0.03846154 0.27777778 0.21621622 0.16666667
 0.7        0.40909091 0.         0.09090909 0.125      0.66666667
 0.63636364 0.38888889 0.30769231 0.        ]
,[0.   0.45 0.05 0.2  0.05 0.   0.05 0.25 0.05 0.4  0.05 0.   0.3  0.15
 0.   0.   0.05 0.5  0.   0.1  0.2  0.25 0.05 0.2  0.1  0.45 0.4  0.2
 0.05 0.05 0.   0.2  0.15 0.1  0.15 0.35 0.2  0.   0.45 0.45 0.25 0.15
 0.15 0.35 0.4  0.3  0.   0.15 0.05 0.6  0.35 0.4  0.3  0.35 0.4  0.4
 0.4  0.2  0.05 0.15 0.15 0.5  0.5  0.05 0.1  0.05 0.05 0.1  0.05 0.
 0.5  0.   0.1  0.7  0.45 0.2  0.05 0.25 0.15 0.   0.1  0.65 0.2  0.55
 0.1  0.15 0.05 0.25 0.4  0.3  0.35 0.45 0.   0.05 0.05 0.1  0.35 0.7
 0.4  0.  ]
,[0.         0.25       0.0625     0.21052632 0.09090909 0.
 0.06666667 0.27777778 0.08695652 0.47058824 0.07692308 0.
 0.36363636 0.20689655 0.         0.         0.07407407 0.39215686
 0.         0.16666667 0.17777778 0.33333333 0.07142857 0.12903226
 0.18181818 0.35294118 0.53333333 0.24242424 0.05882353 0.06666667
 0.         0.22222222 0.06451613 0.10526316 0.15       0.46666667
 0.16       0.         0.51428571 0.38297872 0.34482759 0.13953488
 0.15789474 0.3255814  0.36363636 0.16666667 0.         0.13953488
 0.08333333 0.42105263 0.26923077 0.34042553 0.27272727 0.4375
 0.30188679 0.25396825 0.33333333 0.26666667 0.07407407 0.25
 0.15384615 0.54054054 0.66666667 0.02941176 0.08510638 0.06451613
 0.04761905 0.07142857 0.02631579 0.         0.4        0.
 0.14285714 0.63636364 0.21176471 0.25       0.03921569 0.25641026
 0.12244898 0.         0.14814815 0.57777778 0.11428571 0.45833333
 0.14814815 0.13333333 0.04347826 0.26315789 0.28070175 0.21428571
 0.46666667 0.42857143 0.         0.06451613 0.07142857 0.17391304
 0.4516129  0.5        0.34782609 0.        ]
