mACC, mP, mR, mF1, ACC, P, R, F1
0.643,0.6753334288101875,0.643,0.6301869327115124
,[ 2 18 13 18 10 12 17 13  9 15  9 10 12 10  7  1 12 16 12 12 16 11 12  5
 14 13 20 14 17 11 17  9  6  3 15 17 18  3 16 17 18 11 16 13 13 18 12 17
 15 19 16 18 14 12 11 13 15 18 10 16 14 15 18 10 12  6  3  5  3  6 19 16
  7 16  9 19 14 15  4 20 18 19 14  8  8 10 16 19 16 15 20  6  5  9 15 18
 18 17 15 12]
,[0.18181818 0.69230769 0.76470588 0.48648649 0.76923077 0.6
 0.56666667 1.         0.40909091 1.         0.69230769 0.52631579
 0.66666667 0.83333333 0.38888889 0.5        0.6        0.57142857
 0.66666667 0.8        0.51612903 0.84615385 0.70588235 1.
 0.73684211 0.76470588 0.74074074 0.93333333 0.56666667 0.64705882
 0.73913043 0.5625     0.26086957 0.75       0.31914894 0.85
 0.62068966 0.42857143 0.84210526 0.53125    0.47368421 0.45833333
 0.48484848 0.43333333 0.72222222 0.5625     1.         0.62962963
 0.78947368 0.67857143 0.72727273 0.81818182 0.875      0.75
 0.42307692 0.54166667 0.68181818 0.69230769 0.625      0.38095238
 0.51851852 0.9375     0.85714286 0.76923077 0.92307692 0.5
 0.25       0.625      0.21428571 1.         1.         0.61538462
 0.53846154 0.88888889 0.81818182 0.73076923 0.46666667 0.71428571
 1.         0.68965517 0.66666667 0.86363636 0.82352941 0.66666667
 0.53333333 0.90909091 0.42105263 0.65517241 0.84210526 0.6
 0.95238095 0.75       0.5        0.39130435 0.9375     0.81818182
 0.7826087  0.85       0.9375     0.75      ]
,[0.1  0.9  0.65 0.9  0.5  0.6  0.85 0.65 0.45 0.75 0.45 0.5  0.6  0.5
 0.35 0.05 0.6  0.8  0.6  0.6  0.8  0.55 0.6  0.25 0.7  0.65 1.   0.7
 0.85 0.55 0.85 0.45 0.3  0.15 0.75 0.85 0.9  0.15 0.8  0.85 0.9  0.55
 0.8  0.65 0.65 0.9  0.6  0.85 0.75 0.95 0.8  0.9  0.7  0.6  0.55 0.65
 0.75 0.9  0.5  0.8  0.7  0.75 0.9  0.5  0.6  0.3  0.15 0.25 0.15 0.3
 0.95 0.8  0.35 0.8  0.45 0.95 0.7  0.75 0.2  1.   0.9  0.95 0.7  0.4
 0.4  0.5  0.8  0.95 0.8  0.75 1.   0.3  0.25 0.45 0.75 0.9  0.9  0.85
 0.75 0.6 ]
,[0.12903226 0.7826087  0.7027027  0.63157895 0.60606061 0.6
 0.68       0.78787879 0.42857143 0.85714286 0.54545455 0.51282051
 0.63157895 0.625      0.36842105 0.09090909 0.6        0.66666667
 0.63157895 0.68571429 0.62745098 0.66666667 0.64864865 0.4
 0.71794872 0.7027027  0.85106383 0.8        0.68       0.59459459
 0.79069767 0.5        0.27906977 0.25       0.44776119 0.85
 0.73469388 0.22222222 0.82051282 0.65384615 0.62068966 0.5
 0.60377358 0.52       0.68421053 0.69230769 0.75       0.72340426
 0.76923077 0.79166667 0.76190476 0.85714286 0.77777778 0.66666667
 0.47826087 0.59090909 0.71428571 0.7826087  0.55555556 0.51612903
 0.59574468 0.83333333 0.87804878 0.60606061 0.72727273 0.375
 0.1875     0.35714286 0.17647059 0.46153846 0.97435897 0.69565217
 0.42424242 0.84210526 0.58064516 0.82608696 0.56       0.73170732
 0.33333333 0.81632653 0.76595745 0.9047619  0.75675676 0.5
 0.45714286 0.64516129 0.55172414 0.7755102  0.82051282 0.66666667
 0.97560976 0.42857143 0.33333333 0.41860465 0.83333333 0.85714286
 0.8372093  0.85       0.83333333 0.66666667]
