mACC, mP, mR, mF1, ACC, P, R, F1
0.701,0.7158236360464737,0.7010000000000001,0.6936330093694585
,[ 7 16 16 17 15 12 17 17 12 17 10 14 12 12 10 13 16 14 16  4 16 14 12  4
 11 17 19 18 20 15 17 11 15 17 15 19 19  9 13 19 20 13 14 11 10 17 14 16
 13 19 16 17 13 11  8  5 17 19 14 15 13 17 20 12  9  8  3 10  5 15 18 14
  8 18 13 19  9 17 10 19 15 20 14 17  7 12 15 17 15 14 18 15  5 11 16 17
 19 19 19 11]
,[0.25925926 0.8        0.84210526 0.62962963 0.75       0.4
 0.62962963 0.80952381 0.85714286 0.94444444 0.55555556 0.60869565
 0.75       0.8        0.47619048 0.38235294 0.8        0.73684211
 0.8        0.66666667 0.57142857 0.82352941 0.8        0.57142857
 0.57894737 0.73913043 0.9047619  0.81818182 0.8        0.78947368
 0.68       0.78571429 0.65217391 0.94444444 0.55555556 1.
 0.54285714 0.39130435 0.86666667 0.61290323 0.52631579 0.56521739
 0.73684211 0.91666667 0.66666667 0.56666667 0.93333333 0.72727273
 1.         0.79166667 0.88888889 0.5862069  0.68421053 0.84615385
 0.57142857 0.5        0.62962963 0.86363636 0.60869565 0.71428571
 0.5        0.85       0.86956522 0.66666667 0.9        0.53333333
 0.23076923 0.625      0.71428571 0.65217391 0.81818182 0.82352941
 0.61538462 0.94736842 0.59090909 0.79166667 0.6        0.70833333
 0.83333333 0.59375    0.75       1.         0.77777778 0.65384615
 0.63636364 0.6        0.78947368 0.85       0.71428571 0.82352941
 0.94736842 0.6        0.41666667 0.73333333 0.88888889 0.80952381
 0.79166667 0.86363636 0.9047619  0.91666667]
,[0.35 0.8  0.8  0.85 0.75 0.6  0.85 0.85 0.6  0.85 0.5  0.7  0.6  0.6
 0.5  0.65 0.8  0.7  0.8  0.2  0.8  0.7  0.6  0.2  0.55 0.85 0.95 0.9
 1.   0.75 0.85 0.55 0.75 0.85 0.75 0.95 0.95 0.45 0.65 0.95 1.   0.65
 0.7  0.55 0.5  0.85 0.7  0.8  0.65 0.95 0.8  0.85 0.65 0.55 0.4  0.25
 0.85 0.95 0.7  0.75 0.65 0.85 1.   0.6  0.45 0.4  0.15 0.5  0.25 0.75
 0.9  0.7  0.4  0.9  0.65 0.95 0.45 0.85 0.5  0.95 0.75 1.   0.7  0.85
 0.35 0.6  0.75 0.85 0.75 0.7  0.9  0.75 0.25 0.55 0.8  0.85 0.95 0.95
 0.95 0.55]
,[0.29787234 0.8        0.82051282 0.72340426 0.75       0.48
 0.72340426 0.82926829 0.70588235 0.89473684 0.52631579 0.65116279
 0.66666667 0.68571429 0.48780488 0.48148148 0.8        0.71794872
 0.8        0.30769231 0.66666667 0.75675676 0.68571429 0.2962963
 0.56410256 0.79069767 0.92682927 0.85714286 0.88888889 0.76923077
 0.75555556 0.64705882 0.69767442 0.89473684 0.63829787 0.97435897
 0.69090909 0.41860465 0.74285714 0.74509804 0.68965517 0.60465116
 0.71794872 0.6875     0.57142857 0.68       0.8        0.76190476
 0.78787879 0.86363636 0.84210526 0.69387755 0.66666667 0.66666667
 0.47058824 0.33333333 0.72340426 0.9047619  0.65116279 0.73170732
 0.56521739 0.85       0.93023256 0.63157895 0.6        0.45714286
 0.18181818 0.55555556 0.37037037 0.69767442 0.85714286 0.75675676
 0.48484848 0.92307692 0.61904762 0.86363636 0.51428571 0.77272727
 0.625      0.73076923 0.75       1.         0.73684211 0.73913043
 0.4516129  0.6        0.76923077 0.85       0.73170732 0.75675676
 0.92307692 0.66666667 0.3125     0.62857143 0.84210526 0.82926829
 0.86363636 0.9047619  0.92682927 0.6875    ]
