mACC, mP, mR, mF1, ACC, P, R, F1
0.535,0.560113306486043,0.535,0.5272606417730562
,[ 3 19 13 18 10 10 13 15  6 17 11 10 12  9 12  2  8 14  8  6  6 13 13  8
 10 14 19 12 10  9 18  6  6 14  6 17 11  1 10 11 13  9  9  8 12 16  6 11
 10 15 13 16  9 12  6 11 11  9 10 12 10 15 13  7 10  2  0  3  3  9 18 11
 10 19  9 18  3 13  3 12 13 19 13  8  8 17  8 16 15  7 20 11  6  6  9  8
 17 15  8 10]
,[0.21428571 0.67857143 0.86666667 0.4        0.71428571 0.58823529
 0.44827586 0.57692308 0.66666667 0.89473684 0.35483871 0.625
 0.8        0.69230769 0.375      0.16666667 0.57142857 0.51851852
 0.53333333 0.4        0.20689655 0.41935484 0.5        0.32
 0.47619048 0.53846154 0.86363636 0.85714286 0.41666667 0.9
 0.81818182 0.42857143 0.23076923 0.46666667 0.46153846 0.70833333
 0.5        0.09090909 0.66666667 0.55       0.68421053 0.36
 0.81818182 0.72727273 0.70588235 0.45714286 0.85714286 0.42307692
 0.71428571 0.68181818 0.65       0.76190476 0.64285714 0.52173913
 0.42857143 0.35483871 0.64705882 0.75       0.5        0.48
 0.52631579 0.78947368 0.92857143 0.63636364 0.66666667 0.16666667
 0.         0.27272727 0.375      0.375      0.75       0.61111111
 0.43478261 0.7037037  0.75       0.64285714 0.33333333 0.59090909
 0.15789474 0.6        0.86666667 0.82608696 0.39393939 0.72727273
 0.42105263 0.34693878 0.8        0.72727273 0.55555556 0.58333333
 0.74074074 0.44       0.2        0.66666667 0.75       0.61538462
 0.32692308 0.65217391 0.8        0.58823529]
,[0.15 0.95 0.65 0.9  0.5  0.5  0.65 0.75 0.3  0.85 0.55 0.5  0.6  0.45
 0.6  0.1  0.4  0.7  0.4  0.3  0.3  0.65 0.65 0.4  0.5  0.7  0.95 0.6
 0.5  0.45 0.9  0.3  0.3  0.7  0.3  0.85 0.55 0.05 0.5  0.55 0.65 0.45
 0.45 0.4  0.6  0.8  0.3  0.55 0.5  0.75 0.65 0.8  0.45 0.6  0.3  0.55
 0.55 0.45 0.5  0.6  0.5  0.75 0.65 0.35 0.5  0.1  0.   0.15 0.15 0.45
 0.9  0.55 0.5  0.95 0.45 0.9  0.15 0.65 0.15 0.6  0.65 0.95 0.65 0.4
 0.4  0.85 0.4  0.8  0.75 0.35 1.   0.55 0.3  0.3  0.45 0.4  0.85 0.75
 0.4  0.5 ]
,[0.17647059 0.79166667 0.74285714 0.55384615 0.58823529 0.54054054
 0.53061224 0.65217391 0.4137931  0.87179487 0.43137255 0.55555556
 0.68571429 0.54545455 0.46153846 0.125      0.47058824 0.59574468
 0.45714286 0.34285714 0.24489796 0.50980392 0.56521739 0.35555556
 0.48780488 0.60869565 0.9047619  0.70588235 0.45454545 0.6
 0.85714286 0.35294118 0.26086957 0.56       0.36363636 0.77272727
 0.52380952 0.06451613 0.57142857 0.55       0.66666667 0.4
 0.58064516 0.51612903 0.64864865 0.58181818 0.44444444 0.47826087
 0.58823529 0.71428571 0.65       0.7804878  0.52941176 0.55813953
 0.35294118 0.43137255 0.59459459 0.5625     0.5        0.53333333
 0.51282051 0.76923077 0.76470588 0.4516129  0.57142857 0.125
 0.         0.19354839 0.21428571 0.40909091 0.81818182 0.57894737
 0.46511628 0.80851064 0.5625     0.75       0.20689655 0.61904762
 0.15384615 0.6        0.74285714 0.88372093 0.49056604 0.51612903
 0.41025641 0.49275362 0.53333333 0.76190476 0.63829787 0.4375
 0.85106383 0.48888889 0.24       0.4137931  0.5625     0.48484848
 0.47222222 0.69767442 0.53333333 0.54054054]
