mACC, mP, mR, mF1, ACC, P, R, F1
0.645,0.6574275683331829,0.645,0.6381630117401123
,[ 6 14 18 18 15  9 16 14  8 17  8 12 17 15  9  5 15  9 16  9  7 16 14 11
 12 16 19 13 18 13 16 13 13 15  7 19 13  2 12 14 14  9 13 12 11 17  6 11
 12 17 11 16 16 15  6 13 16 13 16 11 12 17 17  8  9  5  4  6  7  9 16 14
  9 20 10 18  4 18 13 18 16 20 16 13  7  9 10 15 16 14 20 15 14  9 16 16
 19 15 13 15]
,[0.35294118 1.         0.94736842 0.6        0.71428571 0.64285714
 0.61538462 0.73684211 0.72727273 0.89473684 0.4        0.52173913
 0.62962963 0.75       0.64285714 0.38461538 0.78947368 0.39130435
 0.57142857 0.6        0.30434783 0.72727273 0.63636364 0.45833333
 0.85714286 0.69565217 0.95       0.61904762 0.69230769 0.54166667
 0.88888889 0.43333333 0.43333333 0.41666667 0.5        0.9047619
 0.76470588 0.15384615 0.85714286 0.73684211 0.77777778 0.33333333
 0.59090909 0.75       0.84615385 0.60714286 0.75       0.57894737
 0.70588235 0.65384615 0.61111111 0.8        0.69565217 0.75
 0.42857143 0.52       0.66666667 0.92857143 0.61538462 0.55
 0.52173913 0.80952381 0.89473684 0.53333333 0.81818182 0.29411765
 0.4        0.54545455 0.7        0.69230769 0.84210526 0.7
 0.6        0.83333333 0.71428571 0.81818182 0.57142857 0.72
 0.65       0.69230769 0.69565217 0.90909091 0.69565217 0.65
 0.7        0.36       0.76923077 0.78947368 0.55172414 0.82352941
 0.86956522 0.71428571 0.31818182 0.64285714 0.84210526 0.66666667
 0.63333333 0.75       0.68421053 0.68181818]
,[0.3  0.7  0.9  0.9  0.75 0.45 0.8  0.7  0.4  0.85 0.4  0.6  0.85 0.75
 0.45 0.25 0.75 0.45 0.8  0.45 0.35 0.8  0.7  0.55 0.6  0.8  0.95 0.65
 0.9  0.65 0.8  0.65 0.65 0.75 0.35 0.95 0.65 0.1  0.6  0.7  0.7  0.45
 0.65 0.6  0.55 0.85 0.3  0.55 0.6  0.85 0.55 0.8  0.8  0.75 0.3  0.65
 0.8  0.65 0.8  0.55 0.6  0.85 0.85 0.4  0.45 0.25 0.2  0.3  0.35 0.45
 0.8  0.7  0.45 1.   0.5  0.9  0.2  0.9  0.65 0.9  0.8  1.   0.8  0.65
 0.35 0.45 0.5  0.75 0.8  0.7  1.   0.75 0.7  0.45 0.8  0.8  0.95 0.75
 0.65 0.75]
,[0.32432432 0.82352941 0.92307692 0.72       0.73170732 0.52941176
 0.69565217 0.71794872 0.51612903 0.87179487 0.4        0.55813953
 0.72340426 0.75       0.52941176 0.3030303  0.76923077 0.41860465
 0.66666667 0.51428571 0.3255814  0.76190476 0.66666667 0.5
 0.70588235 0.74418605 0.95       0.63414634 0.7826087  0.59090909
 0.84210526 0.52       0.52       0.53571429 0.41176471 0.92682927
 0.7027027  0.12121212 0.70588235 0.71794872 0.73684211 0.38297872
 0.61904762 0.66666667 0.66666667 0.70833333 0.42857143 0.56410256
 0.64864865 0.73913043 0.57894737 0.8        0.74418605 0.75
 0.35294118 0.57777778 0.72727273 0.76470588 0.69565217 0.55
 0.55813953 0.82926829 0.87179487 0.45714286 0.58064516 0.27027027
 0.26666667 0.38709677 0.46666667 0.54545455 0.82051282 0.7
 0.51428571 0.90909091 0.58823529 0.85714286 0.2962963  0.8
 0.65       0.7826087  0.74418605 0.95238095 0.74418605 0.65
 0.46666667 0.4        0.60606061 0.76923077 0.65306122 0.75675676
 0.93023256 0.73170732 0.4375     0.52941176 0.82051282 0.72727273
 0.76       0.75       0.66666667 0.71428571]
