mACC, mP, mR, mF1, ACC, P, R, F1
0.7005,0.7195602249878642,0.7005000000000001,0.6879749953917765
,[ 6 18 14 14 15 12 17 17 13 17 11 16 19 16 12  6 16 17 16  8 15 17 17  6
 14 17 20 17 18 15 19 15 11 16 11 17 16  3 17 19 19 11 16 10 13 16  9 15
 11 19 14 18 18 16 11  8 14 20 12 12 14 20 17  5  9  3  2  9  2 10 18 15
  8 20 12 19  8 16  7 17 18 20 18 10  8 13 15 16 15 18 20  6  9 11 17 20
 18 19 18 19]
,[0.42857143 0.7826087  0.77777778 0.60869565 1.         0.52173913
 0.73913043 0.5862069  0.8125     0.89473684 0.40740741 0.64
 0.86363636 0.72727273 0.63157895 0.4        0.48484848 0.53125
 0.55172414 0.66666667 0.68181818 0.68       0.5862069  0.66666667
 0.77777778 0.70833333 0.86956522 0.94444444 0.72       0.71428571
 0.86363636 0.51724138 0.64705882 0.76190476 0.64705882 0.94444444
 0.76190476 1.         0.94444444 0.82608696 0.76       0.45833333
 0.94117647 0.76923077 0.52       0.48484848 0.75       0.625
 0.78571429 0.76       0.875      0.81818182 0.81818182 0.55172414
 0.45833333 0.4        0.7        0.64516129 0.70588235 0.70588235
 0.48275862 0.71428571 0.94444444 0.625      0.9        0.5
 0.4        0.75       1.         0.76923077 0.81818182 0.75
 0.72727273 0.83333333 0.85714286 0.86363636 0.61538462 0.8
 0.53846154 0.85       0.7826087  0.90909091 0.66666667 0.83333333
 0.66666667 0.59090909 0.75       0.88888889 0.71428571 0.9
 0.90909091 0.66666667 0.21428571 0.73333333 0.94444444 0.86956522
 1.         0.95       0.72       0.65517241]
,[0.3  0.9  0.7  0.7  0.75 0.6  0.85 0.85 0.65 0.85 0.55 0.8  0.95 0.8
 0.6  0.3  0.8  0.85 0.8  0.4  0.75 0.85 0.85 0.3  0.7  0.85 1.   0.85
 0.9  0.75 0.95 0.75 0.55 0.8  0.55 0.85 0.8  0.15 0.85 0.95 0.95 0.55
 0.8  0.5  0.65 0.8  0.45 0.75 0.55 0.95 0.7  0.9  0.9  0.8  0.55 0.4
 0.7  1.   0.6  0.6  0.7  1.   0.85 0.25 0.45 0.15 0.1  0.45 0.1  0.5
 0.9  0.75 0.4  1.   0.6  0.95 0.4  0.8  0.35 0.85 0.9  1.   0.9  0.5
 0.4  0.65 0.75 0.8  0.75 0.9  1.   0.3  0.45 0.55 0.85 1.   0.9  0.95
 0.9  0.95]
,[0.35294118 0.8372093  0.73684211 0.65116279 0.85714286 0.55813953
 0.79069767 0.69387755 0.72222222 0.87179487 0.46808511 0.71111111
 0.9047619  0.76190476 0.61538462 0.34285714 0.60377358 0.65384615
 0.65306122 0.5        0.71428571 0.75555556 0.69387755 0.4137931
 0.73684211 0.77272727 0.93023256 0.89473684 0.8        0.73170732
 0.9047619  0.6122449  0.59459459 0.7804878  0.59459459 0.89473684
 0.7804878  0.26086957 0.89473684 0.88372093 0.84444444 0.5
 0.86486486 0.60606061 0.57777778 0.60377358 0.5625     0.68181818
 0.64705882 0.84444444 0.77777778 0.85714286 0.85714286 0.65306122
 0.5        0.4        0.7        0.78431373 0.64864865 0.64864865
 0.57142857 0.83333333 0.89473684 0.35714286 0.6        0.23076923
 0.16       0.5625     0.18181818 0.60606061 0.85714286 0.75
 0.51612903 0.90909091 0.70588235 0.9047619  0.48484848 0.8
 0.42424242 0.85       0.8372093  0.95238095 0.76595745 0.625
 0.5        0.61904762 0.75       0.84210526 0.73170732 0.9
 0.95238095 0.4137931  0.29032258 0.62857143 0.89473684 0.93023256
 0.94736842 0.95       0.8        0.7755102 ]
