mACC, mP, mR, mF1, ACC, P, R, F1
0.526,0.5435679665544602,0.5259999999999999,0.5087811880264516
,[ 1 10 11  7 15  0 15 13 11 17  4  0 12  0  6  0 14  7 17  2 15 11  6  5
  9  8 19 14 11 11 10  9  0  0 14 18  6  0 13  4 20 14 15  9  9 12 12 18
 14 18 13 14 15 14 11  8 11 20 13 14  2 19 17  7 13 10  0  0  9 14 19 13
  2 14  9 18  0 10  4 16 16 20 15 11  5  4 15 16  9 16 20  0  3  8 15 13
 19 16 16  0]
,[0.06666667 0.66666667 0.84615385 0.63636364 0.6        0.
 0.5        0.8125     0.55       0.94444444 0.66666667 0.
 0.85714286 0.         0.66666667 0.         0.4        0.58333333
 0.16190476 0.33333333 0.39473684 0.6875     0.66666667 0.29411765
 0.9        0.36363636 0.82608696 0.875      0.91666667 0.78571429
 0.41666667 0.64285714 0.         0.         0.37837838 0.7826087
 0.66666667 0.         0.8125     0.8        0.26666667 0.26415094
 0.71428571 0.5625     0.42857143 0.75       0.70588235 0.33333333
 0.77777778 0.31034483 0.41935484 0.82352941 0.78947368 0.66666667
 0.47826087 0.34782609 0.26190476 0.71428571 0.8125     0.48275862
 0.15384615 0.9047619  0.89473684 0.4375     0.56521739 0.3030303
 0.         0.         0.52941176 0.875      0.86363636 0.56521739
 0.28571429 1.         0.5625     0.7826087  0.         0.37037037
 0.30769231 0.94117647 0.61538462 0.83333333 0.48387097 0.52380952
 0.5        0.28571429 0.55555556 0.69565217 0.9        0.84210526
 1.         0.         0.6        0.5        0.75       0.76470588
 0.86363636 0.88888889 1.         0.        ]
,[0.05 0.5  0.55 0.35 0.75 0.   0.75 0.65 0.55 0.85 0.2  0.   0.6  0.
 0.3  0.   0.7  0.35 0.85 0.1  0.75 0.55 0.3  0.25 0.45 0.4  0.95 0.7
 0.55 0.55 0.5  0.45 0.   0.   0.7  0.9  0.3  0.   0.65 0.2  1.   0.7
 0.75 0.45 0.45 0.6  0.6  0.9  0.7  0.9  0.65 0.7  0.75 0.7  0.55 0.4
 0.55 1.   0.65 0.7  0.1  0.95 0.85 0.35 0.65 0.5  0.   0.   0.45 0.7
 0.95 0.65 0.1  0.7  0.45 0.9  0.   0.5  0.2  0.8  0.8  1.   0.75 0.55
 0.25 0.2  0.75 0.8  0.45 0.8  1.   0.   0.15 0.4  0.75 0.65 0.95 0.8
 0.8  0.  ]
,[0.05714286 0.57142857 0.66666667 0.4516129  0.66666667 0.
 0.6        0.72222222 0.55       0.89473684 0.30769231 0.
 0.70588235 0.         0.4137931  0.         0.50909091 0.4375
 0.272      0.15384615 0.51724138 0.61111111 0.4137931  0.27027027
 0.6        0.38095238 0.88372093 0.77777778 0.6875     0.64705882
 0.45454545 0.52941176 0.         0.         0.49122807 0.8372093
 0.4137931  0.         0.72222222 0.32       0.42105263 0.38356164
 0.73170732 0.5        0.43902439 0.66666667 0.64864865 0.48648649
 0.73684211 0.46153846 0.50980392 0.75675676 0.76923077 0.68292683
 0.51162791 0.37209302 0.35483871 0.83333333 0.72222222 0.57142857
 0.12121212 0.92682927 0.87179487 0.38888889 0.60465116 0.37735849
 0.         0.         0.48648649 0.77777778 0.9047619  0.60465116
 0.14814815 0.82352941 0.5        0.8372093  0.         0.42553191
 0.24242424 0.86486486 0.69565217 0.90909091 0.58823529 0.53658537
 0.33333333 0.23529412 0.63829787 0.74418605 0.6        0.82051282
 1.         0.         0.24       0.44444444 0.75       0.7027027
 0.9047619  0.84210526 0.88888889 0.        ]
