mACC, mP, mR, mF1, ACC, P, R, F1
0.6758586525759577,0.690214039874971,0.6396507706243391,0.6375129498807479
,[ 17  15  23   7  24   7  12  35  11  11  47  41  12   9  22  14  12  10
  15  16  21  11  20  20   6   5  16  13  17   2   7  17   9  18  13  19
  18  15   3  20  16   3  15  20  12  21  11  10  18  12  18   6  14  15
  10   3  13   7   0   5   8  17  20  13  16  13  16  14   2   9  13  23
  15   7   6  11  16   6   4  11  15  12  14  16  10  12  18  14  18  39
  15  39  20  21  12  46  14  14  11  13  27   3  19  16  40   7  15   4
  24  15   6  13  19  20   9  13  19  11   3  14  17   8  21   3   4  20
  24  13  38  16  11  33  11  17   0  15  31  29  10  15  17  17  21   4
 158   6  28  28   0  12  21  15  15  18   4   4  18  24  13  13  18   8
   0  20   9  14   4  28   8  12  11  18   3  12  12  16  17  18  13   6
  17  22  17  16   4  14  14   5  18  16  11  16  24  17   6  19  10  16
   9  10  17  16   4  15  10  19  13  12  10  13   7  24  16  28  14  14
  19  14   4  15  15  10   9  11  16  12  25  12   4  16  16  67   0  22
  18   0  14  15  15  40  13  12   9   3   3  12   8  11  10  20 156  22
  87  12  14  11]
,[0.68       0.9375     0.88461538 0.63636364 0.92307692 1.
 0.375      0.76086957 0.91666667 0.73333333 0.88679245 0.93181818
 0.63157895 1.         0.61111111 0.56       0.75       0.76923077
 0.78947368 0.88888889 0.875      0.84615385 0.71428571 0.57142857
 0.4        0.625      0.8        0.92857143 0.70833333 0.5
 0.875      0.5862069  0.64285714 1.         0.56521739 0.73076923
 0.85714286 0.83333333 0.15789474 0.71428571 0.84210526 0.5
 0.625      0.44444444 0.52173913 0.91304348 1.         0.83333333
 0.94736842 0.85714286 0.7826087  0.66666667 1.         0.88235294
 0.83333333 1.         0.43333333 0.7        0.         0.27777778
 0.57142857 0.68       0.8        0.72222222 0.69565217 1.
 0.57142857 0.73684211 0.4        0.75       0.52       0.67647059
 0.55555556 0.58333333 0.46153846 0.91666667 0.88888889 0.66666667
 0.57142857 0.47826087 0.71428571 0.57142857 0.58333333 0.84210526
 0.66666667 0.75       0.62068966 0.82352941 0.46153846 0.79591837
 0.78947368 0.61904762 0.71428571 0.875      0.85714286 0.55421687
 0.82352941 0.93333333 0.73333333 0.76470588 0.51923077 1.
 0.86363636 0.61538462 0.625      0.77777778 1.         0.44444444
 0.58536585 0.88235294 1.         0.86666667 0.76       0.95238095
 0.64285714 0.72222222 0.76       0.73333333 0.6        0.93333333
 0.26984127 0.47058824 0.875      0.75       0.26666667 0.41666667
 0.75       0.46428571 0.73076923 0.5        0.91666667 0.84615385
 0.91666667 0.68       0.         0.9375     0.96875    0.725
 1.         1.         0.70833333 0.65384615 0.67741935 0.57142857
 0.82722513 0.42857143 0.65116279 0.4516129  0.         0.63157895
 0.84       0.9375     0.9375     0.58064516 1.         0.66666667
 0.94736842 0.70588235 0.29545455 0.86666667 0.47368421 0.8
 0.         0.86956522 0.17307692 0.875      0.57142857 0.8
 0.5        0.6        0.61111111 0.94736842 0.1875     0.75
 1.         0.8        0.70833333 0.94736842 0.65       0.17142857
 0.53125    0.95652174 0.62962963 0.61538462 0.30769231 0.875
 0.58333333 0.55555556 0.66666667 0.55172414 0.6875     0.84210526
 0.88888889 0.4047619  0.54545455 0.76       0.71428571 0.47058824
 0.45       0.4        0.89473684 0.57142857 1.         0.9375
 0.71428571 0.27142857 0.68421053 0.52173913 0.25       0.76470588
 0.58333333 0.8        0.84210526 0.875      0.875      0.93333333
 0.63333333 0.93333333 0.30769231 0.83333333 0.83333333 0.83333333
 1.         0.37931034 0.94117647 0.48       0.65789474 0.42857143
 1.         0.94117647 0.69565217 0.79761905 0.         0.43137255
 0.75       0.         0.875      0.75       0.39473684 0.64516129
 0.76470588 0.70588235 0.6        0.75       0.25       0.85714286
 0.57142857 0.64705882 0.47619048 0.95238095 0.78787879 1.
 0.71311475 0.85714286 0.63636364 0.64705882]
,[0.85       0.75       0.74193548 0.26923077 0.8        0.38888889
 0.54545455 0.74468085 0.52380952 0.57894737 0.83928571 0.93181818
 0.6        0.5        0.88       0.73684211 0.57142857 0.47619048
 0.6        0.94117647 0.72413793 0.55       0.90909091 0.86956522
 0.26086957 0.22727273 0.8        0.59090909 0.80952381 0.0952381
 0.38888889 0.80952381 0.42857143 0.9        0.72222222 0.86363636
 0.75       0.68181818 0.17647059 0.8        0.88888889 0.16666667
 0.6        0.8        0.70588235 0.77777778 0.57894737 0.47619048
 0.81818182 0.6        0.7826087  0.35294118 0.82352941 0.625
 0.5        0.14285714 0.59090909 0.36842105 0.         0.27777778
 0.38095238 1.         0.8        0.48148148 0.76190476 0.76470588
 0.94117647 0.63636364 0.1        0.52941176 0.65       0.95833333
 0.75       0.30434783 0.35294118 0.64705882 0.84210526 0.33333333
 0.2        0.45833333 0.78947368 0.70588235 0.73684211 0.94117647
 0.43478261 0.75       0.94736842 0.7        0.81818182 0.90697674
 0.78947368 0.95121951 0.86956522 1.         0.66666667 0.80701754
 0.77777778 0.7        0.6875     0.68421053 0.96428571 0.16666667
 0.82608696 0.8        0.74074074 0.38888889 0.83333333 0.23529412
 0.75       0.88235294 0.35294118 0.76470588 0.79166667 0.83333333
 0.5        0.59090909 0.76       0.5        0.16666667 0.53846154
 1.         0.38095238 0.91304348 0.15789474 0.19047619 0.40816327
 0.92307692 0.61904762 1.         0.84210526 0.57894737 0.86842105
 0.39285714 0.70833333 0.         0.78947368 0.96875    0.74358974
 0.55555556 0.83333333 0.70833333 0.77272727 0.80769231 0.23529412
 0.9875     0.35294118 0.68292683 0.8        0.         0.52173913
 0.95454545 0.625      0.78947368 0.85714286 0.21052632 0.2
 0.85714286 0.8        0.30952381 0.76470588 0.85714286 0.42105263
 0.         0.95238095 0.5        0.73684211 0.22222222 1.
 0.42105263 0.57142857 0.64705882 0.9        0.13636364 0.70588235
 0.70588235 0.72727273 0.85       0.9        0.8125     0.28571429
 0.85       0.91666667 0.85       0.94117647 0.19047619 0.82352941
 0.73684211 0.27777778 0.75       0.69565217 0.47826087 0.69565217
 0.68571429 0.73913043 0.33333333 0.9047619  0.5        0.72727273
 0.42857143 0.5        1.         0.8        0.21052632 0.9375
 0.55555556 0.95       0.56521739 0.54545455 0.47619048 0.56521739
 0.36842105 0.85714286 0.76190476 1.         0.82352941 0.7
 0.9047619  0.82352941 0.23529412 0.78947368 0.71428571 0.52631579
 0.5625     0.5        0.88888889 0.6        0.83333333 0.63157895
 0.21052632 0.84210526 0.69565217 0.93055556 0.         0.88
 0.7826087  0.         0.77777778 0.75       0.88235294 0.97560976
 0.68421053 0.63157895 0.5        0.15789474 0.15789474 0.57142857
 0.42105263 0.64705882 0.5        1.         0.975      0.91666667
 1.         0.63157895 0.66666667 0.5       ]
,[0.75555556 0.83333333 0.80701754 0.37837838 0.85714286 0.56
 0.44444444 0.75268817 0.66666667 0.64705882 0.86238532 0.93181818
 0.61538462 0.66666667 0.72131148 0.63636364 0.64864865 0.58823529
 0.68181818 0.91428571 0.79245283 0.66666667 0.8        0.68965517
 0.31578947 0.33333333 0.8        0.72222222 0.75555556 0.16
 0.53846154 0.68       0.51428571 0.94736842 0.63414634 0.79166667
 0.8        0.75       0.16666667 0.75471698 0.86486486 0.25
 0.6122449  0.57142857 0.6        0.84       0.73333333 0.60606061
 0.87804878 0.70588235 0.7826087  0.46153846 0.90322581 0.73170732
 0.625      0.25       0.5        0.48275862 0.         0.27777778
 0.45714286 0.80952381 0.8        0.57777778 0.72727273 0.86666667
 0.71111111 0.68292683 0.16       0.62068966 0.57777778 0.79310345
 0.63829787 0.4        0.4        0.75862069 0.86486486 0.44444444
 0.2962963  0.46808511 0.75       0.63157895 0.65116279 0.88888889
 0.52631579 0.75       0.75       0.75675676 0.59016393 0.84782609
 0.78947368 0.75       0.78431373 0.93333333 0.75       0.65714286
 0.8        0.8        0.70967742 0.72222222 0.675      0.28571429
 0.84444444 0.69565217 0.6779661  0.51851852 0.90909091 0.30769231
 0.65753425 0.88235294 0.52173913 0.8125     0.7755102  0.88888889
 0.5625     0.65       0.76       0.59459459 0.26086957 0.68292683
 0.425      0.42105263 0.89361702 0.26086957 0.22222222 0.41237113
 0.82758621 0.53061224 0.84444444 0.62745098 0.70967742 0.85714286
 0.55       0.69387755 0.         0.85714286 0.96875    0.73417722
 0.71428571 0.90909091 0.70833333 0.70833333 0.73684211 0.33333333
 0.9002849  0.38709677 0.66666667 0.57731959 0.         0.57142857
 0.89361702 0.75       0.85714286 0.69230769 0.34782609 0.30769231
 0.9        0.75       0.30232558 0.8125     0.61016949 0.55172414
 0.         0.90909091 0.25714286 0.8        0.32       0.88888889
 0.45714286 0.58536585 0.62857143 0.92307692 0.15789474 0.72727273
 0.82758621 0.76190476 0.77272727 0.92307692 0.72222222 0.21428571
 0.65384615 0.93617021 0.72340426 0.74418605 0.23529412 0.84848485
 0.65116279 0.37037037 0.70588235 0.61538462 0.56410256 0.76190476
 0.77419355 0.52307692 0.4137931  0.82608696 0.58823529 0.57142857
 0.43902439 0.44444444 0.94444444 0.66666667 0.34782609 0.9375
 0.625      0.42222222 0.61904762 0.53333333 0.32786885 0.65
 0.4516129  0.82758621 0.8        0.93333333 0.84848485 0.8
 0.74509804 0.875      0.26666667 0.81081081 0.76923077 0.64516129
 0.72       0.43137255 0.91428571 0.53333333 0.73529412 0.5106383
 0.34782609 0.88888889 0.69565217 0.85897436 0.         0.57894737
 0.76595745 0.         0.82352941 0.75       0.54545455 0.77669903
 0.72222222 0.66666667 0.54545455 0.26086957 0.19354839 0.68571429
 0.48484848 0.64705882 0.48780488 0.97560976 0.87150838 0.95652174
 0.83253589 0.72727273 0.65116279 0.56410256]
