mACC, mP, mR, mF1, ACC, P, R, F1
0.719782034346103,0.7268147600795274,0.6877812717924363,0.6929305781194264
,[ 17  14  24  10  24  11  12  38  14  11  52  42   8  12  20  11  11  11
  15  11  26  19  17  13  12  15  16  14  13   3  10  16  11  19  11  17
  18  12   9  22  17   6  18  24  11  23   6  11  18  14  18   6  15  19
   9  11  12   8   4   7   8  17  19  23  17  10  14  13  11   6  11  23
  16  10  12  16  17   8  14   9  10  13  14  12  14  13  12  14  17  39
  14  38  18  20  13  44  12  17  11  17  25  14  20  17  46   7  14   6
  25  14  12  15  18  17   7  19  17  18   7  13  15  13  23  13   7  25
  25  13  38  17  14  34  19  17   6  16  27  31  11  16  22  18  24  10
 160   6  25  18  11   8  20  19  14  16   5  13  20  24  30  13  18  12
   5  19   9  12   7  28  12  21  11  18   4  15  14  18  14  18  14   7
  17  22  15  12   7  16  11   6  23  15   6  14  26  19   6  20  10  11
  13  13  16  13  14  15   9  13  13  16  11  17   7  25  15  26  14  13
  20  13   7  13  16  10   9   9  16  11  24  13   8  18  13  67   2  18
  18  14  15  17  13  39  15  14   9   1   7  13  12  11   6  20 156  24
  87  13  12  20]
,[0.89473684 0.93333333 0.82758621 0.58823529 0.70588235 0.78571429
 0.52173913 0.86363636 0.77777778 0.84615385 0.85245902 0.89361702
 0.8        0.85714286 0.90909091 0.73333333 0.45833333 0.84615385
 0.83333333 0.78571429 0.78787879 0.9047619  0.89473684 0.65
 0.44444444 0.5        0.84210526 0.63636364 0.86666667 0.1875
 0.83333333 0.94117647 0.84615385 0.95       0.5        0.85
 0.9        0.75       0.5625     0.91666667 0.70833333 0.24
 0.5625     0.72727273 0.64705882 0.88461538 0.42857143 0.6875
 0.7826087  0.53846154 0.75       0.85714286 0.88235294 0.59375
 0.69230769 0.91666667 0.57142857 0.61538462 0.44444444 0.58333333
 0.57142857 0.85       0.82608696 0.76666667 0.89473684 1.
 0.82352941 0.86666667 0.42307692 0.46153846 0.6875     0.82142857
 0.51612903 0.71428571 0.42857143 0.84210526 0.89473684 0.88888889
 0.31818182 0.39130435 0.83333333 0.8125     0.82352941 0.66666667
 0.60869565 1.         0.92307692 1.         0.5        0.79591837
 0.63636364 0.86363636 0.85714286 0.90909091 0.86666667 0.66666667
 0.85714286 0.77272727 0.57894737 0.77272727 0.625      0.66666667
 0.83333333 0.70833333 0.74193548 0.38888889 0.93333333 1.
 0.75757576 0.875      0.8        0.68181818 0.9        1.
 0.77777778 0.9047619  0.73913043 0.34615385 0.58333333 0.76470588
 0.83333333 0.61904762 1.         0.59090909 0.22580645 0.35714286
 0.67567568 0.61904762 0.92682927 0.77272727 0.93333333 0.97142857
 0.86363636 0.73913043 0.66666667 0.88888889 0.84375    0.83783784
 0.6875     0.88888889 0.66666667 0.9        0.64864865 0.625
 0.87431694 0.28571429 0.86206897 0.85714286 0.64705882 0.72727273
 0.90909091 0.86363636 0.77777778 0.8        0.71428571 0.56521739
 0.86956522 0.88888889 0.42857143 0.86666667 0.66666667 0.6
 0.45454545 0.9047619  0.34615385 0.63157895 0.58333333 1.
 0.70588235 0.40384615 0.47826087 0.85714286 0.57142857 0.88235294
 0.93333333 0.85714286 0.63636364 1.         0.82352941 0.4375
 0.45945946 0.91666667 0.51724138 0.8        0.36842105 0.84210526
 0.91666667 0.35294118 0.52272727 0.88235294 0.31578947 0.82352941
 0.8125     0.67857143 0.33333333 0.83333333 0.83333333 1.
 0.40625    0.5        0.84210526 0.65       0.77777778 1.
 0.81818182 0.44827586 0.86666667 0.72727273 0.45833333 0.89473684
 0.4375     0.80645161 0.9375     0.86666667 1.         0.8125
 0.8        0.92857143 0.38888889 0.76470588 1.         0.71428571
 0.9        0.42857143 1.         1.         0.54545455 0.5
 0.66666667 0.81818182 0.8125     0.82716049 0.18181818 0.62068966
 0.85714286 0.7        0.71428571 0.80952381 0.68421053 0.90697674
 0.57692308 1.         0.64285714 0.11111111 0.7        0.8125
 0.92307692 0.34375    0.54545455 0.95238095 0.87640449 0.92307692
 0.93548387 0.76470588 0.34285714 0.74074074]
,[0.85       0.7        0.77419355 0.38461538 0.8        0.61111111
 0.54545455 0.80851064 0.66666667 0.57894737 0.92857143 0.95454545
 0.4        0.66666667 0.8        0.57894737 0.52380952 0.52380952
 0.6        0.64705882 0.89655172 0.95       0.77272727 0.56521739
 0.52173913 0.68181818 0.8        0.63636364 0.61904762 0.14285714
 0.55555556 0.76190476 0.52380952 0.95       0.61111111 0.77272727
 0.75       0.54545455 0.52941176 0.88       0.94444444 0.33333333
 0.72       0.96       0.64705882 0.85185185 0.31578947 0.52380952
 0.81818182 0.7        0.7826087  0.35294118 0.88235294 0.79166667
 0.45       0.52380952 0.54545455 0.42105263 0.23529412 0.38888889
 0.38095238 1.         0.76       0.85185185 0.80952381 0.58823529
 0.82352941 0.59090909 0.55       0.35294118 0.55       0.95833333
 0.8        0.43478261 0.70588235 0.94117647 0.89473684 0.44444444
 0.7        0.375      0.52631579 0.76470588 0.73684211 0.70588235
 0.60869565 0.8125     0.63157895 0.7        0.77272727 0.90697674
 0.73684211 0.92682927 0.7826087  0.95238095 0.72222222 0.77192982
 0.66666667 0.85       0.6875     0.89473684 0.89285714 0.77777778
 0.86956522 0.85       0.85185185 0.38888889 0.77777778 0.35294118
 0.78125    0.82352941 0.70588235 0.88235294 0.75       0.70833333
 0.38888889 0.86363636 0.68       0.81818182 0.38888889 0.5
 0.88235294 0.61904762 1.         0.68421053 0.33333333 0.51020408
 0.96153846 0.61904762 1.         0.89473684 0.73684211 0.89473684
 0.67857143 0.70833333 0.31578947 0.84210526 0.84375    0.79487179
 0.61111111 0.88888889 0.91666667 0.81818182 0.92307692 0.58823529
 1.         0.35294118 0.6097561  0.51428571 0.52380952 0.34782609
 0.90909091 0.79166667 0.73684211 0.76190476 0.26315789 0.65
 0.95238095 0.8        0.71428571 0.76470588 0.85714286 0.63157895
 0.27777778 0.9047619  0.5        0.63157895 0.38888889 1.
 0.63157895 1.         0.64705882 0.9        0.18181818 0.88235294
 0.82352941 0.81818182 0.7        0.9        0.875      0.33333333
 0.85       0.91666667 0.75       0.70588235 0.33333333 0.94117647
 0.57894737 0.33333333 0.95833333 0.65217391 0.26086957 0.60869565
 0.74285714 0.82608696 0.33333333 0.95238095 0.5        0.5
 0.61904762 0.65       0.94117647 0.65       0.73684211 0.9375
 0.5        0.65       0.56521739 0.72727273 0.52380952 0.73913043
 0.36842105 0.89285714 0.71428571 0.92857143 0.82352941 0.65
 0.95238095 0.76470588 0.41176471 0.68421053 0.76190476 0.52631579
 0.5625     0.40909091 0.88888889 0.55       0.8        0.68421053
 0.42105263 0.94736842 0.56521739 0.93055556 0.1        0.72
 0.7826087  0.7        0.83333333 0.85       0.76470588 0.95121951
 0.78947368 0.73684211 0.5        0.05263158 0.36842105 0.61904762
 0.63157895 0.64705882 0.3        1.         0.975      1.
 1.         0.68421053 0.57142857 0.90909091]
,[0.87179487 0.8        0.8        0.46511628 0.75       0.6875
 0.53333333 0.83516484 0.71794872 0.6875     0.88888889 0.92307692
 0.53333333 0.75       0.85106383 0.64705882 0.48888889 0.64705882
 0.69767442 0.70967742 0.83870968 0.92682927 0.82926829 0.60465116
 0.48       0.57692308 0.82051282 0.63636364 0.72222222 0.16216216
 0.66666667 0.84210526 0.64705882 0.95       0.55       0.80952381
 0.81818182 0.63157895 0.54545455 0.89795918 0.80952381 0.27906977
 0.63157895 0.82758621 0.64705882 0.86792453 0.36363636 0.59459459
 0.8        0.60869565 0.76595745 0.5        0.88235294 0.67857143
 0.54545455 0.66666667 0.55813953 0.5        0.30769231 0.46666667
 0.45714286 0.91891892 0.79166667 0.80701754 0.85       0.74074074
 0.82352941 0.7027027  0.47826087 0.4        0.61111111 0.88461538
 0.62745098 0.54054054 0.53333333 0.88888889 0.89473684 0.59259259
 0.4375     0.38297872 0.64516129 0.78787879 0.77777778 0.68571429
 0.60869565 0.89655172 0.75       0.82352941 0.60714286 0.84782609
 0.68292683 0.89411765 0.81818182 0.93023256 0.78787879 0.71544715
 0.75       0.80952381 0.62857143 0.82926829 0.73529412 0.71794872
 0.85106383 0.77272727 0.79310345 0.38888889 0.84848485 0.52173913
 0.76923077 0.84848485 0.75       0.76923077 0.81818182 0.82926829
 0.51851852 0.88372093 0.70833333 0.48648649 0.46666667 0.60465116
 0.85714286 0.61904762 1.         0.63414634 0.26923077 0.42016807
 0.79365079 0.61904762 0.96202532 0.82926829 0.82352941 0.93150685
 0.76       0.72340426 0.42857143 0.86486486 0.84375    0.81578947
 0.64705882 0.88888889 0.77192982 0.85714286 0.76190476 0.60606061
 0.93294461 0.31578947 0.71428571 0.64285714 0.57894737 0.47058824
 0.90909091 0.82608696 0.75675676 0.7804878  0.38461538 0.60465116
 0.90909091 0.84210526 0.53571429 0.8125     0.75       0.61538462
 0.34482759 0.9047619  0.40909091 0.63157895 0.46666667 1.
 0.66666667 0.57534247 0.55       0.87804878 0.27586207 0.88235294
 0.875      0.8372093  0.66666667 0.94736842 0.84848485 0.37837838
 0.59649123 0.91666667 0.6122449  0.75       0.35       0.88888889
 0.70967742 0.34285714 0.67647059 0.75       0.28571429 0.7
 0.7761194  0.74509804 0.33333333 0.88888889 0.625      0.66666667
 0.49056604 0.56521739 0.88888889 0.65       0.75675676 0.96774194
 0.62068966 0.53061224 0.68421053 0.72727273 0.48888889 0.80952381
 0.4        0.84745763 0.81081081 0.89655172 0.90322581 0.72222222
 0.86956522 0.83870968 0.4        0.72222222 0.86486486 0.60606061
 0.69230769 0.41860465 0.94117647 0.70967742 0.64864865 0.57777778
 0.51612903 0.87804878 0.66666667 0.87581699 0.12903226 0.66666667
 0.81818182 0.7        0.76923077 0.82926829 0.72222222 0.92857143
 0.66666667 0.84848485 0.5625     0.07142857 0.48275862 0.7027027
 0.75       0.44897959 0.38709677 0.97560976 0.92307692 0.96
 0.96666667 0.72222222 0.42857143 0.81632653]
