mACC, mP, mR, mF1, ACC, P, R, F1
0.345112285336856,0.4340748956681969,0.2645770347397127,0.2693093286398729
,[  6  15  13   3  21   0   0  17   7   5  52  32   0   1   0   3   0   4
   7   1  26   8   0   0   5   0   2   1   0   0   2   2   5  16   3  10
   8   0   0  12  12   3  12   2   0  20   0   8   1   1   8   0   4   2
   6   0   0   3   0   1   1  11   1  13   0   4   4   5   0   0   0   9
   0   0   3   2  14   5   5   0   9   8   3   0   0   9   9   0   6  35
   6  37  10   6   0  32   2   0   1  10  26   1  14   2  39   0  12   3
  15  12   3   4   6   6   0   1   1   1   0   5   6   0  11   0   0  11
  23   1  38   9   7  25  28   1   0   5  32  34   0   3   1   3  21   1
 160   0  17  14   0   3   0   1  11  12   2   1  10  11  20   1   8   2
   0  11   0   9   0  14   3   2   1   0   1   7   5   2   5  13   1   4
   1  11   0  11   0   0   1   4   2   3   1   0  12   6   0  11   0   0
   1   4  12   2   1  15   2   1   2   4   0   9   2  18   5  22   1  10
   5   3   1   6   8   0   2   1   2   1   6   2   0   6   1  67   2   8
   9   0   9   8   8  39   8   1   0   0   0  10   2   1   4  19 160  24
  87   6   0   8]
,[0.35294118 0.9375     0.18309859 0.10714286 0.47727273 0.
 0.         0.11643836 0.08045977 0.71428571 0.39097744 0.60377358
 0.         0.5        0.         0.75       0.         0.66666667
 0.53846154 1.         0.44827586 0.88888889 0.         0.
 0.25       0.         1.         1.         0.         0.
 1.         0.66666667 0.625      0.94117647 0.375      0.66666667
 1.         0.         0.         0.85714286 0.5        1.
 1.         0.22222222 0.         0.37735849 0.         0.88888889
 1.         0.33333333 0.61538462 0.         0.22222222 1.
 1.         0.         0.         0.75       0.         0.05555556
 0.33333333 0.78571429 0.125      0.8125     0.         0.57142857
 0.57142857 0.83333333 0.         0.         0.         0.75
 0.         0.         1.         1.         0.77777778 0.55555556
 0.3125     0.         0.9        0.33333333 0.75       0.
 0.         0.75       0.81818182 0.         0.16666667 0.43209877
 1.         0.22699387 0.5        0.75       0.         0.28571429
 1.         0.         0.5        0.83333333 0.16666667 0.5
 0.63636364 0.33333333 0.18055556 0.         1.         0.2
 0.15463918 0.85714286 0.375      0.66666667 0.85714286 0.54545455
 0.         0.33333333 0.5        1.         0.         0.13513514
 0.75       0.         1.         0.         0.         0.12222222
 0.53488372 0.04545455 0.4691358  0.81818182 0.77777778 0.51020408
 0.23529412 0.08333333 0.         0.625      0.11985019 0.12318841
 0.         0.375      1.         1.         0.375      0.125
 0.30018762 0.         0.12056738 0.35       0.         0.3
 0.         0.2        0.39285714 0.8        0.25       0.1
 0.5        0.39285714 0.24096386 1.         0.57142857 0.5
 0.         0.64705882 0.         0.9        0.         0.05882353
 0.75       0.33333333 0.14285714 0.         0.5        0.7
 1.         0.5        0.55555556 1.         0.16666667 0.66666667
 0.33333333 0.91666667 0.         1.         0.         0.
 1.         0.57142857 0.5        1.         0.02857143 0.
 0.22222222 0.46153846 0.         0.91666667 0.         0.
 0.04       0.57142857 1.         0.33333333 0.33333333 0.234375
 0.28571429 0.16666667 0.4        0.8        0.         0.69230769
 0.66666667 0.5625     0.71428571 0.53658537 1.         0.90909091
 0.71428571 1.         0.25       1.         0.8        0.
 0.66666667 0.25       0.66666667 0.25       0.54545455 0.4
 0.         0.6        0.25       0.53174603 0.15384615 0.38095238
 1.         0.         0.64285714 0.72727273 0.8        0.70909091
 0.17391304 0.5        0.         0.         0.         0.76923077
 1.         0.5        0.33333333 0.48717949 0.57553957 0.88888889
 0.78378378 0.6        0.         0.72727273]
,[0.3        0.75       0.41935484 0.11538462 0.7        0.
 0.         0.36170213 0.33333333 0.26315789 0.92857143 0.72727273
 0.         0.05555556 0.         0.15789474 0.         0.19047619
 0.28       0.05882353 0.89655172 0.4        0.         0.
 0.2173913  0.         0.1        0.04545455 0.         0.
 0.11111111 0.0952381  0.23809524 0.8        0.16666667 0.45454545
 0.33333333 0.         0.         0.48       0.66666667 0.16666667
 0.48       0.08       0.         0.74074074 0.         0.38095238
 0.04545455 0.05       0.34782609 0.         0.23529412 0.08333333
 0.3        0.         0.         0.15789474 0.         0.05555556
 0.04761905 0.64705882 0.04       0.48148148 0.         0.23529412
 0.23529412 0.22727273 0.         0.         0.         0.375
 0.         0.         0.17647059 0.11764706 0.73684211 0.27777778
 0.25       0.         0.47368421 0.47058824 0.15789474 0.
 0.         0.5625     0.47368421 0.         0.27272727 0.81395349
 0.31578947 0.90243902 0.43478261 0.28571429 0.         0.56140351
 0.11111111 0.         0.0625     0.52631579 0.92857143 0.05555556
 0.60869565 0.1        0.72222222 0.         0.66666667 0.17647059
 0.46875    0.70588235 0.17647059 0.23529412 0.25       0.25
 0.         0.04545455 0.04       0.04545455 0.         0.19230769
 0.35294118 0.         0.47826087 0.         0.         0.2244898
 0.88461538 0.04761905 1.         0.47368421 0.36842105 0.65789474
 1.         0.04166667 0.         0.26315789 1.         0.87179487
 0.         0.16666667 0.04166667 0.13636364 0.80769231 0.05882353
 1.         0.         0.41463415 0.4        0.         0.13043478
 0.         0.04166667 0.57894737 0.57142857 0.10526316 0.05
 0.47619048 0.36666667 0.47619048 0.05882353 0.38095238 0.10526316
 0.         0.52380952 0.         0.47368421 0.         0.5
 0.15789474 0.0952381  0.05882353 0.         0.04545455 0.41176471
 0.29411765 0.09090909 0.25       0.65       0.0625     0.19047619
 0.05       0.45833333 0.         0.64705882 0.         0.
 0.05263158 0.22222222 0.08333333 0.13043478 0.04347826 0.
 0.34285714 0.26086957 0.         0.52380952 0.         0.
 0.04761905 0.2        0.70588235 0.1        0.05263158 0.9375
 0.11111111 0.05       0.08695652 0.18181818 0.         0.39130435
 0.10526316 0.64285714 0.23809524 0.78571429 0.05882353 0.5
 0.23809524 0.17647059 0.05882353 0.31578947 0.38095238 0.
 0.125      0.04545455 0.11111111 0.05       0.2        0.10526316
 0.         0.31578947 0.04347826 0.93055556 0.1        0.32
 0.39130435 0.         0.5        0.4        0.47058824 0.95121951
 0.42105263 0.05263158 0.         0.         0.         0.47619048
 0.10526316 0.05882353 0.2        0.95       1.         1.
 1.         0.31578947 0.         0.36363636]
,[0.32432432 0.83333333 0.25490196 0.11111111 0.56756757 0.
 0.         0.1761658  0.12962963 0.38461538 0.55026455 0.65979381
 0.         0.1        0.         0.26086957 0.         0.2962963
 0.36842105 0.11111111 0.59770115 0.55172414 0.         0.
 0.23255814 0.         0.18181818 0.08695652 0.         0.
 0.2        0.16666667 0.34482759 0.86486486 0.23076923 0.54054054
 0.5        0.         0.         0.61538462 0.57142857 0.28571429
 0.64864865 0.11764706 0.         0.5        0.         0.53333333
 0.08695652 0.08695652 0.44444444 0.         0.22857143 0.15384615
 0.46153846 0.         0.         0.26086957 0.         0.05555556
 0.08333333 0.70967742 0.06060606 0.60465116 0.         0.33333333
 0.33333333 0.35714286 0.         0.         0.         0.5
 0.         0.         0.3        0.21052632 0.75675676 0.37037037
 0.27777778 0.         0.62068966 0.3902439  0.26086957 0.
 0.         0.64285714 0.6        0.         0.20689655 0.56451613
 0.48       0.3627451  0.46511628 0.4137931  0.         0.37869822
 0.2        0.         0.11111111 0.64516129 0.2826087  0.1
 0.62222222 0.15384615 0.28888889 0.         0.8        0.1875
 0.23255814 0.77419355 0.24       0.34782609 0.38709677 0.34285714
 0.         0.08       0.07407407 0.08695652 0.         0.15873016
 0.48       0.         0.64705882 0.         0.         0.15827338
 0.66666667 0.04651163 0.63865546 0.6        0.5        0.57471264
 0.38095238 0.05555556 0.         0.37037037 0.21404682 0.21587302
 0.         0.23076923 0.08       0.24       0.51219512 0.08
 0.46176046 0.         0.18681319 0.37333333 0.         0.18181818
 0.         0.06896552 0.46808511 0.66666667 0.14814815 0.06666667
 0.48780488 0.37931034 0.32       0.11111111 0.45714286 0.17391304
 0.         0.57894737 0.         0.62068966 0.         0.10526316
 0.26086957 0.14814815 0.08333333 0.         0.08333333 0.51851852
 0.45454545 0.15384615 0.34482759 0.78787879 0.09090909 0.2962963
 0.08695652 0.61111111 0.         0.78571429 0.         0.
 0.1        0.32       0.14285714 0.23076923 0.03448276 0.
 0.26966292 0.33333333 0.         0.66666667 0.         0.
 0.04347826 0.2962963  0.82758621 0.15384615 0.09090909 0.375
 0.16       0.07692308 0.14285714 0.2962963  0.         0.5
 0.18181818 0.6        0.35714286 0.63768116 0.11111111 0.64516129
 0.35714286 0.3        0.0952381  0.48       0.51612903 0.
 0.21052632 0.07692308 0.19047619 0.08333333 0.29268293 0.16666667
 0.         0.4137931  0.07407407 0.67676768 0.12121212 0.34782609
 0.5625     0.         0.5625     0.51612903 0.59259259 0.8125
 0.24615385 0.0952381  0.         0.         0.         0.58823529
 0.19047619 0.10526316 0.25       0.6440678  0.73059361 0.94117647
 0.87878788 0.4137931  0.         0.48484848]
