mACC, mP, mR, mF1, ACC, P, R, F1
0.594782034346103,0.6032493456475185,0.5553259819017855,0.5479057257881734
,[ 15  14  22   7  26   5   0  40  10  13  50  37  13  16  24   9   4  13
  17  15  22  15  18   8   6   0   0  14  10   0   6  15  11  14  14  20
  20  11   3  17  16   5  15  21   0  24  13  12  21  17  15   7  15  20
  13   8  14   3   0   4   9  15  16  23  13  15  13  13   2   1   0  20
  16   0   2  11  17   9  10  12  11   2  10  10   0  10  15  14   9  38
  14  28  13  20   0  42  13   0   7  14  25   1   7   4  44   9  16   3
  26  13  11   6  20  21   4  16  18   0   0  15  12  14  22   7   0  14
  24  11  38  15  12  36  22  15   0  13   8  26   0  10  12  15  13   6
 159   6  25  19   1  14  21  16   9  12   8   0  20  22  16   8  19   3
   5  17   6  14   0  26  11   0  12  19   5   9  14  11  11  19  16  11
  10  21  16  16   0  15   6  10  18  17   0  16  20  13   0  20   5  12
   7  12  14   6   0  14   9  16  13  20   9  13   6  24  14  25   2  12
  14  11   1  14  18   0   4  12   3  13  12  13   3  19  18  65   3  15
  15   4  16  18   9  40  15  10   5   1   3  13  11  14   2  20 155  24
  30  12  16   8]
,[0.83333333 0.60869565 0.6875     0.53846154 0.89655172 0.22727273
 0.         0.24691358 0.625      0.76470588 0.84745763 0.7254902
 0.86666667 0.8        0.75       0.5625     0.66666667 0.48148148
 0.80952381 0.71428571 0.44897959 0.68181818 0.7826087  0.72727273
 0.3        0.         0.         0.875      0.71428571 0.
 1.         0.68181818 0.73333333 1.         0.48275862 0.64516129
 0.86956522 0.84615385 0.375      0.89473684 0.41025641 0.55555556
 0.75       0.51219512 0.         0.92307692 0.30952381 0.57142857
 0.75       0.85       0.75       0.5        1.         0.35087719
 0.76470588 0.8        0.33333333 1.         0.         0.5
 0.29032258 0.55555556 0.8        0.74193548 0.86666667 0.625
 0.72222222 1.         0.4        0.33333333 0.         0.95238095
 0.69565217 0.         0.28571429 0.6875     0.68       0.42857143
 0.55555556 0.8        0.55       0.5        0.52631579 0.58823529
 0.         0.90909091 1.         0.5        0.34615385 0.76
 0.66666667 0.4375     0.92857143 0.90909091 0.         0.48275862
 0.65       0.         0.7        0.66666667 0.73529412 1.
 0.77777778 0.23529412 0.46808511 0.75       0.94117647 0.2
 0.56521739 0.92857143 0.84615385 0.85714286 0.86956522 0.95454545
 1.         0.8        0.5625     0.         0.         0.9375
 0.85714286 0.35       0.95652174 0.41176471 0.         0.3255814
 0.48979592 0.55       0.76       0.68181818 0.5        0.85714286
 0.52380952 0.71428571 0.         0.8125     0.8        0.53061224
 0.         1.         0.92307692 0.88235294 0.65       0.35294118
 0.74299065 0.35294118 0.34722222 0.65517241 0.11111111 0.66666667
 0.95454545 1.         1.         0.6        0.61538462 0.
 0.40816327 0.81481481 0.21917808 0.88888889 0.5        0.3
 0.71428571 0.89473684 0.26086957 0.58333333 0.         0.41935484
 0.64705882 0.         0.42857143 0.9047619  0.38461538 1.
 0.4516129  0.64705882 0.84615385 1.         0.57142857 0.61111111
 0.83333333 0.91304348 0.47058824 0.61538462 0.         0.65217391
 1.         0.35714286 0.81818182 0.47222222 0.         0.84210526
 0.76923077 0.76470588 0.         0.60606061 1.         0.92307692
 0.58333333 0.70588235 0.875      0.6        0.         1.
 0.5        0.43243243 0.76470588 0.55555556 0.29032258 0.52
 0.85714286 0.8        1.         0.625      0.125      0.92307692
 0.875      0.91666667 1.         0.58333333 1.         0.
 0.66666667 0.42857143 0.5        0.5        0.54545455 0.61904762
 1.         1.         0.66666667 0.72222222 0.1875     0.51724138
 0.78947368 0.04395604 1.         0.66666667 0.81818182 0.58823529
 0.625      0.83333333 1.         0.02857143 0.08823529 0.86666667
 0.5        0.51851852 0.16666667 0.90909091 0.80310881 0.92307692
 0.90909091 0.6        0.32       0.72727273]
,[0.75       0.7        0.70967742 0.26923077 0.86666667 0.27777778
 0.         0.85106383 0.47619048 0.68421053 0.89285714 0.84090909
 0.65       0.88888889 0.96       0.47368421 0.19047619 0.61904762
 0.68       0.88235294 0.75862069 0.75       0.81818182 0.34782609
 0.26086957 0.         0.         0.63636364 0.47619048 0.
 0.33333333 0.71428571 0.52380952 0.7        0.77777778 0.90909091
 0.83333333 0.5        0.17647059 0.68       0.88888889 0.27777778
 0.6        0.84       0.         0.88888889 0.68421053 0.57142857
 0.95454545 0.85       0.65217391 0.41176471 0.88235294 0.83333333
 0.65       0.38095238 0.63636364 0.15789474 0.         0.22222222
 0.42857143 0.88235294 0.64       0.85185185 0.61904762 0.88235294
 0.76470588 0.59090909 0.1        0.05882353 0.         0.83333333
 0.8        0.         0.11764706 0.64705882 0.89473684 0.5
 0.5        0.5        0.57894737 0.11764706 0.52631579 0.58823529
 0.         0.625      0.78947368 0.7        0.40909091 0.88372093
 0.73684211 0.68292683 0.56521739 0.95238095 0.         0.73684211
 0.72222222 0.         0.4375     0.73684211 0.89285714 0.05555556
 0.30434783 0.2        0.81481481 0.5        0.88888889 0.17647059
 0.8125     0.76470588 0.64705882 0.35294118 0.83333333 0.875
 0.22222222 0.72727273 0.72       0.         0.         0.57692308
 0.70588235 0.66666667 0.95652174 0.36842105 0.         0.28571429
 0.92307692 0.52380952 1.         0.78947368 0.63157895 0.94736842
 0.78571429 0.625      0.         0.68421053 0.25       0.66666667
 0.         0.55555556 0.5        0.68181818 0.5        0.35294118
 0.99375    0.35294118 0.6097561  0.54285714 0.04761905 0.60869565
 0.95454545 0.66666667 0.47368421 0.57142857 0.42105263 0.
 0.95238095 0.73333333 0.38095238 0.47058824 0.9047619  0.15789474
 0.27777778 0.80952381 0.33333333 0.73684211 0.         0.92857143
 0.57894737 0.         0.70588235 0.95       0.22727273 0.52941176
 0.82352941 0.5        0.55       0.95       1.         0.52380952
 0.5        0.875      0.8        0.94117647 0.         0.88235294
 0.31578947 0.55555556 0.75       0.73913043 0.         0.69565217
 0.57142857 0.56521739 0.         0.95238095 0.25       0.54545455
 0.33333333 0.6        0.82352941 0.3        0.         0.875
 0.5        0.8        0.56521739 0.90909091 0.42857143 0.56521739
 0.31578947 0.85714286 0.66666667 0.89285714 0.11764706 0.6
 0.66666667 0.64705882 0.05882353 0.73684211 0.85714286 0.
 0.25       0.54545455 0.16666667 0.65       0.4        0.68421053
 0.15789474 1.         0.7826087  0.90277778 0.15       0.6
 0.65217391 0.2        0.88888889 0.9        0.52941176 0.97560976
 0.78947368 0.52631579 0.27777778 0.05263158 0.15789474 0.61904762
 0.57894737 0.82352941 0.1        1.         0.96875    1.
 0.34482759 0.63157895 0.76190476 0.36363636]
,[0.78947368 0.65116279 0.6984127  0.35897436 0.88135593 0.25
 0.         0.38277512 0.54054054 0.72222222 0.86956522 0.77894737
 0.74285714 0.84210526 0.84210526 0.51428571 0.2962963  0.54166667
 0.73913043 0.78947368 0.56410256 0.71428571 0.8        0.47058824
 0.27906977 0.         0.         0.73684211 0.57142857 0.
 0.5        0.69767442 0.61111111 0.82352941 0.59574468 0.75471698
 0.85106383 0.62857143 0.24       0.77272727 0.56140351 0.37037037
 0.66666667 0.63636364 0.         0.90566038 0.42622951 0.57142857
 0.84       0.85       0.69767442 0.4516129  0.9375     0.49382716
 0.7027027  0.51612903 0.4375     0.27272727 0.         0.30769231
 0.34615385 0.68181818 0.71111111 0.79310345 0.72222222 0.73170732
 0.74285714 0.74285714 0.16       0.1        0.         0.88888889
 0.74418605 0.         0.16666667 0.66666667 0.77272727 0.46153846
 0.52631579 0.61538462 0.56410256 0.19047619 0.52631579 0.58823529
 0.         0.74074074 0.88235294 0.58333333 0.375      0.8172043
 0.7        0.53333333 0.7027027  0.93023256 0.         0.58333333
 0.68421053 0.         0.53846154 0.7        0.80645161 0.10526316
 0.4375     0.21621622 0.59459459 0.6        0.91428571 0.1875
 0.66666667 0.83870968 0.73333333 0.5        0.85106383 0.91304348
 0.36363636 0.76190476 0.63157895 0.         0.         0.71428571
 0.77419355 0.45901639 0.95652174 0.38888889 0.         0.30434783
 0.64       0.53658537 0.86363636 0.73170732 0.55813953 0.9
 0.62857143 0.66666667 0.         0.74285714 0.38095238 0.59090909
 0.         0.71428571 0.64864865 0.76923077 0.56521739 0.35294118
 0.85026738 0.35294118 0.44247788 0.59375    0.06666667 0.63636364
 0.95454545 0.8        0.64285714 0.58536585 0.5        0.
 0.57142857 0.77192982 0.27826087 0.61538462 0.6440678  0.20689655
 0.4        0.85       0.29268293 0.65116279 0.         0.57777778
 0.61111111 0.         0.53333333 0.92682927 0.28571429 0.69230769
 0.58333333 0.56410256 0.66666667 0.97435897 0.72727273 0.56410256
 0.625      0.89361702 0.59259259 0.74418605 0.         0.75
 0.48       0.43478261 0.7826087  0.57627119 0.         0.76190476
 0.6557377  0.65       0.         0.74074074 0.4        0.68571429
 0.42424242 0.64864865 0.84848485 0.4        0.         0.93333333
 0.5        0.56140351 0.65       0.68965517 0.34615385 0.54166667
 0.46153846 0.82758621 0.8        0.73529412 0.12121212 0.72727273
 0.75675676 0.75862069 0.11111111 0.65116279 0.92307692 0.
 0.36363636 0.48       0.25       0.56521739 0.46153846 0.65
 0.27272727 1.         0.72       0.80246914 0.16666667 0.55555556
 0.71428571 0.07207207 0.94117647 0.76595745 0.64285714 0.73394495
 0.69767442 0.64516129 0.43478261 0.03703704 0.11320755 0.72222222
 0.53658537 0.63636364 0.125      0.95238095 0.87818697 0.96
 0.5        0.61538462 0.45070423 0.48484848]
