mACC, mP, mR, mF1, ACC, P, R, F1
0.6983157199471598,0.7137960334833774,0.659913181968725,0.6502466347015925
,[ 16  15  26   7  26   2  10  41  17  14  49  41  13  17  23  13  12  11
  17  17  22  15  17  17   0   8  18  16  17   3  10   7  13  18  14  16
  18  15   2  23  17   4  17  17   6  25  17  10  19  15  19   6  16  22
  11  10  19   7   0   9  10  15  20  23  17  16  14  12   5   1   0  22
  10   2   8  16  15  14  11   4  11   9  12  14  10  16  13   4   8  41
  17  39  18  21  10  51  14  18   9  17  24   5  18  16  44  14  17   6
  24  15  13   8  23  20   2  18  18  19   3  19  15   9  23   4   2  18
  25  14  38  15  14  36  22  15   1  15  30  35   5  14  21  15  23   8
 160  12  36  24   6  14  22  22  12  18   5   2  20  28   6  14  18   9
   0  20   3  16   1  28  13  17   7  19   4  13  12  19  12  19  14  11
  17  22  17  16   0  17  10   7  19  16   6  21  29  17   0  21   8  14
   8   7  17  12   3  16   7   9  20  18   7  16   6  24  16  28  11  17
  21  17   1  17  18   4  10   5  16  11  26  17   5  19  16  69   0  23
  16   3  16  16  10  38  16  14   3  11   7  14  10  11   8  20 155  24
  87  14  16  18]
,[0.8        0.78947368 0.50980392 0.77777778 0.8125     1.
 0.76923077 0.56164384 0.89473684 0.66666667 0.89090909 0.89130435
 0.56521739 0.89473684 0.74193548 0.86666667 0.8        0.57894737
 0.70833333 0.70833333 0.62857143 0.88235294 0.77272727 0.80952381
 0.         0.5        0.5625     0.64       0.85       0.2
 1.         1.         0.61904762 0.9        0.42424242 0.69565217
 0.72       0.68181818 0.2        0.74193548 0.85       0.30769231
 0.70833333 0.68       0.42857143 0.78125    0.4047619  0.71428571
 0.73076923 0.71428571 0.59375    1.         0.69565217 0.4
 0.91666667 0.83333333 0.63333333 0.77777778 0.         0.47368421
 0.76923077 0.68181818 0.68965517 0.95833333 0.62962963 1.
 0.60869565 0.375      0.5        0.5        0.         0.84615385
 0.625      0.66666667 0.47058824 0.66666667 1.         0.875
 0.64705882 0.5        0.78571429 0.52941176 0.92307692 0.77777778
 0.625      0.8        1.         1.         0.5        0.85416667
 0.85       0.79591837 1.         1.         0.90909091 0.56043956
 0.93333333 0.94736842 0.9        1.         0.8        1.
 0.9        0.69565217 0.77192982 0.60869565 1.         1.
 0.48       1.         0.86666667 1.         0.95833333 0.95238095
 0.28571429 0.9        0.69230769 0.54285714 0.75       0.76
 0.75       0.6        0.92       1.         0.5        0.3
 0.71428571 0.60869565 1.         0.45454545 0.51851852 0.70588235
 0.55       0.75       1.         0.9375     0.75       0.60344828
 1.         0.875      0.55263158 0.88235294 0.6969697  0.66666667
 0.91954023 0.42857143 0.34951456 0.48979592 0.375      0.875
 0.62857143 0.88       0.92307692 0.64285714 0.83333333 0.66666667
 0.71428571 0.53846154 0.24       0.82352941 0.75       0.69230769
 0.         0.83333333 1.         0.88888889 0.33333333 0.875
 0.68421053 0.53125    0.77777778 0.82608696 0.66666667 1.
 0.85714286 0.7037037  0.92307692 0.95       0.7        0.45833333
 0.27868852 0.95652174 0.65384615 0.76190476 0.         0.70833333
 0.625      0.63636364 0.9047619  0.8        0.46153846 0.67741935
 0.6744186  0.65384615 0.         0.67741935 0.88888889 0.93333333
 0.47058824 0.4375     0.94444444 0.85714286 1.         0.88888889
 0.875      0.64285714 0.74074074 0.52941176 0.30434783 0.76190476
 1.         0.96       0.8        0.45901639 1.         0.73913043
 0.84       0.80952381 1.         0.70833333 0.81818182 0.16
 0.55555556 0.29411765 1.         1.         0.83870968 0.85
 0.83333333 0.95       0.64       0.6969697  0.         0.32394366
 0.94117647 1.         1.         0.8        0.90909091 0.88372093
 0.57142857 1.         1.         0.84615385 0.46666667 0.56
 0.71428571 0.64705882 0.47058824 0.95238095 0.85635359 0.96
 0.84466019 0.875      0.4        0.52941176]
,[0.8        0.75       0.83870968 0.26923077 0.86666667 0.11111111
 0.45454545 0.87234043 0.80952381 0.73684211 0.875      0.93181818
 0.65       0.94444444 0.92       0.68421053 0.57142857 0.52380952
 0.68       1.         0.75862069 0.75       0.77272727 0.73913043
 0.         0.36363636 0.9        0.72727273 0.80952381 0.14285714
 0.55555556 0.33333333 0.61904762 0.9        0.77777778 0.72727273
 0.75       0.68181818 0.11764706 0.92       0.94444444 0.22222222
 0.68       0.68       0.35294118 0.92592593 0.89473684 0.47619048
 0.86363636 0.75       0.82608696 0.35294118 0.94117647 0.91666667
 0.55       0.47619048 0.86363636 0.36842105 0.         0.5
 0.47619048 0.88235294 0.8        0.85185185 0.80952381 0.94117647
 0.82352941 0.54545455 0.25       0.05882353 0.         0.91666667
 0.5        0.08695652 0.47058824 0.94117647 0.78947368 0.77777778
 0.55       0.16666667 0.57894737 0.52941176 0.63157895 0.82352941
 0.43478261 1.         0.68421053 0.2        0.36363636 0.95348837
 0.89473684 0.95121951 0.7826087  1.         0.55555556 0.89473684
 0.77777778 0.9        0.5625     0.89473684 0.85714286 0.27777778
 0.7826087  0.8        0.81481481 0.77777778 0.94444444 0.35294118
 0.75       0.88235294 0.76470588 0.47058824 0.95833333 0.83333333
 0.11111111 0.81818182 0.72       0.86363636 0.16666667 0.73076923
 0.88235294 0.42857143 1.         0.21052632 0.0952381  0.36734694
 0.96153846 0.66666667 1.         0.78947368 0.73684211 0.94736842
 0.78571429 0.625      0.05263158 0.78947368 0.9375     0.8974359
 0.27777778 0.77777778 0.875      0.68181818 0.88461538 0.47058824
 1.         0.70588235 0.87804878 0.68571429 0.28571429 0.60869565
 1.         0.91666667 0.63157895 0.85714286 0.26315789 0.1
 0.95238095 0.93333333 0.14285714 0.82352941 0.85714286 0.47368421
 0.         0.95238095 0.16666667 0.84210526 0.05555556 1.
 0.68421053 0.80952381 0.41176471 0.95       0.18181818 0.76470588
 0.70588235 0.86363636 0.6        0.95       0.875      0.52380952
 0.85       0.91666667 0.85       0.94117647 0.         1.
 0.52631579 0.38888889 0.79166667 0.69565217 0.26086957 0.91304348
 0.82857143 0.73913043 0.         1.         0.4        0.63636364
 0.38095238 0.35       1.         0.6        0.15789474 1.
 0.38888889 0.45       0.86956522 0.81818182 0.33333333 0.69565217
 0.31578947 0.85714286 0.76190476 1.         0.64705882 0.85
 1.         1.         0.05882353 0.89473684 0.85714286 0.21052632
 0.625      0.22727273 0.88888889 0.55       0.86666667 0.89473684
 0.26315789 1.         0.69565217 0.95833333 0.         0.92
 0.69565217 0.15       0.88888889 0.8        0.58823529 0.92682927
 0.84210526 0.73684211 0.16666667 0.57894737 0.36842105 0.66666667
 0.52631579 0.64705882 0.4        1.         0.96875    1.
 1.         0.73684211 0.76190476 0.81818182]
,[0.8        0.76923077 0.63414634 0.4        0.83870968 0.2
 0.57142857 0.68333333 0.85       0.7        0.88288288 0.91111111
 0.60465116 0.91891892 0.82142857 0.76470588 0.66666667 0.55
 0.69387755 0.82926829 0.6875     0.81081081 0.77272727 0.77272727
 0.         0.42105263 0.69230769 0.68085106 0.82926829 0.16666667
 0.71428571 0.5        0.61904762 0.9        0.54901961 0.71111111
 0.73469388 0.68181818 0.14814815 0.82142857 0.89473684 0.25806452
 0.69387755 0.68       0.38709677 0.84745763 0.55737705 0.57142857
 0.79166667 0.73170732 0.69090909 0.52173913 0.8        0.55696203
 0.6875     0.60606061 0.73076923 0.5        0.         0.48648649
 0.58823529 0.76923077 0.74074074 0.90196078 0.70833333 0.96969697
 0.7        0.44444444 0.33333333 0.10526316 0.         0.88
 0.55555556 0.15384615 0.47058824 0.7804878  0.88235294 0.82352941
 0.59459459 0.25       0.66666667 0.52941176 0.75       0.8
 0.51282051 0.88888889 0.8125     0.33333333 0.42105263 0.9010989
 0.87179487 0.86666667 0.87804878 1.         0.68965517 0.68918919
 0.84848485 0.92307692 0.69230769 0.94444444 0.82758621 0.43478261
 0.8372093  0.74418605 0.79279279 0.68292683 0.97142857 0.52173913
 0.58536585 0.9375     0.8125     0.64       0.95833333 0.88888889
 0.16       0.85714286 0.70588235 0.66666667 0.27272727 0.74509804
 0.81081081 0.5        0.95833333 0.34782609 0.16       0.33027523
 0.81967213 0.63636364 1.         0.57692308 0.60869565 0.80898876
 0.64705882 0.68181818 0.1        0.85714286 0.83333333 0.72164948
 0.43478261 0.82352941 0.67741935 0.76923077 0.77966102 0.55172414
 0.95808383 0.53333333 0.5        0.57142857 0.32432432 0.71794872
 0.77192982 0.89795918 0.75       0.73469388 0.4        0.17391304
 0.81632653 0.68292683 0.17910448 0.82352941 0.8        0.5625
 0.         0.88888889 0.28571429 0.86486486 0.0952381  0.93333333
 0.68421053 0.64150943 0.53846154 0.88372093 0.28571429 0.86666667
 0.77419355 0.7755102  0.72727273 0.95       0.77777778 0.48888889
 0.41975309 0.93617021 0.73913043 0.84210526 0.         0.82926829
 0.57142857 0.48275862 0.84444444 0.74418605 0.33333333 0.77777778
 0.74358974 0.69387755 0.         0.80769231 0.55172414 0.75675676
 0.42105263 0.38888889 0.97142857 0.70588235 0.27272727 0.94117647
 0.53846154 0.52941176 0.8        0.64285714 0.31818182 0.72727273
 0.48       0.90566038 0.7804878  0.62921348 0.78571429 0.79069767
 0.91304348 0.89473684 0.11111111 0.79069767 0.8372093  0.18181818
 0.58823529 0.25641026 0.94117647 0.70967742 0.85245902 0.87179487
 0.4        0.97435897 0.66666667 0.80701754 0.         0.47916667
 0.8        0.26086957 0.94117647 0.8        0.71428571 0.9047619
 0.68085106 0.84848485 0.28571429 0.6875     0.41176471 0.60869565
 0.60606061 0.64705882 0.43243243 0.97560976 0.90909091 0.97959184
 0.91578947 0.8        0.52459016 0.64285714]
