mACC, mP, mR, mF1, ACC, P, R, F1
0.6319352708058125,0.6374527635300635,0.5850256556241413,0.5884251675846013
,[ 14  10  21   3  25   2   4  32  13  12  54  42   1  13  16  10  15   7
  18  11  24  13  16  10   8   5  10   2  13   2  10  15  13  19  10  17
  18   4   1  20  16   0  15  24  12  25   9  12  18  13  19   6  13  13
  10  10  15   8   2   5   5  16  17  17  13  11  11   7   4   5   9  21
  16   4   7  13  16  12   6   4   7   9  10   8   6   9  12   6  11  40
  16  37  15  20  10  40   5  17   7  18  26   5  19  14  51   8  11   8
  21  14   8   9  19  19   1  17  18  20   1  11  13   8  23   7   1  25
  24  14  38  13  12  30  24  11   5  10  29  28  10  14  19  14  22   6
 160   6  20  21   6  15  17  20  12  18   4   6  17  25  22  11  18   9
   1  18   0  12   6  28   6  18   7  18   5  11  14  16  15  17  10   9
  16  23  16  13   4  16   2   6  15  12   8  14  23  13   0  20   4   7
   7   9  17   6   5  15   5  14   9  11   7  17   6  24  14  26  13  15
  21  10   4   3  15  14  10  10  15   6  24   7   4  19  12  68   3  15
  18   3  17  12  10  37  15  12   3   2   6  14   8   6   9  19 157  24
  87  14  13  16]
,[0.93333333 0.76923077 0.77777778 0.15       0.89285714 0.22222222
 0.08163265 0.43243243 0.59090909 0.75       0.7826087  0.77777778
 0.14285714 0.8125     0.84210526 0.66666667 0.68181818 0.7
 0.75       0.91666667 0.63157895 0.72222222 0.5        1.
 0.21052632 0.23809524 0.66666667 0.16666667 0.76470588 0.14285714
 0.76923077 0.78947368 0.8125     0.95       0.47619048 0.77272727
 0.58064516 0.4        0.14285714 0.64516129 0.88888889 0.
 0.71428571 0.6        0.6        0.86206897 0.69230769 0.52173913
 0.64285714 0.54166667 0.54285714 0.85714286 0.68421053 0.44827586
 0.90909091 0.90909091 0.42857143 0.61538462 0.28571429 0.45454545
 0.55555556 0.76190476 0.94444444 0.89473684 0.8125     0.91666667
 0.78571429 0.875      0.57142857 0.29411765 0.5        0.875
 0.72727273 0.30769231 0.41176471 0.92857143 0.88888889 0.5
 0.54545455 0.57142857 0.77777778 0.81818182 0.47619048 0.53333333
 0.42857143 1.         1.         1.         0.39285714 0.72727273
 0.61538462 0.78723404 0.78947368 0.86956522 0.90909091 0.56338028
 1.         0.73913043 0.4375     0.81818182 0.49056604 0.625
 0.9047619  0.73684211 0.44347826 0.4        1.         0.88888889
 0.42       1.         0.53333333 0.69230769 1.         0.73076923
 0.16666667 0.80952381 0.81818182 0.68965517 0.2        0.73333333
 0.68421053 0.34782609 0.67647059 0.41176471 0.04761905 0.29069767
 0.58536585 0.5        0.84444444 0.76470588 0.8        0.83333333
 0.66666667 0.47826087 0.3125     0.83333333 0.69047619 0.59574468
 0.43478261 1.         0.63333333 0.82352941 0.73333333 0.31578947
 0.86021505 0.33333333 0.58823529 0.75       0.4        0.40540541
 0.85       0.83333333 0.85714286 0.66666667 0.66666667 0.6
 0.80952381 0.73529412 0.32835821 0.73333333 0.69230769 0.69230769
 0.11111111 0.81818182 0.         0.54545455 0.46153846 0.875
 0.42857143 0.62068966 0.35       0.9        0.33333333 0.84615385
 0.875      0.55172414 0.44117647 1.         0.52631579 0.34615385
 0.3902439  0.92       0.64       0.92857143 0.11111111 0.8
 0.33333333 0.6        0.78947368 0.66666667 0.61538462 0.5
 0.92       0.72222222 0.         0.66666667 0.8        0.7
 0.25       0.6        1.         0.66666667 0.27777778 0.9375
 0.5        0.51851852 0.69230769 0.52380952 0.38888889 0.51515152
 0.375      0.77419355 0.93333333 0.68421053 1.         0.9375
 0.875      1.         0.28571429 0.6        0.83333333 0.58333333
 0.71428571 0.3125     0.9375     0.85714286 0.375      0.58333333
 0.8        0.82608696 0.8        0.60714286 0.13636364 0.34883721
 0.85714286 0.42857143 0.70833333 0.63157895 0.90909091 0.78723404
 0.375      0.92307692 0.6        0.25       0.54545455 0.53846154
 0.88888889 0.85714286 0.375      0.95       0.87222222 0.92307692
 0.83653846 0.875      0.41935484 0.45714286]
,[0.7        0.5        0.67741935 0.11538462 0.83333333 0.11111111
 0.18181818 0.68085106 0.61904762 0.63157895 0.96428571 0.95454545
 0.05       0.72222222 0.64       0.52631579 0.71428571 0.33333333
 0.72       0.64705882 0.82758621 0.65       0.72727273 0.43478261
 0.34782609 0.22727273 0.5        0.09090909 0.61904762 0.0952381
 0.55555556 0.71428571 0.61904762 0.95       0.55555556 0.77272727
 0.75       0.18181818 0.05882353 0.8        0.88888889 0.
 0.6        0.96       0.70588235 0.92592593 0.47368421 0.57142857
 0.81818182 0.65       0.82608696 0.35294118 0.76470588 0.54166667
 0.5        0.47619048 0.68181818 0.42105263 0.11764706 0.27777778
 0.23809524 0.94117647 0.68       0.62962963 0.61904762 0.64705882
 0.64705882 0.31818182 0.2        0.29411765 0.45       0.875
 0.8        0.17391304 0.41176471 0.76470588 0.84210526 0.66666667
 0.3        0.16666667 0.36842105 0.52941176 0.52631579 0.47058824
 0.26086957 0.5625     0.63157895 0.3        0.5        0.93023256
 0.84210526 0.90243902 0.65217391 0.95238095 0.55555556 0.70175439
 0.27777778 0.85       0.4375     0.94736842 0.92857143 0.27777778
 0.82608696 0.7        0.94444444 0.44444444 0.61111111 0.47058824
 0.65625    0.82352941 0.47058824 0.52941176 0.79166667 0.79166667
 0.05555556 0.77272727 0.72       0.90909091 0.05555556 0.42307692
 0.76470588 0.38095238 1.         0.36842105 0.04761905 0.51020408
 0.92307692 0.66666667 1.         0.68421053 0.63157895 0.78947368
 0.85714286 0.45833333 0.26315789 0.52631579 0.90625    0.71794872
 0.55555556 0.77777778 0.79166667 0.63636364 0.84615385 0.35294118
 1.         0.35294118 0.48780488 0.6        0.28571429 0.65217391
 0.77272727 0.83333333 0.63157895 0.85714286 0.21052632 0.3
 0.80952381 0.83333333 0.52380952 0.64705882 0.85714286 0.47368421
 0.05555556 0.85714286 0.         0.63157895 0.33333333 1.
 0.31578947 0.85714286 0.41176471 0.9        0.22727273 0.64705882
 0.82352941 0.72727273 0.75       0.85       0.625      0.42857143
 0.8        0.95833333 0.8        0.76470588 0.19047619 0.94117647
 0.10526316 0.33333333 0.625      0.52173913 0.34782609 0.60869565
 0.65714286 0.56521739 0.         0.95238095 0.2        0.31818182
 0.33333333 0.45       1.         0.3        0.26315789 0.9375
 0.27777778 0.7        0.39130435 0.5        0.33333333 0.73913043
 0.31578947 0.85714286 0.66666667 0.92857143 0.76470588 0.75
 1.         0.58823529 0.23529412 0.15789474 0.71428571 0.73684211
 0.625      0.45454545 0.83333333 0.3        0.8        0.36842105
 0.21052632 1.         0.52173913 0.94444444 0.15       0.6
 0.7826087  0.15       0.94444444 0.6        0.58823529 0.90243902
 0.78947368 0.63157895 0.16666667 0.10526316 0.31578947 0.66666667
 0.42105263 0.35294118 0.45       0.95       0.98125    1.
 1.         0.73684211 0.61904762 0.72727273]
,[0.8        0.60606061 0.72413793 0.13043478 0.86206897 0.14814815
 0.11267606 0.52892562 0.60465116 0.68571429 0.864      0.85714286
 0.07407407 0.76470588 0.72727273 0.58823529 0.69767442 0.4516129
 0.73469388 0.75862069 0.71641791 0.68421053 0.59259259 0.60606061
 0.26229508 0.23255814 0.57142857 0.11764706 0.68421053 0.11428571
 0.64516129 0.75       0.7027027  0.95       0.51282051 0.77272727
 0.65454545 0.25       0.08333333 0.71428571 0.88888889 0.
 0.65217391 0.73846154 0.64864865 0.89285714 0.5625     0.54545455
 0.72       0.59090909 0.65517241 0.5        0.72222222 0.49056604
 0.64516129 0.625      0.52631579 0.5        0.16666667 0.34482759
 0.33333333 0.84210526 0.79069767 0.73913043 0.7027027  0.75862069
 0.70967742 0.46666667 0.2962963  0.29411765 0.47368421 0.875
 0.76190476 0.22222222 0.41176471 0.83870968 0.86486486 0.57142857
 0.38709677 0.25806452 0.5        0.64285714 0.5        0.5
 0.32432432 0.72       0.77419355 0.46153846 0.44       0.81632653
 0.71111111 0.84090909 0.71428571 0.90909091 0.68965517 0.625
 0.43478261 0.79069767 0.4375     0.87804878 0.64197531 0.38461538
 0.86363636 0.71794872 0.6035503  0.42105263 0.75862069 0.61538462
 0.51219512 0.90322581 0.5        0.6        0.88372093 0.76
 0.08333333 0.79069767 0.76595745 0.78431373 0.08695652 0.53658537
 0.72222222 0.36363636 0.80701754 0.38888889 0.04761905 0.37037037
 0.71641791 0.57142857 0.91566265 0.72222222 0.70588235 0.81081081
 0.75       0.46808511 0.28571429 0.64516129 0.78378378 0.65116279
 0.48780488 0.875      0.7037037  0.71794872 0.78571429 0.33333333
 0.92485549 0.34285714 0.53333333 0.66666667 0.33333333 0.5
 0.80952381 0.83333333 0.72727273 0.75       0.32       0.4
 0.80952381 0.78125    0.40366972 0.6875     0.76595745 0.5625
 0.07407407 0.8372093  0.         0.58536585 0.38709677 0.93333333
 0.36363636 0.72       0.37837838 0.9        0.27027027 0.73333333
 0.84848485 0.62745098 0.55555556 0.91891892 0.57142857 0.38297872
 0.52459016 0.93877551 0.71111111 0.83870968 0.14035088 0.86486486
 0.16       0.42857143 0.69767442 0.58536585 0.44444444 0.54901961
 0.76666667 0.63414634 0.         0.78431373 0.32       0.4375
 0.28571429 0.51428571 1.         0.4137931  0.27027027 0.9375
 0.35714286 0.59574468 0.5        0.51162791 0.35897436 0.60714286
 0.34285714 0.81355932 0.77777778 0.78787879 0.86666667 0.83333333
 0.93333333 0.74074074 0.25806452 0.25       0.76923077 0.65116279
 0.66666667 0.37037037 0.88235294 0.44444444 0.5106383  0.4516129
 0.33333333 0.9047619  0.63157895 0.73913043 0.14285714 0.44117647
 0.81818182 0.22222222 0.80952381 0.61538462 0.71428571 0.84090909
 0.50847458 0.75       0.26086957 0.14814815 0.4        0.59574468
 0.57142857 0.5        0.40909091 0.95       0.92352941 0.96
 0.91099476 0.8        0.5        0.56140351]
