mACC, mP, mR, mF1, ACC, P, R, F1
0.7729524438573315,0.7860982527340312,0.7459897933212385,0.7496222851797176
,[ 16  16  25  15  26  12  13  44  17  14  52  40  13  17  25  16   8  13
  20  17  23  19  21  17  12   5  19  18  18   1  12  18  14  17  15  12
  20  18   7  24  15   6  17  23   9  25  13  13  19  14  20   7  16  22
  12  13  18   7   0  10  11  17  20  24  19  12  13  13   6   6  10  22
  18  18   9  16  18  13   7  10  15   9  12  16  15  16  16  14  12  40
  18  36  21  21  16  49  13  18  14  18  26   9  23  17  48   8  17   8
  26  15  15  12  20  21  10  21  17  17  12  19  15  11  23  14   7  24
  25  15  38  17  14  36  22  20   8  14  31  31  14  13  21  16  24   8
 159   6  35  24  16  17  22  20  11  20  13  10  20  26  15  16  18  16
   5  20   9  16   9  27  14  19   9  19   5  14  15  18  18  19  15  10
  18  22  16  14   4  15  14  11  22  18  12  17  26  20   3  18  13  14
  15  15  17   9  11  16  10  15  19  20  12  18   6  26  14  25  14  15
  21  14   5  15  19  14   4  17  16  16  29  17   8  19  15  70   8  22
  21  12  17  19  14  39  14  17  10  12  12  15  16  13  11  20 158  24
  87  13  10  18]
,[1.         0.94117647 0.75757576 0.75       0.76470588 1.
 0.5        0.74576271 0.85       0.63636364 0.9122807  1.
 0.76470588 0.80952381 0.83333333 0.88888889 1.         0.68421053
 0.8        0.85       0.74193548 0.7037037  0.91304348 0.80952381
 0.57142857 0.83333333 0.63333333 0.81818182 0.9        0.2
 0.92307692 0.7826087  0.93333333 1.         0.34090909 0.8
 0.90909091 0.81818182 0.53846154 0.88888889 0.88235294 0.6
 0.73913043 0.74193548 0.9        0.75757576 0.8125     0.92857143
 0.76       0.7        0.5        1.         0.76190476 0.56410256
 1.         0.68421053 0.69230769 0.58333333 0.         0.58823529
 0.64705882 0.80952381 0.86956522 1.         0.7037037  1.
 1.         0.76470588 0.66666667 0.54545455 0.76923077 0.88
 0.66666667 0.6        0.75       0.88888889 1.         0.76470588
 0.63636364 0.47619048 0.83333333 0.9        0.92307692 0.88888889
 0.625      0.72727273 1.         0.93333333 0.75       0.95238095
 0.94736842 1.         0.91304348 1.         0.94117647 0.60493827
 0.92857143 1.         1.         0.94736842 0.74285714 0.9
 0.95833333 0.65384615 0.64       0.88888889 1.         0.8
 0.76470588 1.         0.9375     0.66666667 0.95238095 0.95454545
 0.66666667 0.91304348 0.70833333 0.77272727 0.52173913 0.95
 0.9375     0.55       0.95833333 0.875      0.53846154 0.36363636
 0.75757576 0.57692308 1.         0.73913043 0.77777778 0.9
 0.78571429 0.83333333 0.53333333 0.93333333 0.88571429 0.775
 0.7        1.         0.67741935 0.88888889 0.77419355 0.8
 0.9695122  0.75       0.52238806 0.53333333 0.57142857 0.47222222
 0.95652174 0.95238095 1.         0.8        0.65       0.52631579
 0.74074074 0.96296296 0.36585366 0.72727273 0.81818182 0.69565217
 0.71428571 0.86956522 0.64285714 0.84210526 0.40909091 0.93103448
 0.82352941 0.61290323 0.81818182 0.95       0.71428571 0.77777778
 0.88235294 0.85714286 0.81818182 1.         0.78947368 0.76923077
 0.46153846 1.         0.64       0.77777778 1.         1.
 0.875      0.64705882 0.78571429 0.69230769 0.5        0.77272727
 0.96296296 1.         0.6        0.72       0.86666667 0.93333333
 0.46875    0.44117647 1.         1.         0.84615385 0.94117647
 0.90909091 0.625      0.7037037  0.625      0.63157895 0.94736842
 0.66666667 0.8125     1.         0.92592593 1.         0.9375
 1.         0.93333333 0.71428571 0.88235294 0.76       0.66666667
 0.66666667 0.65384615 0.94117647 0.88888889 0.80555556 0.80952381
 0.88888889 1.         0.83333333 0.73684211 0.36363636 0.70967742
 0.80769231 0.92307692 0.89473684 0.86363636 0.875      0.975
 0.60869565 0.77272727 0.83333333 0.70588235 0.63157895 0.83333333
 0.53333333 0.68421053 0.32352941 1.         0.80203046 1.
 0.91578947 0.92857143 0.52631579 0.64285714]
,[0.8        0.8        0.80645161 0.57692308 0.86666667 0.66666667
 0.59090909 0.93617021 0.80952381 0.73684211 0.92857143 0.90909091
 0.65       0.94444444 1.         0.84210526 0.38095238 0.61904762
 0.8        1.         0.79310345 0.95       0.95454545 0.73913043
 0.52173913 0.22727273 0.95       0.81818182 0.85714286 0.04761905
 0.66666667 0.85714286 0.66666667 0.85       0.83333333 0.54545455
 0.83333333 0.81818182 0.41176471 0.96       0.83333333 0.33333333
 0.68       0.92       0.52941176 0.92592593 0.68421053 0.61904762
 0.86363636 0.7        0.86956522 0.41176471 0.94117647 0.91666667
 0.6        0.61904762 0.81818182 0.36842105 0.         0.55555556
 0.52380952 1.         0.8        0.88888889 0.9047619  0.70588235
 0.76470588 0.59090909 0.3        0.35294118 0.5        0.91666667
 0.9        0.7826087  0.52941176 0.94117647 0.94736842 0.72222222
 0.35       0.41666667 0.78947368 0.52941176 0.63157895 0.94117647
 0.65217391 1.         0.84210526 0.7        0.54545455 0.93023256
 0.94736842 0.87804878 0.91304348 1.         0.88888889 0.85964912
 0.72222222 0.9        0.875      0.94736842 0.92857143 0.5
 1.         0.85       0.88888889 0.44444444 0.94444444 0.47058824
 0.8125     0.88235294 0.88235294 0.70588235 0.83333333 0.875
 0.55555556 0.95454545 0.68       0.77272727 0.66666667 0.73076923
 0.88235294 0.52380952 1.         0.73684211 0.33333333 0.48979592
 0.96153846 0.71428571 1.         0.89473684 0.73684211 0.94736842
 0.78571429 0.83333333 0.42105263 0.73684211 0.96875    0.79487179
 0.77777778 0.72222222 0.875      0.72727273 0.92307692 0.47058824
 0.99375    0.35294118 0.85365854 0.68571429 0.76190476 0.73913043
 1.         0.83333333 0.57894737 0.95238095 0.68421053 0.5
 0.95238095 0.86666667 0.35714286 0.94117647 0.85714286 0.84210526
 0.27777778 0.95238095 0.5        0.84210526 0.5        0.96428571
 0.73684211 0.9047619  0.52941176 0.95       0.22727273 0.82352941
 0.88235294 0.81818182 0.9        0.95       0.9375     0.47619048
 0.9        0.91666667 0.8        0.82352941 0.19047619 0.88235294
 0.73684211 0.61111111 0.91666667 0.7826087  0.52173913 0.73913043
 0.74285714 0.86956522 0.16666667 0.85714286 0.65       0.63636364
 0.71428571 0.75       1.         0.45       0.57894737 1.
 0.55555556 0.75       0.82608696 0.90909091 0.57142857 0.7826087
 0.31578947 0.92857143 0.66666667 0.89285714 0.82352941 0.75
 1.         0.82352941 0.29411765 0.78947368 0.9047619  0.73684211
 0.25       0.77272727 0.88888889 0.8        0.96666667 0.89473684
 0.42105263 1.         0.65217391 0.97222222 0.4        0.88
 0.91304348 0.6        0.94444444 0.95       0.82352941 0.95121951
 0.73684211 0.89473684 0.55555556 0.63157895 0.63157895 0.71428571
 0.84210526 0.76470588 0.55       1.         0.9875     1.
 1.         0.68421053 0.47619048 0.81818182]
,[0.88888889 0.86486486 0.78125    0.65217391 0.8125     0.8
 0.54166667 0.83018868 0.82926829 0.68292683 0.92035398 0.95238095
 0.7027027  0.87179487 0.90909091 0.86486486 0.55172414 0.65
 0.8        0.91891892 0.76666667 0.80851064 0.93333333 0.77272727
 0.54545455 0.35714286 0.76       0.81818182 0.87804878 0.07692308
 0.77419355 0.81818182 0.77777778 0.91891892 0.48387097 0.64864865
 0.86956522 0.81818182 0.46666667 0.92307692 0.85714286 0.42857143
 0.70833333 0.82142857 0.66666667 0.83333333 0.74285714 0.74285714
 0.80851064 0.7        0.63492063 0.58333333 0.84210526 0.6984127
 0.75       0.65       0.75       0.4516129  0.         0.57142857
 0.57894737 0.89473684 0.83333333 0.94117647 0.79166667 0.82758621
 0.86666667 0.66666667 0.4137931  0.42857143 0.60606061 0.89795918
 0.76595745 0.67924528 0.62068966 0.91428571 0.97297297 0.74285714
 0.4516129  0.44444444 0.81081081 0.66666667 0.75       0.91428571
 0.63829787 0.84210526 0.91428571 0.8        0.63157895 0.94117647
 0.94736842 0.93506494 0.91304348 1.         0.91428571 0.71014493
 0.8125     0.94736842 0.93333333 0.94736842 0.82539683 0.64285714
 0.9787234  0.73913043 0.74418605 0.59259259 0.97142857 0.59259259
 0.78787879 0.9375     0.90909091 0.68571429 0.88888889 0.91304348
 0.60606061 0.93333333 0.69387755 0.77272727 0.58536585 0.82608696
 0.90909091 0.53658537 0.9787234  0.8        0.41176471 0.4173913
 0.84745763 0.63829787 1.         0.80952381 0.75675676 0.92307692
 0.78571429 0.83333333 0.47058824 0.82352941 0.92537313 0.78481013
 0.73684211 0.83870968 0.76363636 0.8        0.84210526 0.59259259
 0.98148148 0.48       0.64814815 0.6        0.65306122 0.57627119
 0.97777778 0.88888889 0.73333333 0.86956522 0.66666667 0.51282051
 0.83333333 0.9122807  0.36144578 0.82051282 0.8372093  0.76190476
 0.4        0.90909091 0.5625     0.84210526 0.45       0.94736842
 0.77777778 0.73076923 0.64285714 0.95       0.34482759 0.8
 0.88235294 0.8372093  0.85714286 0.97435897 0.85714286 0.58823529
 0.61016949 0.95652174 0.71111111 0.8        0.32       0.9375
 0.8        0.62857143 0.84615385 0.73469388 0.5106383  0.75555556
 0.83870968 0.93023256 0.26086957 0.7826087  0.74285714 0.75675676
 0.56603774 0.55555556 1.         0.62068966 0.6875     0.96969697
 0.68965517 0.68181818 0.76       0.74074074 0.6        0.85714286
 0.42857143 0.86666667 0.8        0.90909091 0.90322581 0.83333333
 1.         0.875      0.41666667 0.83333333 0.82608696 0.7
 0.36363636 0.70833333 0.91428571 0.84210526 0.87878788 0.85
 0.57142857 1.         0.73170732 0.83832335 0.38095238 0.78571429
 0.85714286 0.72727273 0.91891892 0.9047619  0.84848485 0.96296296
 0.66666667 0.82926829 0.66666667 0.66666667 0.63157895 0.76923077
 0.65306122 0.72222222 0.40740741 1.         0.88515406 1.
 0.95604396 0.78787879 0.5        0.72      ]
