mACC, mP, mR, mF1, ACC, P, R, F1
0.6934173100365705,0.6576891576150208,0.5755724446802932,0.588974760060151
,[ 17  14  18  16  24  11  17  40  13  15  51  39   9  15  23  14  10  11
  19  15  27  17  15  16   6  11  13  11  19   2  10  18  10  18  16  17
  20  12   0  23  12   5  15  20  12  23  12  12  22  11  17   7  15  21
  13  14  17   3   4   7   9  17  20  21  19  11  15  13   0   4  11  23
  15   7   4  11  17   5  10   8  11   4  10  15  16  15  15  15  19  38
  15  39  20  20  14  45  12  18  12  13  25   1  22  18  43   8  15   5
  23  15   9  10  22  19   8  14  17   8   0  18  17   9  23  15   3  13
  25  16  38  15  13  31  21   9   1  18  32  24  13  16  20  17  22   4
 160   9  28  19  13  13  20  18  12  17   7  10  21  23  16  14  17  13
   6  19  10  14  10  25  12  18   9  18   3  12   5  10  16  18  16  10
  16  21  18  15   1  16  16   6  21  16   9  15  28  17   7  17   7  12
  12  13  17  17  16  15  11  18   9  22  10  17  13  25  15   9   0   0
   0   0   0   0   0   0   0   0   0   0   0   0   0   0   0   0   0   0
   0   0   0   0   0   0   0   0   0   0   0   0   0   0   0   0]
,[0.80952381 0.93333333 0.9        0.61538462 0.85714286 1.
 0.5862069  0.74074074 0.76470588 0.55555556 0.78461538 0.88636364
 0.81818182 0.6        0.65714286 1.         0.71428571 0.84615385
 0.9047619  0.9375     0.79411765 0.89473684 0.88235294 0.88888889
 0.6        0.6875     0.86666667 1.         0.7037037  0.22222222
 0.625      0.9        0.71428571 0.7826087  0.37209302 0.80952381
 0.86956522 0.75       0.         0.76666667 0.92307692 0.625
 0.75       0.625      0.54545455 0.88461538 0.75       0.70588235
 0.52380952 1.         0.89473684 0.875      0.71428571 0.72413793
 0.52       0.875      0.53125    0.75       0.66666667 0.875
 0.81818182 1.         0.95238095 1.         0.9047619  1.
 0.6        0.86666667 0.         0.57142857 0.78571429 0.92
 0.83333333 0.5        1.         0.78571429 0.89473684 1.
 0.83333333 0.88888889 0.91666667 1.         1.         0.9375
 0.69565217 0.88235294 0.9375     0.9375     0.65517241 0.67857143
 0.9375     0.67241379 0.8        0.86956522 0.77777778 0.67164179
 0.85714286 1.         0.85714286 0.92857143 0.80645161 1.
 0.51162791 0.75       0.65151515 0.8        0.75       0.625
 0.88461538 0.88235294 0.9        1.         0.91666667 0.9047619
 0.47058824 1.         0.85       1.         0.         0.9
 0.53125    0.36       0.95833333 0.55555556 0.6        0.65
 0.73529412 0.69565217 0.71698113 0.75       0.33333333 0.83783784
 0.875      1.         1.         0.85714286 0.84210526 0.77419355
 0.92857143 1.         0.95238095 0.89473684 0.52380952 1.
 0.87431694 1.         0.71794872 0.59375    0.76470588 0.68421053
 1.         0.9        1.         0.77272727 0.875      0.66666667
 0.875      0.92       0.3902439  0.875      0.89473684 0.59090909
 0.66666667 1.         0.66666667 0.73684211 0.66666667 0.73529412
 0.70588235 0.45       0.5        0.81818182 0.75       0.92307692
 1.         0.66666667 0.84210526 1.         0.61538462 0.5
 0.84210526 1.         0.94736842 0.75       0.5        0.76190476
 0.72727273 0.75       0.80769231 0.69565217 0.81818182 0.625
 0.82352941 0.89473684 0.25       0.94444444 0.7        0.85714286
 0.66666667 0.46428571 0.77272727 0.89473684 0.59259259 1.
 0.6875     0.42857143 0.75       0.59459459 0.83333333 0.5862069
 0.46428571 0.75757576 0.83333333 0.81818182 0.         0.
 0.         0.         0.         0.         0.         0.
 0.         0.         0.         0.         0.         0.
 0.         0.         0.         0.         0.         0.
 0.         0.         0.         0.         0.         0.
 0.         0.         0.         0.         0.         0.
 0.         0.         0.         0.        ]
,[0.85       0.7        0.58064516 0.61538462 0.8        0.61111111
 0.77272727 0.85106383 0.61904762 0.78947368 0.91071429 0.88636364
 0.45       0.83333333 0.92       0.73684211 0.47619048 0.52380952
 0.76       0.88235294 0.93103448 0.85       0.68181818 0.69565217
 0.26086957 0.5        0.65       0.5        0.9047619  0.0952381
 0.55555556 0.85714286 0.47619048 0.9        0.88888889 0.77272727
 0.83333333 0.54545455 0.         0.92       0.66666667 0.27777778
 0.6        0.8        0.70588235 0.85185185 0.63157895 0.57142857
 1.         0.55       0.73913043 0.41176471 0.88235294 0.875
 0.65       0.66666667 0.77272727 0.15789474 0.23529412 0.38888889
 0.42857143 1.         0.8        0.77777778 0.9047619  0.64705882
 0.88235294 0.59090909 0.         0.23529412 0.55       0.95833333
 0.75       0.30434783 0.23529412 0.64705882 0.89473684 0.27777778
 0.5        0.33333333 0.57894737 0.23529412 0.52631579 0.88235294
 0.69565217 0.9375     0.78947368 0.75       0.86363636 0.88372093
 0.78947368 0.95121951 0.86956522 0.95238095 0.77777778 0.78947368
 0.66666667 0.9        0.75       0.68421053 0.89285714 0.05555556
 0.95652174 0.9        0.7962963  0.44444444 0.83333333 0.29411765
 0.71875    0.88235294 0.52941176 0.58823529 0.91666667 0.79166667
 0.44444444 0.63636364 0.68       0.36363636 0.         0.69230769
 1.         0.42857143 1.         0.78947368 0.14285714 0.26530612
 0.96153846 0.76190476 1.         0.78947368 0.68421053 0.81578947
 0.75       0.375      0.05263158 0.94736842 1.         0.61538462
 0.72222222 0.88888889 0.83333333 0.77272727 0.84615385 0.23529412
 1.         0.52941176 0.68292683 0.54285714 0.61904762 0.56521739
 0.90909091 0.75       0.63157895 0.80952381 0.36842105 0.5
 1.         0.76666667 0.38095238 0.82352941 0.80952381 0.68421053
 0.33333333 0.9047619  0.55555556 0.73684211 0.55555556 0.89285714
 0.63157895 0.85714286 0.52941176 0.9        0.13636364 0.70588235
 0.29411765 0.45454545 0.8        0.9        1.         0.47619048
 0.8        0.875      0.9        0.88235294 0.04761905 0.94117647
 0.84210526 0.33333333 0.875      0.69565217 0.39130435 0.65217391
 0.8        0.73913043 0.38888889 0.80952381 0.35       0.54545455
 0.57142857 0.65       1.         0.85       0.84210526 0.9375
 0.61111111 0.9        0.39130435 1.         0.47619048 0.73913043
 0.68421053 0.89285714 0.71428571 0.81818182 0.         0.
 0.         0.         0.         0.         0.         0.
 0.         0.         0.         0.         0.         0.
 0.         0.         0.         0.         0.         0.
 0.         0.         0.         0.         0.         0.
 0.         0.         0.         0.         0.         0.
 0.         0.         0.         0.        ]
,[0.82926829 0.8        0.70588235 0.61538462 0.82758621 0.75862069
 0.66666667 0.79207921 0.68421053 0.65217391 0.84297521 0.88636364
 0.58064516 0.69767442 0.76666667 0.84848485 0.57142857 0.64705882
 0.82608696 0.90909091 0.85714286 0.87179487 0.76923077 0.7804878
 0.36363636 0.57894737 0.74285714 0.66666667 0.79166667 0.13333333
 0.58823529 0.87804878 0.57142857 0.8372093  0.52459016 0.79069767
 0.85106383 0.63157895 0.         0.83636364 0.77419355 0.38461538
 0.66666667 0.70175439 0.61538462 0.86792453 0.68571429 0.63157895
 0.6875     0.70967742 0.80952381 0.56       0.78947368 0.79245283
 0.57777778 0.75675676 0.62962963 0.26086957 0.34782609 0.53846154
 0.5625     1.         0.86956522 0.875      0.9047619  0.78571429
 0.71428571 0.7027027  0.         0.33333333 0.64705882 0.93877551
 0.78947368 0.37837838 0.38095238 0.70967742 0.89473684 0.43478261
 0.625      0.48484848 0.70967742 0.38095238 0.68965517 0.90909091
 0.69565217 0.90909091 0.85714286 0.83333333 0.74509804 0.76767677
 0.85714286 0.78787879 0.83333333 0.90909091 0.77777778 0.72580645
 0.75       0.94736842 0.8        0.78787879 0.84745763 0.10526316
 0.66666667 0.81818182 0.71666667 0.57142857 0.78947368 0.4
 0.79310345 0.88235294 0.66666667 0.74074074 0.91666667 0.84444444
 0.45714286 0.77777778 0.75555556 0.53333333 0.         0.7826087
 0.69387755 0.39130435 0.9787234  0.65217391 0.23076923 0.37681159
 0.83333333 0.72727273 0.83516484 0.76923077 0.44827586 0.82666667
 0.80769231 0.54545455 0.1        0.9        0.91428571 0.68571429
 0.8125     0.94117647 0.88888889 0.82926829 0.64705882 0.38095238
 0.93294461 0.69230769 0.7        0.56716418 0.68421053 0.61904762
 0.95238095 0.81818182 0.77419355 0.79069767 0.51851852 0.57142857
 0.93333333 0.83636364 0.38554217 0.84848485 0.85       0.63414634
 0.44444444 0.95       0.60606061 0.73684211 0.60606061 0.80645161
 0.66666667 0.59016393 0.51428571 0.85714286 0.23076923 0.8
 0.45454545 0.54054054 0.82051282 0.94736842 0.76190476 0.48780488
 0.82051282 0.93333333 0.92307692 0.81081081 0.08695652 0.84210526
 0.7804878  0.46153846 0.84       0.69565217 0.52941176 0.63829787
 0.8115942  0.80952381 0.30434783 0.87179487 0.46666667 0.66666667
 0.61538462 0.54166667 0.87179487 0.87179487 0.69565217 0.96774194
 0.64705882 0.58064516 0.51428571 0.74576271 0.60606061 0.65384615
 0.55319149 0.81967213 0.76923077 0.81818182 0.         0.
 0.         0.         0.         0.         0.         0.
 0.         0.         0.         0.         0.         0.
 0.         0.         0.         0.         0.         0.
 0.         0.         0.         0.         0.         0.
 0.         0.         0.         0.         0.         0.
 0.         0.         0.         0.        ]
