mACC, mP, mR, mF1, ACC, P, R, F1
0.3745,0.4080552220711005,0.37450000000000006,0.33577497653884164
,[ 0  1  1  3  8  2  6  7 15  9  2 16 13 17  3 14  8 14  1  2  0 12  5  1
  7 10 18 10  1  5 15  0 14 14  2 20  1  3  2 10  1 12  5  9  1 15  0 18
  2  5  9  3  9  0  0  3 13 16  6  2  6  3 13  0 13  1  8  2  4 15 17 11
  5 17 12  7  0  1  8 15  0  4 10 17  1  0  7 11 15 10 20  0  1  5 13  8
 19 16  9  4]
,[0.         0.25       0.14285714 0.27272727 0.20512821 0.08
 0.54545455 0.29166667 0.39473684 0.32142857 0.11764706 0.30188679
 0.38235294 0.45945946 0.75       0.24137931 0.8        0.4375
 0.33333333 0.5        0.         0.30769231 0.5        0.06666667
 0.15909091 0.26315789 0.94736842 0.71428571 0.5        0.625
 0.71428571 0.         0.28       0.34146341 0.28571429 0.5
 0.11111111 0.25       1.         0.38461538 1.         0.31578947
 0.625      0.6        0.11111111 0.6        0.         0.40909091
 0.11764706 0.41666667 0.81818182 1.         0.75       0.
 0.         0.16666667 0.48148148 0.4        0.5        0.4
 0.25       0.6        0.26530612 0.         0.41935484 0.08333333
 0.14814815 0.16666667 0.10810811 0.34883721 0.68       0.55
 0.41666667 0.5862069  0.4137931  0.875      0.         0.5
 0.21621622 0.88235294 0.         1.         0.90909091 0.23611111
 0.2        0.         0.875      0.73333333 0.40540541 0.32258065
 1.         0.         0.05263158 0.33333333 0.36111111 0.5
 0.36538462 0.76190476 0.75       1.        ]
,[0.   0.05 0.05 0.15 0.4  0.1  0.3  0.35 0.75 0.45 0.1  0.8  0.65 0.85
 0.15 0.7  0.4  0.7  0.05 0.1  0.   0.6  0.25 0.05 0.35 0.5  0.9  0.5
 0.05 0.25 0.75 0.   0.7  0.7  0.1  1.   0.05 0.15 0.1  0.5  0.05 0.6
 0.25 0.45 0.05 0.75 0.   0.9  0.1  0.25 0.45 0.15 0.45 0.   0.   0.15
 0.65 0.8  0.3  0.1  0.3  0.15 0.65 0.   0.65 0.05 0.4  0.1  0.2  0.75
 0.85 0.55 0.25 0.85 0.6  0.35 0.   0.05 0.4  0.75 0.   0.2  0.5  0.85
 0.05 0.   0.35 0.55 0.75 0.5  1.   0.   0.05 0.25 0.65 0.4  0.95 0.8
 0.45 0.2 ]
,[0.         0.08333333 0.07407407 0.19354839 0.27118644 0.08888889
 0.38709677 0.31818182 0.51724138 0.375      0.10810811 0.43835616
 0.48148148 0.59649123 0.25       0.35897436 0.53333333 0.53846154
 0.08695652 0.16666667 0.         0.40677966 0.33333333 0.05714286
 0.21875    0.34482759 0.92307692 0.58823529 0.09090909 0.35714286
 0.73170732 0.         0.4        0.45901639 0.14814815 0.66666667
 0.06896552 0.1875     0.18181818 0.43478261 0.0952381  0.4137931
 0.35714286 0.51428571 0.06896552 0.66666667 0.         0.5625
 0.10810811 0.3125     0.58064516 0.26086957 0.5625     0.
 0.         0.15789474 0.55319149 0.53333333 0.375      0.16
 0.27272727 0.24       0.37681159 0.         0.50980392 0.0625
 0.21621622 0.125      0.14035088 0.47619048 0.75555556 0.55
 0.3125     0.69387755 0.48979592 0.5        0.         0.09090909
 0.28070175 0.81081081 0.         0.33333333 0.64516129 0.36956522
 0.08       0.         0.5        0.62857143 0.52631579 0.39215686
 1.         0.         0.05128205 0.28571429 0.46428571 0.44444444
 0.52777778 0.7804878  0.5625     0.33333333]
