mACC, mP, mR, mF1, ACC, P, R, F1
0.4345,0.46381563074177323,0.43449999999999994,0.4125065721534964
,[ 5 12  9  1  4  4 15  1 12 18  0  6 12  8  6  0 12  8  0  2  5  8  6  0
 10 16 17 15 16  0 17  0  1  3 10 16  0  0 11 12 19 11 10  4  0 12 10 13
 13  7 14 15  6 12  0 19 11 16  1  5  0 20 11  0 15  2  6  1  1  9 11  4
  7 18  2 17  6 16  8 15 12 18 12 16  0 15  8 11  9  0 20  0  1  9  7 18
 11 15 15  7]
,[0.10869565 0.66666667 0.23684211 0.25       0.57142857 0.21052632
 0.40540541 0.09090909 0.75       0.6        0.         0.85714286
 0.5        0.57142857 0.4        0.         0.85714286 0.36363636
 0.         0.4        0.5        0.38095238 0.4        0.
 0.32258065 0.76190476 0.94444444 0.9375     0.61538462 0.
 0.60714286 0.         0.33333333 0.21428571 0.27777778 0.94117647
 0.         0.         0.5        0.52173913 0.09452736 0.34375
 0.76923077 0.36363636 0.         0.57142857 0.45454545 0.92857143
 0.33333333 1.         0.77777778 0.38461538 0.66666667 0.20338983
 0.         0.55882353 0.39285714 0.66666667 0.5        0.41666667
 0.         0.64516129 0.45833333 0.         0.71428571 0.66666667
 0.16666667 0.04347826 0.16666667 0.69230769 0.91666667 1.
 0.25925926 0.64285714 1.         0.68       0.31578947 0.66666667
 0.61538462 0.71428571 0.35294118 0.5625     0.75       0.42105263
 0.         0.2173913  0.66666667 0.40740741 0.75       0.
 0.95238095 0.         0.04166667 0.40909091 0.77777778 0.7826087
 1.         0.88235294 0.88235294 0.63636364]
,[0.25 0.6  0.45 0.05 0.2  0.2  0.75 0.05 0.6  0.9  0.   0.3  0.6  0.4
 0.3  0.   0.6  0.4  0.   0.1  0.25 0.4  0.3  0.   0.5  0.8  0.85 0.75
 0.8  0.   0.85 0.   0.05 0.15 0.5  0.8  0.   0.   0.55 0.6  0.95 0.55
 0.5  0.2  0.   0.6  0.5  0.65 0.65 0.35 0.7  0.75 0.3  0.6  0.   0.95
 0.55 0.8  0.05 0.25 0.   1.   0.55 0.   0.75 0.1  0.3  0.05 0.05 0.45
 0.55 0.2  0.35 0.9  0.1  0.85 0.3  0.8  0.4  0.75 0.6  0.9  0.6  0.8
 0.   0.75 0.4  0.55 0.45 0.   1.   0.   0.05 0.45 0.35 0.9  0.55 0.75
 0.75 0.35]
,[0.15151515 0.63157895 0.31034483 0.08333333 0.2962963  0.20512821
 0.52631579 0.06451613 0.66666667 0.72       0.         0.44444444
 0.54545455 0.47058824 0.34285714 0.         0.70588235 0.38095238
 0.         0.16       0.33333333 0.3902439  0.34285714 0.
 0.39215686 0.7804878  0.89473684 0.83333333 0.69565217 0.
 0.70833333 0.         0.08695652 0.17647059 0.35714286 0.86486486
 0.         0.         0.52380952 0.55813953 0.1719457  0.42307692
 0.60606061 0.25806452 0.         0.58536585 0.47619048 0.76470588
 0.44067797 0.51851852 0.73684211 0.50847458 0.4137931  0.30379747
 0.         0.7037037  0.45833333 0.72727273 0.09090909 0.3125
 0.         0.78431373 0.5        0.         0.73170732 0.17391304
 0.21428571 0.04651163 0.07692308 0.54545455 0.6875     0.33333333
 0.29787234 0.75       0.18181818 0.75555556 0.30769231 0.72727273
 0.48484848 0.73170732 0.44444444 0.69230769 0.66666667 0.55172414
 0.         0.33707865 0.5        0.46808511 0.5625     0.
 0.97560976 0.         0.04545455 0.42857143 0.48275862 0.8372093
 0.70967742 0.81081081 0.81081081 0.4516129 ]
