mACC, mP, mR, mF1, ACC, P, R, F1
0.5615,0.57800035926589,0.5615,0.5486275889716872
,[ 0 13  4 12 12  8  7 10 12 15  1  9 16 17  4 11 13  9  8  8 17 16  8  2
  6 16 18 12 13  6 14  7  7 17  0 18 11  5 16 10 17 11  9 11 16 13  9 17
 10 14 13 15  9  4  7  4 11 17 13 15  9 14 16  0  9  8  5 13  9 10 16 12
  5 19  7 19  6 10 12 16  3 18 16 17  1 13 15 17 17 14 19 10  4 11 11 17
 20 15 15 12]
,[0.         0.31707317 1.         0.27906977 0.63157895 0.38095238
 0.63636364 0.41666667 0.66666667 0.6        0.09090909 0.40909091
 0.69565217 0.77272727 0.5        0.28205128 0.65       0.47368421
 0.72727273 0.57142857 0.77272727 0.76190476 0.66666667 0.14285714
 0.5        0.76190476 0.81818182 0.75       0.46428571 0.6
 0.93333333 0.77777778 0.33333333 0.62962963 0.         0.72
 0.61111111 0.41666667 0.61538462 0.66666667 0.53125    0.45833333
 0.6        0.52380952 0.55172414 0.43333333 0.5        0.68
 0.90909091 0.63636364 0.61904762 0.6        0.75       1.
 0.5        0.18181818 0.45833333 0.77272727 0.59090909 1.
 0.47368421 0.63636364 0.94117647 0.         0.9        0.5
 0.41666667 0.56521739 0.5625     0.76923077 0.84210526 0.70588235
 0.41666667 1.         0.53846154 0.39583333 0.31578947 0.55555556
 0.30769231 0.76190476 0.375      0.81818182 0.53333333 0.36956522
 0.11111111 0.68421053 0.78947368 0.70833333 0.68       0.51851852
 0.9047619  0.52631579 0.28571429 0.22916667 0.40740741 0.85
 0.90909091 0.75       0.83333333 0.57142857]
,[0.   0.65 0.2  0.6  0.6  0.4  0.35 0.5  0.6  0.75 0.05 0.45 0.8  0.85
 0.2  0.55 0.65 0.45 0.4  0.4  0.85 0.8  0.4  0.1  0.3  0.8  0.9  0.6
 0.65 0.3  0.7  0.35 0.35 0.85 0.   0.9  0.55 0.25 0.8  0.5  0.85 0.55
 0.45 0.55 0.8  0.65 0.45 0.85 0.5  0.7  0.65 0.75 0.45 0.2  0.35 0.2
 0.55 0.85 0.65 0.75 0.45 0.7  0.8  0.   0.45 0.4  0.25 0.65 0.45 0.5
 0.8  0.6  0.25 0.95 0.35 0.95 0.3  0.5  0.6  0.8  0.15 0.9  0.8  0.85
 0.05 0.65 0.75 0.85 0.85 0.7  0.95 0.5  0.2  0.55 0.55 0.85 1.   0.75
 0.75 0.6 ]
,[0.         0.42622951 0.33333333 0.38095238 0.61538462 0.3902439
 0.4516129  0.45454545 0.63157895 0.66666667 0.06451613 0.42857143
 0.74418605 0.80952381 0.28571429 0.37288136 0.65       0.46153846
 0.51612903 0.47058824 0.80952381 0.7804878  0.5        0.11764706
 0.375      0.7804878  0.85714286 0.66666667 0.54166667 0.4
 0.8        0.48275862 0.34146341 0.72340426 0.         0.8
 0.57894737 0.3125     0.69565217 0.57142857 0.65384615 0.5
 0.51428571 0.53658537 0.65306122 0.52       0.47368421 0.75555556
 0.64516129 0.66666667 0.63414634 0.66666667 0.5625     0.33333333
 0.41176471 0.19047619 0.5        0.80952381 0.61904762 0.85714286
 0.46153846 0.66666667 0.86486486 0.         0.6        0.44444444
 0.3125     0.60465116 0.5        0.60606061 0.82051282 0.64864865
 0.3125     0.97435897 0.42424242 0.55882353 0.30769231 0.52631579
 0.40677966 0.7804878  0.21428571 0.85714286 0.64       0.51515152
 0.06896552 0.66666667 0.76923077 0.77272727 0.75555556 0.59574468
 0.92682927 0.51282051 0.23529412 0.32352941 0.46808511 0.85
 0.95238095 0.75       0.78947368 0.58536585]
