mACC, mP, mR, mF1, ACC, P, R, F1
0.623,0.6549685922365562,0.623,0.6176130336195853
,[ 0 15 12 13 10 12 10 13 15 17 12  7 13 18  3  6 11 18  8 14 17 19 13  2
 10 17 19 15 17 17 13 14 13 16 12 12  7  7 13 11 20  9 13 13 15 13 10 16
 14 17 12 15 12 13  3  9 13 18 14  9 12 14 14  2 10  7 10 12 14 10 17  9
  5 16 10 18  8 16  5 16 13 19 11 15  7 12 13 18 12 16 20 14  7  6 10 16
 18 17 13 15]
,[0.         0.78947368 0.6        0.54166667 0.83333333 0.4137931
 0.76923077 0.92857143 0.75       0.85       0.54545455 0.77777778
 0.86666667 0.66666667 0.6        0.21428571 0.84615385 0.46153846
 0.66666667 0.33333333 0.60714286 0.65517241 0.76470588 0.66666667
 0.625      0.77272727 0.95       0.88235294 0.77272727 0.53125
 0.68421053 0.4375     0.56521739 0.47058824 0.30769231 1.
 0.77777778 0.4375     0.52       0.78571429 0.71428571 0.33333333
 0.65       0.72222222 0.6        0.68421053 1.         0.76190476
 0.73684211 0.5        0.8        0.71428571 0.6        0.54166667
 0.6        0.24324324 0.65       0.7826087  0.60869565 0.5625
 0.48       0.82352941 1.         0.28571429 0.66666667 0.25925926
 0.3125     0.5        0.51851852 0.71428571 1.         0.9
 0.38461538 0.88888889 0.83333333 0.9        0.44444444 0.61538462
 0.5        0.88888889 0.68421053 0.95       0.64705882 0.51724138
 0.58333333 0.75       0.61904762 0.64285714 0.66666667 0.84210526
 1.         0.37837838 0.4375     0.46153846 0.83333333 1.
 0.94736842 0.70833333 0.8125     0.625     ]
,[0.   0.75 0.6  0.65 0.5  0.6  0.5  0.65 0.75 0.85 0.6  0.35 0.65 0.9
 0.15 0.3  0.55 0.9  0.4  0.7  0.85 0.95 0.65 0.1  0.5  0.85 0.95 0.75
 0.85 0.85 0.65 0.7  0.65 0.8  0.6  0.6  0.35 0.35 0.65 0.55 1.   0.45
 0.65 0.65 0.75 0.65 0.5  0.8  0.7  0.85 0.6  0.75 0.6  0.65 0.15 0.45
 0.65 0.9  0.7  0.45 0.6  0.7  0.7  0.1  0.5  0.35 0.5  0.6  0.7  0.5
 0.85 0.45 0.25 0.8  0.5  0.9  0.4  0.8  0.25 0.8  0.65 0.95 0.55 0.75
 0.35 0.6  0.65 0.9  0.6  0.8  1.   0.7  0.35 0.3  0.5  0.8  0.9  0.85
 0.65 0.75]
,[0.         0.76923077 0.6        0.59090909 0.625      0.48979592
 0.60606061 0.76470588 0.75       0.85       0.57142857 0.48275862
 0.74285714 0.76595745 0.24       0.25       0.66666667 0.61016949
 0.5        0.4516129  0.70833333 0.7755102  0.7027027  0.17391304
 0.55555556 0.80952381 0.95       0.81081081 0.80952381 0.65384615
 0.66666667 0.53846154 0.60465116 0.59259259 0.40677966 0.75
 0.48275862 0.38888889 0.57777778 0.64705882 0.83333333 0.38297872
 0.65       0.68421053 0.66666667 0.66666667 0.66666667 0.7804878
 0.71794872 0.62962963 0.68571429 0.73170732 0.6        0.59090909
 0.24       0.31578947 0.65       0.8372093  0.65116279 0.5
 0.53333333 0.75675676 0.82352941 0.14814815 0.57142857 0.29787234
 0.38461538 0.54545455 0.59574468 0.58823529 0.91891892 0.6
 0.3030303  0.84210526 0.625      0.9        0.42105263 0.69565217
 0.33333333 0.84210526 0.66666667 0.95       0.59459459 0.6122449
 0.4375     0.66666667 0.63414634 0.75       0.63157895 0.82051282
 1.         0.49122807 0.38888889 0.36363636 0.625      0.88888889
 0.92307692 0.77272727 0.72222222 0.68181818]
