mACC, mP, mR, mF1, ACC, P, R, F1
0.6505,0.6961188254836995,0.6505,0.6441370211606388
,[ 2 14 13 15  9 15 14 18 16 18  3 11 16 14  8 14 16  8 10  9 17 16 12  0
 15 16 20 13 16 18 18 10 11 18  9 17 10  6 13 12 18 12 12 16 14 15 12 19
 12 17 19 17 13 13  6  0 14 15 16 11 15 18 14 10 12  3 13 12 12 14 17 11
  9 17 18 17 10  8  5 19 19 20 12 13  6 16 11 16 11 16 20  6  2  6  7 20
 19 17 17 12]
,[1.         0.7        0.65       0.65217391 1.         0.234375
 0.5        0.69230769 0.76190476 0.85714286 0.5        0.73333333
 0.94117647 0.875      0.61538462 0.29787234 0.8        0.88888889
 0.83333333 0.75       0.85       0.72727273 1.         0.
 0.625      0.69565217 0.8        0.92857143 0.84210526 0.52941176
 0.64285714 0.71428571 0.78571429 0.69230769 0.52941176 1.
 0.52631579 0.4        0.54166667 0.63157895 0.69230769 0.30769231
 0.70588235 0.47058824 0.60869565 0.57692308 0.92307692 0.61290323
 0.66666667 0.70833333 0.86363636 0.62962963 0.92857143 0.54166667
 0.85714286 0.         0.73684211 0.88235294 0.72727273 0.91666667
 0.39473684 0.9        0.875      0.52631579 0.52173913 0.42857143
 0.25       0.8        0.75       1.         0.85       0.84615385
 0.9        0.94444444 0.39130435 1.         0.25       0.72727273
 0.35714286 0.61290323 0.61290323 0.86956522 0.66666667 0.54166667
 0.75       0.66666667 0.73333333 0.88888889 0.73333333 0.94117647
 0.90909091 0.75       0.4        0.66666667 0.7        0.8
 0.76       0.94444444 0.85       1.        ]
,[0.1  0.7  0.65 0.75 0.45 0.75 0.7  0.9  0.8  0.9  0.15 0.55 0.8  0.7
 0.4  0.7  0.8  0.4  0.5  0.45 0.85 0.8  0.6  0.   0.75 0.8  1.   0.65
 0.8  0.9  0.9  0.5  0.55 0.9  0.45 0.85 0.5  0.3  0.65 0.6  0.9  0.6
 0.6  0.8  0.7  0.75 0.6  0.95 0.6  0.85 0.95 0.85 0.65 0.65 0.3  0.
 0.7  0.75 0.8  0.55 0.75 0.9  0.7  0.5  0.6  0.15 0.65 0.6  0.6  0.7
 0.85 0.55 0.45 0.85 0.9  0.85 0.5  0.4  0.25 0.95 0.95 1.   0.6  0.65
 0.3  0.8  0.55 0.8  0.55 0.8  1.   0.3  0.1  0.3  0.35 1.   0.95 0.85
 0.85 0.6 ]
,[0.18181818 0.7        0.65       0.69767442 0.62068966 0.35714286
 0.58333333 0.7826087  0.7804878  0.87804878 0.23076923 0.62857143
 0.86486486 0.77777778 0.48484848 0.41791045 0.8        0.55172414
 0.625      0.5625     0.85       0.76190476 0.75       0.
 0.68181818 0.74418605 0.88888889 0.76470588 0.82051282 0.66666667
 0.75       0.58823529 0.64705882 0.7826087  0.48648649 0.91891892
 0.51282051 0.34285714 0.59090909 0.61538462 0.7826087  0.40677966
 0.64864865 0.59259259 0.65116279 0.65217391 0.72727273 0.74509804
 0.63157895 0.77272727 0.9047619  0.72340426 0.76470588 0.59090909
 0.44444444 0.         0.71794872 0.81081081 0.76190476 0.6875
 0.51724138 0.9        0.77777778 0.51282051 0.55813953 0.22222222
 0.36111111 0.68571429 0.66666667 0.82352941 0.85       0.66666667
 0.6        0.89473684 0.54545455 0.91891892 0.33333333 0.51612903
 0.29411765 0.74509804 0.74509804 0.93023256 0.63157895 0.59090909
 0.42857143 0.72727273 0.62857143 0.84210526 0.62857143 0.86486486
 0.95238095 0.42857143 0.16       0.4137931  0.46666667 0.88888889
 0.84444444 0.89473684 0.85       0.75      ]
