mACC, mP, mR, mF1, ACC, P, R, F1
0.6135,0.6319517158206465,0.6135,0.6013091460646719
,[ 1 13 12 13 12 14 14 14 14 18  6 11 12 17 11  3 18  6 12 10 13 14  8  0
 17 16 19 12 13 14 16 10  6 18  2 16  9  7 13 13 20 13 11 10 10  9  9 15
 14 14 17 14 10 12  7 16 14 13  9 14  7 14 17 13 13  2  5 12  5 15 19 13
  7 17 11 19 10 13 11 17 17 18 12 15  7 13 13 17 13 14 20 16  7  3  5 20
 15 15 19 10]
,[0.125      0.86666667 0.66666667 0.59090909 0.48       0.60869565
 0.4        0.875      0.66666667 0.6        0.31578947 0.47826087
 0.92307692 0.5483871  0.73333333 0.27272727 0.85714286 0.66666667
 0.70588235 0.41666667 0.76470588 0.51851852 0.88888889 0.
 0.48571429 0.84210526 0.65517241 1.         0.8125     0.56
 0.45714286 0.55555556 0.31578947 0.51428571 0.5        0.64
 0.52941176 0.53846154 0.59090909 0.68421053 0.52631579 0.36111111
 0.73333333 0.58823529 0.83333333 0.64285714 0.9        0.9375
 0.73684211 0.66666667 0.73913043 0.56       0.71428571 0.52173913
 0.7        0.42105263 0.56       0.8125     0.5625     0.66666667
 0.5        0.60869565 0.70833333 0.48148148 0.8125     0.5
 0.27777778 0.46153846 0.38461538 0.625      0.9047619  0.8125
 0.58333333 0.77272727 0.5        0.86363636 0.28571429 0.68421053
 0.47826087 0.5483871  0.51515152 0.85714286 0.8        0.88235294
 0.31818182 0.86666667 0.72222222 0.89473684 0.72222222 0.82352941
 0.76923077 0.45714286 0.41176471 0.42857143 1.         0.95238095
 1.         0.83333333 0.54285714 0.76923077]
,[0.05 0.65 0.6  0.65 0.6  0.7  0.7  0.7  0.7  0.9  0.3  0.55 0.6  0.85
 0.55 0.15 0.9  0.3  0.6  0.5  0.65 0.7  0.4  0.   0.85 0.8  0.95 0.6
 0.65 0.7  0.8  0.5  0.3  0.9  0.1  0.8  0.45 0.35 0.65 0.65 1.   0.65
 0.55 0.5  0.5  0.45 0.45 0.75 0.7  0.7  0.85 0.7  0.5  0.6  0.35 0.8
 0.7  0.65 0.45 0.7  0.35 0.7  0.85 0.65 0.65 0.1  0.25 0.6  0.25 0.75
 0.95 0.65 0.35 0.85 0.55 0.95 0.5  0.65 0.55 0.85 0.85 0.9  0.6  0.75
 0.35 0.65 0.65 0.85 0.65 0.7  1.   0.8  0.35 0.15 0.25 1.   0.75 0.75
 0.95 0.5 ]
,[0.07142857 0.74285714 0.63157895 0.61904762 0.53333333 0.65116279
 0.50909091 0.77777778 0.68292683 0.72       0.30769231 0.51162791
 0.72727273 0.66666667 0.62857143 0.19354839 0.87804878 0.4137931
 0.64864865 0.45454545 0.7027027  0.59574468 0.55172414 0.
 0.61818182 0.82051282 0.7755102  0.75       0.72222222 0.62222222
 0.58181818 0.52631579 0.30769231 0.65454545 0.16666667 0.71111111
 0.48648649 0.42424242 0.61904762 0.66666667 0.68965517 0.46428571
 0.62857143 0.54054054 0.625      0.52941176 0.6        0.83333333
 0.71794872 0.68292683 0.79069767 0.62222222 0.58823529 0.55813953
 0.46666667 0.55172414 0.62222222 0.72222222 0.5        0.68292683
 0.41176471 0.65116279 0.77272727 0.55319149 0.72222222 0.16666667
 0.26315789 0.52173913 0.3030303  0.68181818 0.92682927 0.72222222
 0.4375     0.80952381 0.52380952 0.9047619  0.36363636 0.66666667
 0.51162791 0.66666667 0.64150943 0.87804878 0.68571429 0.81081081
 0.33333333 0.74285714 0.68421053 0.87179487 0.68421053 0.75675676
 0.86956522 0.58181818 0.37837838 0.22222222 0.4        0.97560976
 0.85714286 0.78947368 0.69090909 0.60606061]
