mACC, mP, mR, mF1, ACC, P, R, F1
0.3905,0.4027099750043629,0.39049999999999996,0.36944312815777663
,[ 2 13  0  3  2  5  0  4  0 16  0  0  9 11  0  0 10 17  1  6 10 12  3  1
  9  8 16 15  9  2  4 11  1  2  8 13  3  0 10  7  2  6  3 11 12 16  7  5
  1 14  7 15 14 16  7 16  6 17  9 14 13 15 15  1  4  6  1  0  1  0 17  5
  4 18  3 13  1  7  8 19 10 20 13  6  4  0 11 18 11 13 20  6  6  2  0 14
 13 13  9  0]
,[0.08695652 0.72222222 0.         0.13636364 0.5        0.15151515
 0.         1.         0.         0.72727273 0.         0.
 0.5625     0.34375    0.         0.         0.625      0.51515152
 0.04761905 0.22222222 0.625      0.57142857 0.33333333 0.2
 0.75       0.2962963  0.8        0.88235294 0.36       0.13333333
 0.25       0.31428571 0.03703704 0.11111111 0.4        1.
 0.2        0.         0.43478261 0.53846154 0.66666667 0.25
 0.6        0.40740741 0.5        0.44444444 0.77777778 0.71428571
 0.1        0.7        0.5        0.88235294 0.7        0.47058824
 0.29166667 0.29090909 0.15       0.60714286 0.36       0.4
 0.22033898 0.65217391 0.9375     0.09090909 0.26666667 0.25
 0.05882353 0.         0.16666667 0.         0.73913043 0.45454545
 0.26666667 0.7826087  0.42857143 1.         0.06666667 0.24137931
 0.12121212 0.67857143 0.76923077 0.68965517 0.27083333 1.
 0.57142857 0.         0.47826087 0.54545455 0.21568627 0.65
 0.86956522 0.19354839 0.19354839 0.25       0.         0.875
 0.59090909 0.35135135 0.64285714 0.        ]
,[0.1  0.65 0.   0.15 0.1  0.25 0.   0.2  0.   0.8  0.   0.   0.45 0.55
 0.   0.   0.5  0.85 0.05 0.3  0.5  0.6  0.15 0.05 0.45 0.4  0.8  0.75
 0.45 0.1  0.2  0.55 0.05 0.1  0.4  0.65 0.15 0.   0.5  0.35 0.1  0.3
 0.15 0.55 0.6  0.8  0.35 0.25 0.05 0.7  0.35 0.75 0.7  0.8  0.35 0.8
 0.3  0.85 0.45 0.7  0.65 0.75 0.75 0.05 0.2  0.3  0.05 0.   0.05 0.
 0.85 0.25 0.2  0.9  0.15 0.65 0.05 0.35 0.4  0.95 0.5  1.   0.65 0.3
 0.2  0.   0.55 0.9  0.55 0.65 1.   0.3  0.3  0.1  0.   0.7  0.65 0.65
 0.45 0.  ]
,[0.09302326 0.68421053 0.         0.14285714 0.16666667 0.18867925
 0.         0.33333333 0.         0.76190476 0.         0.
 0.5        0.42307692 0.         0.         0.55555556 0.64150943
 0.04878049 0.25531915 0.55555556 0.58536585 0.20689655 0.08
 0.5625     0.34042553 0.8        0.81081081 0.4        0.11428571
 0.22222222 0.4        0.04255319 0.10526316 0.4        0.78787879
 0.17142857 0.         0.46511628 0.42424242 0.17391304 0.27272727
 0.24       0.46808511 0.54545455 0.57142857 0.48275862 0.37037037
 0.06666667 0.7        0.41176471 0.81081081 0.7        0.59259259
 0.31818182 0.42666667 0.2        0.70833333 0.4        0.50909091
 0.32911392 0.69767442 0.83333333 0.06451613 0.22857143 0.27272727
 0.05405405 0.         0.07692308 0.         0.79069767 0.32258065
 0.22857143 0.8372093  0.22222222 0.78787879 0.05714286 0.28571429
 0.18604651 0.79166667 0.60606061 0.81632653 0.38235294 0.46153846
 0.2962963  0.         0.51162791 0.67924528 0.30985915 0.65
 0.93023256 0.23529412 0.23529412 0.14285714 0.         0.77777778
 0.61904762 0.45614035 0.52941176 0.        ]
