mACC, mP, mR, mF1, ACC, P, R, F1
0.6255,0.6665992112448985,0.6255000000000001,0.6196259894491108
,[ 4 16 12 13  9  9 16 16  8 18  4 14 13 13  8 12 14  1 16 11 16 20 15  4
  9 13 16 15 10 15 18  9  8 12 11 20 15  1  9 11 13 12 16 10 15 10 10 17
 12 13 15 18 16 12  4  4 12 16 11 12 11 20 20 13 12  9  8 10 10 15 18 15
  7 17 15 19  7 15 11 15 12 17 12  6  8 13  7 15 16 16 20 13  6 10 15 19
 20 14 12 11]
,[0.30769231 0.8        0.85714286 0.56521739 0.64285714 0.3
 0.4        0.51612903 0.72727273 0.7826087  0.4        0.48275862
 0.86666667 0.76470588 0.66666667 0.3        0.58333333 1.
 0.5        0.61111111 0.69565217 0.46511628 0.78947368 0.25
 0.9        0.68421053 1.         1.         0.43478261 0.68181818
 0.9        0.81818182 0.53333333 0.92307692 0.6875     0.90909091
 0.51724138 0.25       0.6        0.64705882 0.36111111 0.52173913
 0.66666667 0.34482759 0.46875    0.5        0.90909091 0.65384615
 0.92307692 0.68421053 0.83333333 0.46153846 0.69565217 0.42857143
 1.         0.5        0.75       1.         0.52380952 0.85714286
 0.64705882 0.8        0.95238095 0.34210526 0.52173913 0.32142857
 0.5        0.625      0.52631579 0.38461538 0.81818182 0.78947368
 0.41176471 0.89473684 0.57692308 0.76       0.53846154 0.6
 0.73333333 0.71428571 0.75       0.94444444 0.8        1.
 0.36363636 1.         1.         0.625      0.72727273 0.66666667
 0.95238095 0.68421053 0.54545455 0.55555556 0.75       1.
 0.86956522 0.63636364 0.8        0.6875    ]
,[0.2  0.8  0.6  0.65 0.45 0.45 0.8  0.8  0.4  0.9  0.2  0.7  0.65 0.65
 0.4  0.6  0.7  0.05 0.8  0.55 0.8  1.   0.75 0.2  0.45 0.65 0.8  0.75
 0.5  0.75 0.9  0.45 0.4  0.6  0.55 1.   0.75 0.05 0.45 0.55 0.65 0.6
 0.8  0.5  0.75 0.5  0.5  0.85 0.6  0.65 0.75 0.9  0.8  0.6  0.2  0.2
 0.6  0.8  0.55 0.6  0.55 1.   1.   0.65 0.6  0.45 0.4  0.5  0.5  0.75
 0.9  0.75 0.35 0.85 0.75 0.95 0.35 0.75 0.55 0.75 0.6  0.85 0.6  0.3
 0.4  0.65 0.35 0.75 0.8  0.8  1.   0.65 0.3  0.5  0.75 0.95 1.   0.7
 0.6  0.55]
,[0.24242424 0.8        0.70588235 0.60465116 0.52941176 0.36
 0.53333333 0.62745098 0.51612903 0.8372093  0.26666667 0.57142857
 0.74285714 0.7027027  0.5        0.4        0.63636364 0.0952381
 0.61538462 0.57894737 0.74418605 0.63492063 0.76923077 0.22222222
 0.6        0.66666667 0.88888889 0.85714286 0.46511628 0.71428571
 0.9        0.58064516 0.45714286 0.72727273 0.61111111 0.95238095
 0.6122449  0.08333333 0.51428571 0.59459459 0.46428571 0.55813953
 0.72727273 0.40816327 0.57692308 0.5        0.64516129 0.73913043
 0.72727273 0.66666667 0.78947368 0.61016949 0.74418605 0.5
 0.33333333 0.28571429 0.66666667 0.88888889 0.53658537 0.70588235
 0.59459459 0.88888889 0.97560976 0.44827586 0.55813953 0.375
 0.44444444 0.55555556 0.51282051 0.50847458 0.85714286 0.76923077
 0.37837838 0.87179487 0.65217391 0.84444444 0.42424242 0.66666667
 0.62857143 0.73170732 0.66666667 0.89473684 0.68571429 0.46153846
 0.38095238 0.78787879 0.51851852 0.68181818 0.76190476 0.72727273
 0.97560976 0.66666667 0.38709677 0.52631579 0.75       0.97435897
 0.93023256 0.66666667 0.68571429 0.61111111]
