mACC, mP, mR, mF1, ACC, P, R, F1
0.6145,0.6364871864201721,0.6144999999999999,0.6079186767116831
,[ 3  6 10 12 18  5 14 17 15 19  5 11 15 12 13  6 17 13 11  7 14 14 14 10
 13 12 17 15  8 13 16  6  8 11 12 18 11  2 12 13 11 15 13  0 14 13  8 17
 12 14 14 17  9 12  6  9 14 16 12  7 13 16 18 10 11  7  3  5 10 12 17 14
  6 18 11 18  3 18 11 19 18 16 12 16  4 17 13 15 16 14 20 12  8 11 15 17
 18 19 11 16]
,[0.27272727 0.85714286 0.76923077 0.70588235 0.66666667 0.17857143
 0.63636364 0.51515152 0.625      0.59375    0.16666667 0.45833333
 0.45454545 0.57142857 0.36111111 0.28571429 0.60714286 0.76470588
 0.61111111 0.875      0.875      0.63636364 0.82352941 0.27777778
 0.86666667 0.75       0.94444444 0.9375     0.61538462 0.65
 0.8        0.5        0.5        0.64705882 0.66666667 0.81818182
 0.61111111 0.33333333 0.75       0.56521739 0.64705882 0.44117647
 0.68421053 0.         0.66666667 0.61904762 0.72727273 0.68
 0.85714286 0.82352941 0.58333333 0.65384615 0.75       0.70588235
 1.         0.28125    0.82352941 0.84210526 0.33333333 0.63636364
 0.65       1.         0.66666667 0.66666667 0.6875     0.46666667
 0.23076923 0.55555556 0.37037037 1.         0.85       0.875
 0.35294118 1.         0.73333333 0.85714286 0.3        0.64285714
 0.73333333 0.7037037  0.66666667 0.8        0.66666667 0.3902439
 0.22222222 0.56666667 0.76470588 0.55555556 0.76190476 0.66666667
 0.86956522 0.70588235 0.4        0.57894737 0.9375     0.65384615
 0.64285714 0.7037037  0.78571429 0.66666667]
,[0.15 0.3  0.5  0.6  0.9  0.25 0.7  0.85 0.75 0.95 0.25 0.55 0.75 0.6
 0.65 0.3  0.85 0.65 0.55 0.35 0.7  0.7  0.7  0.5  0.65 0.6  0.85 0.75
 0.4  0.65 0.8  0.3  0.4  0.55 0.6  0.9  0.55 0.1  0.6  0.65 0.55 0.75
 0.65 0.   0.7  0.65 0.4  0.85 0.6  0.7  0.7  0.85 0.45 0.6  0.3  0.45
 0.7  0.8  0.6  0.35 0.65 0.8  0.9  0.5  0.55 0.35 0.15 0.25 0.5  0.6
 0.85 0.7  0.3  0.9  0.55 0.9  0.15 0.9  0.55 0.95 0.9  0.8  0.6  0.8
 0.2  0.85 0.65 0.75 0.8  0.7  1.   0.6  0.4  0.55 0.75 0.85 0.9  0.95
 0.55 0.8 ]
,[0.19354839 0.44444444 0.60606061 0.64864865 0.76595745 0.20833333
 0.66666667 0.64150943 0.68181818 0.73076923 0.2        0.5
 0.56603774 0.58536585 0.46428571 0.29268293 0.70833333 0.7027027
 0.57894737 0.5        0.77777778 0.66666667 0.75675676 0.35714286
 0.74285714 0.66666667 0.89473684 0.83333333 0.48484848 0.65
 0.8        0.375      0.44444444 0.59459459 0.63157895 0.85714286
 0.57894737 0.15384615 0.66666667 0.60465116 0.59459459 0.55555556
 0.66666667 0.         0.68292683 0.63414634 0.51612903 0.75555556
 0.70588235 0.75675676 0.63636364 0.73913043 0.5625     0.64864865
 0.46153846 0.34615385 0.75675676 0.82051282 0.42857143 0.4516129
 0.65       0.88888889 0.76595745 0.57142857 0.61111111 0.4
 0.18181818 0.34482759 0.42553191 0.75       0.85       0.77777778
 0.32432432 0.94736842 0.62857143 0.87804878 0.2        0.75
 0.62857143 0.80851064 0.76595745 0.8        0.63157895 0.52459016
 0.21052632 0.68       0.7027027  0.63829787 0.7804878  0.68292683
 0.93023256 0.64864865 0.4        0.56410256 0.83333333 0.73913043
 0.75       0.80851064 0.64705882 0.72727273]
