mACC, mP, mR, mF1, ACC, P, R, F1
0.643,0.6784421306954527,0.6430000000000001,0.6362600964437992
,[ 8 13 12 17 11 10 13 13 15 18  5 12 14 16  8  4 17 13 13  7 17 17 13  9
 11 19 19 16 14 12 15 11 13 15 12 17 12  6 14 16 12  5 15 11 16 13  8 15
 13 13 13 16 14 18 13 13 15 18  1 13 15 18 19  5  9 10  3  4  6  5 18 14
 10 20  8 17  4 16 11 19 16 19 11 13  9 14 12 17 11 14 20  9 10 10 14 16
 19 17 15 17]
,[0.36363636 0.8125     0.75       0.53125    0.91666667 0.58823529
 0.72222222 0.86666667 0.83333333 0.75       0.5        0.54545455
 0.77777778 0.41025641 0.42105263 0.28571429 0.56666667 0.59090909
 0.52       0.5        0.62962963 0.62962963 0.61904762 0.6
 0.6875     0.65517241 0.95       0.8        0.82352941 0.5
 0.75       0.6875     0.72222222 0.55555556 0.52173913 1.
 0.8        0.21428571 0.73684211 0.72727273 0.92307692 0.45454545
 0.83333333 0.34375    0.53333333 0.54166667 1.         0.6
 0.86666667 0.72222222 1.         0.64       0.66666667 0.7826087
 0.44827586 0.36111111 0.51724138 0.81818182 1.         0.72222222
 0.57692308 0.85714286 0.73076923 0.35714286 0.6        0.2173913
 0.6        1.         0.85714286 1.         0.85714286 0.66666667
 0.625      0.66666667 0.57142857 0.94444444 0.21052632 0.66666667
 0.5        0.61290323 0.64       0.82608696 0.64705882 0.68421053
 0.75       0.63636364 0.66666667 0.65384615 0.61111111 1.
 0.90909091 0.69230769 0.5        0.71428571 0.77777778 0.94117647
 0.73076923 0.70833333 1.         1.        ]
,[0.4  0.65 0.6  0.85 0.55 0.5  0.65 0.65 0.75 0.9  0.25 0.6  0.7  0.8
 0.4  0.2  0.85 0.65 0.65 0.35 0.85 0.85 0.65 0.45 0.55 0.95 0.95 0.8
 0.7  0.6  0.75 0.55 0.65 0.75 0.6  0.85 0.6  0.3  0.7  0.8  0.6  0.25
 0.75 0.55 0.8  0.65 0.4  0.75 0.65 0.65 0.65 0.8  0.7  0.9  0.65 0.65
 0.75 0.9  0.05 0.65 0.75 0.9  0.95 0.25 0.45 0.5  0.15 0.2  0.3  0.25
 0.9  0.7  0.5  1.   0.4  0.85 0.2  0.8  0.55 0.95 0.8  0.95 0.55 0.65
 0.45 0.7  0.6  0.85 0.55 0.7  1.   0.45 0.5  0.5  0.7  0.8  0.95 0.85
 0.75 0.85]
,[0.38095238 0.72222222 0.66666667 0.65384615 0.6875     0.54054054
 0.68421053 0.74285714 0.78947368 0.81818182 0.33333333 0.57142857
 0.73684211 0.54237288 0.41025641 0.23529412 0.68       0.61904762
 0.57777778 0.41176471 0.72340426 0.72340426 0.63414634 0.51428571
 0.61111111 0.7755102  0.95       0.8        0.75675676 0.54545455
 0.75       0.61111111 0.68421053 0.63829787 0.55813953 0.91891892
 0.68571429 0.25       0.71794872 0.76190476 0.72727273 0.32258065
 0.78947368 0.42307692 0.64       0.59090909 0.57142857 0.66666667
 0.74285714 0.68421053 0.78787879 0.71111111 0.68292683 0.8372093
 0.53061224 0.46428571 0.6122449  0.85714286 0.0952381  0.68421053
 0.65217391 0.87804878 0.82608696 0.29411765 0.51428571 0.3030303
 0.24       0.33333333 0.44444444 0.4        0.87804878 0.68292683
 0.55555556 0.8        0.47058824 0.89473684 0.20512821 0.72727273
 0.52380952 0.74509804 0.71111111 0.88372093 0.59459459 0.66666667
 0.5625     0.66666667 0.63157895 0.73913043 0.57894737 0.82352941
 0.95238095 0.54545455 0.5        0.58823529 0.73684211 0.86486486
 0.82608696 0.77272727 0.85714286 0.91891892]
