mACC, mP, mR, mF1, ACC, P, R, F1
0.456,0.508274652370083,0.456,0.4383386509816992
,[ 2 14  1  5  3  0  2 17  6 16  8  0 15  0  7  0  3 10  0  4 17 15 11  2
 10 16 19 16 11 13  0  9  0  1 14 16  8  0  1  7 19  5 16 12  8 18 13 16
  2 12 14 18 17 14  5 15  2  4  8 13  6 17 17  3  3  9  5  3  1  8 18 15
  4 20  0 19  6 16  3 20 19 20 12  3  7  3 13 15  1 17 20  1  6  1 16 12
 10  4  8  1]
,[0.13333333 0.73684211 0.09090909 0.35714286 0.6        0.
 0.28571429 0.77272727 0.54545455 0.72727273 0.33333333 0.
 0.83333333 0.         0.29166667 0.         1.         0.5
 0.         0.18181818 0.48571429 0.45454545 0.52380952 0.14285714
 1.         0.37209302 0.95       0.88888889 0.40740741 0.59090909
 0.         0.75       0.         0.2        0.29166667 1.
 0.2962963  0.         1.         0.875      0.35185185 0.38461538
 0.66666667 0.4137931  0.57142857 0.52941176 0.76470588 0.76190476
 0.03703704 0.85714286 0.36842105 0.54545455 0.65384615 0.77777778
 0.55555556 0.34090909 0.08       0.8        0.5        0.54166667
 0.27272727 0.89473684 0.89473684 0.09677419 0.42857143 0.375
 0.23809524 0.13043478 1.         0.8        0.85714286 0.71428571
 0.57142857 0.95238095 0.         1.         0.31578947 0.4
 0.2        0.76923077 0.42222222 0.625      0.75       1.
 1.         0.25       0.68421053 0.83333333 0.05263158 0.77272727
 0.95238095 0.25       0.31578947 0.2        0.17021277 0.92307692
 0.76923077 1.         0.8        0.02439024]
,[0.1  0.7  0.05 0.25 0.15 0.   0.1  0.85 0.3  0.8  0.4  0.   0.75 0.
 0.35 0.   0.15 0.5  0.   0.2  0.85 0.75 0.55 0.1  0.5  0.8  0.95 0.8
 0.55 0.65 0.   0.45 0.   0.05 0.7  0.8  0.4  0.   0.05 0.35 0.95 0.25
 0.8  0.6  0.4  0.9  0.65 0.8  0.1  0.6  0.7  0.9  0.85 0.7  0.25 0.75
 0.1  0.2  0.4  0.65 0.3  0.85 0.85 0.15 0.15 0.45 0.25 0.15 0.05 0.4
 0.9  0.75 0.2  1.   0.   0.95 0.3  0.8  0.15 1.   0.95 1.   0.6  0.15
 0.35 0.15 0.65 0.75 0.05 0.85 1.   0.05 0.3  0.05 0.8  0.6  0.5  0.2
 0.4  0.05]
,[0.11428571 0.71794872 0.06451613 0.29411765 0.24       0.
 0.14814815 0.80952381 0.38709677 0.76190476 0.36363636 0.
 0.78947368 0.         0.31818182 0.         0.26086957 0.5
 0.         0.19047619 0.61818182 0.56603774 0.53658537 0.11764706
 0.66666667 0.50793651 0.95       0.84210526 0.46808511 0.61904762
 0.         0.5625     0.         0.08       0.41176471 0.88888889
 0.34042553 0.         0.0952381  0.5        0.51351351 0.3030303
 0.72727273 0.48979592 0.47058824 0.66666667 0.7027027  0.7804878
 0.05405405 0.70588235 0.48275862 0.67924528 0.73913043 0.73684211
 0.34482759 0.46875    0.08888889 0.32       0.44444444 0.59090909
 0.28571429 0.87179487 0.87179487 0.11764706 0.22222222 0.40909091
 0.24390244 0.13953488 0.0952381  0.53333333 0.87804878 0.73170732
 0.2962963  0.97560976 0.         0.97435897 0.30769231 0.53333333
 0.17142857 0.86956522 0.58461538 0.76923077 0.66666667 0.26086957
 0.51851852 0.1875     0.66666667 0.78947368 0.05128205 0.80952381
 0.97560976 0.08333333 0.30769231 0.08       0.28070175 0.72727273
 0.60606061 0.33333333 0.53333333 0.03278689]
