mACC, mP, mR, mF1, ACC, P, R, F1
0.674,0.6957202410186355,0.674,0.664919673982066
,[ 7 16 11 19 15 13 14 17 12 17  5 17 13 15  4  1 16  5 15  6 15 17 15  6
  8 17 19 15 18 15 16 11 14 13 15 16  9  5 17 17 19  8 15 11 12 17 13 17
 13 14 15 16 16 17 10 16 16 15 13 15  9 16 19 12  8  1  2  7 11 18 19 18
  6 19 16 18 10 18  4 19 15 19 15 12  8 12 12 13 15 16 20 16  9 11 16 16
 20 18 17 14]
,[0.26923077 0.69565217 0.78571429 0.5        0.65217391 0.37142857
 0.56       0.77272727 0.85714286 0.73913043 0.29411765 0.48571429
 1.         0.68181818 1.         0.1        0.66666667 0.45454545
 0.57692308 0.75       0.48387097 0.77272727 0.65217391 0.5
 0.8        0.85       0.76       0.9375     0.51428571 0.51724138
 0.94117647 0.78571429 0.58333333 0.86666667 0.57692308 1.
 0.64285714 0.33333333 0.68       0.73913043 0.7037037  0.61538462
 0.78947368 0.64705882 0.8        0.65384615 0.52       0.70833333
 0.76470588 0.93333333 0.83333333 0.66666667 0.72727273 0.77272727
 0.83333333 0.38095238 0.76190476 0.88235294 0.76470588 0.83333333
 0.47368421 0.88888889 0.82608696 0.38709677 0.88888889 0.09090909
 0.4        0.7        0.84615385 0.85714286 0.95       0.85714286
 0.5        0.86363636 0.76190476 0.9        0.37037037 0.7826087
 0.8        0.7037037  0.83333333 1.         0.83333333 0.8
 0.66666667 0.8        0.75       0.65       0.83333333 0.88888889
 0.90909091 0.53333333 0.34615385 0.44       0.76190476 0.88888889
 0.60606061 0.85714286 1.         0.58333333]
,[0.35 0.8  0.55 0.95 0.75 0.65 0.7  0.85 0.6  0.85 0.25 0.85 0.65 0.75
 0.2  0.05 0.8  0.25 0.75 0.3  0.75 0.85 0.75 0.3  0.4  0.85 0.95 0.75
 0.9  0.75 0.8  0.55 0.7  0.65 0.75 0.8  0.45 0.25 0.85 0.85 0.95 0.4
 0.75 0.55 0.6  0.85 0.65 0.85 0.65 0.7  0.75 0.8  0.8  0.85 0.5  0.8
 0.8  0.75 0.65 0.75 0.45 0.8  0.95 0.6  0.4  0.05 0.1  0.35 0.55 0.9
 0.95 0.9  0.3  0.95 0.8  0.9  0.5  0.9  0.2  0.95 0.75 0.95 0.75 0.6
 0.4  0.6  0.6  0.65 0.75 0.8  1.   0.8  0.45 0.55 0.8  0.8  1.   0.9
 0.85 0.7 ]
,[0.30434783 0.74418605 0.64705882 0.65517241 0.69767442 0.47272727
 0.62222222 0.80952381 0.70588235 0.79069767 0.27027027 0.61818182
 0.78787879 0.71428571 0.33333333 0.06666667 0.72727273 0.32258065
 0.65217391 0.42857143 0.58823529 0.80952381 0.69767442 0.375
 0.53333333 0.85       0.84444444 0.83333333 0.65454545 0.6122449
 0.86486486 0.64705882 0.63636364 0.74285714 0.65217391 0.88888889
 0.52941176 0.28571429 0.75555556 0.79069767 0.80851064 0.48484848
 0.76923077 0.59459459 0.68571429 0.73913043 0.57777778 0.77272727
 0.7027027  0.8        0.78947368 0.72727273 0.76190476 0.80952381
 0.625      0.51612903 0.7804878  0.81081081 0.7027027  0.78947368
 0.46153846 0.84210526 0.88372093 0.47058824 0.55172414 0.06451613
 0.16       0.46666667 0.66666667 0.87804878 0.95       0.87804878
 0.375      0.9047619  0.7804878  0.9        0.42553191 0.8372093
 0.32       0.80851064 0.78947368 0.97435897 0.78947368 0.68571429
 0.5        0.68571429 0.66666667 0.65       0.78947368 0.84210526
 0.95238095 0.64       0.39130435 0.48888889 0.7804878  0.84210526
 0.75471698 0.87804878 0.91891892 0.63636364]
